StartTime,StartEpoch,BW,EndTime,EndEpoch,CPULoad1m,CPULoad5m,CPULoad5m,NetDevRX,NetDevTX,IRQens2-0,IRQens2-1,IRQens2-2,IRQens2-3,IRQens2-4,IRQens2-5,IRQens2-6,IRQens2-7,user,nice,system,idle,iowait
,irq,softirq,steal,guest,guest_nice,MemTotal,MemFree,MemAvailable,Buffers,Cached
2018-05-01_15-27-11.737388786,1525181231.738948921,39.039026,2018-05-01_15-27-11.988932991,1525181231.990430758,0.04,0.04,0.05,264815946674,568417109879388,1007356407,1081876779,1053419896,1049488540,0,0,0,0,294012,27,9948290,254340457,29916,0,3282768,0,44510,0,32805052,29222556,30445944,948,1578032
2018-05-01_15-27-42.027080566,1525181262.028647309,39.040523,2018-05-01_15-27-42.278607425,1525181262.280125740,0.02,0.04,0.05,264815947866,568417109881400,1007356411,1081876779,1053419906,1049488540,0,0,0,0,294041,27,9948300,254364637,29917,0,3282768,0,44511,0,32805052,29222772,30445896,948,1578028
2018-05-01_15-28-12.317488097,1525181292.319081000,39.051927,2018-05-01_15-28-12.569395139,1525181292.570988570,0.01,0.03,0.05,264815949352,568417109883206,1007356424,1081876779,1053419906,1049488540,0,0,0,0,294071,27,9948311,254388811,29920,0,3282768,0,44512,0,32805052,29222404,30445500,948,1578024
2018-05-01_15-28-42.607924069,1525181322.609526560,39.010690,2018-05-01_15-28-42.859629466,1525181322.861144706,0.01,0.03,0.05,264815950250,568417109884232,1007356428,1081876779,1053419906,1049488560,0,0,0,0,294107,27,9948320,254412981,29924,0,3282768,0,44519,0,32805052,29222984,30446604,948,1578024
2018-05-01_15-29-12.898333834,1525181352.899903813,39.036899,2018-05-01_15-29-13.149991063,1525181353.151537520,0.00,0.03,0.05,264815951442,568417109885616,1007356432,1081876799,1053419906,1049488560,0,0,0,0,294136,27,9948331,254437161,29924,0,3282768,0,44519,0,32805052,29222988,30446104,948,1578024
2018-05-01_15-29-43.188689615,1525181383.190276488,39.069916,2018-05-01_15-29-43.440220455,1525181383.441732304,0.00,0.02,0.05,264815952634,568417109887000,1007356454,1081876799,1053419906,1049488560,0,0,0,0,294165,27,9948340,254461341,29926,0,3282768,0,44520,0,32805052,29222692,30446332,948,1578024
2018-05-01_15-30-13.478535317,1525181413.480110731,39.062178,2018-05-01_15-30-13.730238462,1525181413.731763534,0.00,0.02,0.05,264815953826,568417109888384,1007356458,1081876799,1053419926,1049488560,0,0,0,0,294201,27,9948352,254485514,29926,0,3282768,0,44526,0,32805052,29222468,30446116,948,1578032
2018-05-01_15-30-43.768557575,1525181443.770132982,39.012344,2018-05-01_15-30-44.020107641,1525181444.021618665,0.00,0.02,0.05,264815955018,568417109889768,1007356462,1081876809,1053419926,1049488560,0,0,0,0,294229,27,9948361,254509697,29926,0,3282768,0,44526,0,32805052,29222756,30446364,948,1578036
2018-05-01_15-31-14.058504009,1525181474.060074605,39.035596,2018-05-01_15-31-14.310040260,1525181474.311556528,0.00,0.02,0.05,264815956210,568417109891088,1007356466,1081876809,1053419926,1049488570,0,0,0,0,294259,27,9948372,254533876,29927,0,3282768,0,44527,0,32805052,29223464,30446596,948,1578036
2018-05-01_15-31-44.348389275,1525181504.349975842,39.035833,2018-05-01_15-31-44.599961699,1525181504.601464409,0.00,0.01,0.05,264815957402,568417109892536,1007356470,1081876819,1053419926,1049488570,0,0,0,0,294287,27,9948382,254558059,29927,0,3282769,0,44527,0,32805052,29222188,30445044,948,1578036
2018-05-01_15-32-14.638834025,1525181534.640417382,39.036860,2018-05-01_15-32-14.890841930,1525181534.892393517,0.00,0.01,0.05,264815958594,568417109893920,1007356474,1081876819,1053419926,1049488580,0,0,0,0,294318,27,9948395,254582236,29928,0,3282769,0,44528,0,32805052,29207784,30430888,948,1578044
2018-05-01_15-32-44.929774618,1525181564.931393610,39.068102,2018-05-01_15-32-45.181833895,1525181565.183382337,0.00,0.01,0.05,264815959786,568417109895920,1007356496,1081876819,1053419926,1049488580,0,0,0,0,294359,27,9948407,254606402,29929,0,3282769,0,44539,0,32805052,29207764,30430876,948,1578048
2018-05-01_15-33-15.220848551,1525181595.222436843,39.059317,2018-05-01_15-33-15.472673170,1525181595.474204917,0.00,0.01,0.05,264815960978,568417109898728,1007356500,1081876819,1053419946,1049488580,0,0,0,0,294388,27,9948418,254630582,29930,0,3282769,0,44540,0,32805052,29207056,30430208,948,1578056
2018-05-01_15-33-45.511702459,1525181625.513316990,39.041187,2018-05-01_15-33-45.763789185,1525181625.765316160,0.00,0.01,0.05,264815962170,568417109902152,1007356504,1081876819,1053419946,1049488599,0,0,0,0,294424,27,9948429,254654749,29935,0,3282769,0,44545,0,32805052,29207156,30430020,948,1578064
2018-05-01_15-34-15.802754036,1525181655.804365279,39.054259,2018-05-01_15-34-16.055141042,1525181656.056675201,0.00,0.01,0.05,264815963362,568417109904874,1007356514,1081876839,1053419946,1049488602,0,0,0,0,294461,27,9948443,254678917,29937,0,3282769,0,44551,0,32805052,29206388,30430532,948,1578068
2018-05-01_15-34-46.093589465,1525181686.095172698,39.028917,2018-05-01_15-34-46.345109932,1525181686.346643661,0.00,0.01,0.05,264815964554,568417109907652,1007356521,1081876839,1053419956,1049488602,0,0,0,0,294490,27,9948453,254703094,29940,0,3282769,0,44552,0,32805052,29208368,30431512,948,1578068
2018-05-01_15-35-16.383752928,1525181716.385314572,39.062363,2018-05-01_15-35-16.635179680,1525181716.636736234,0.00,0.01,0.05,264815965746,568417109910730,1007356534,1081876839,1053419956,1049488602,0,0,0,0,294524,27,9948466,254727266,29941,0,3282769,0,44557,0,32805052,29220904,30444304,948,1578060
2018-05-01_15-35-46.674405550,1525181746.676019352,39.051709,2018-05-01_15-35-46.926298681,1525181746.927843131,0.00,0.01,0.05,264815966938,568417109912806,1007356538,1081876839,1053419977,1049488602,0,0,0,0,294554,27,9948475,254751445,29942,0,3282769,0,44558,0,32805052,29219580,30443528,948,1578064
2018-05-01_15-36-16.965261509,1525181776.966846059,39.056266,2018-05-01_15-36-17.217391055,1525181777.219016125,0.00,0.01,0.05,264815968130,568417109914190,1007356561,1081876839,1053419977,1049488602,0,0,0,0,294584,27,9948486,254775623,29945,0,3282770,0,44559,0,32805052,29221652,30444504,948,1578064
2018-05-01_15-36-47.256664738,1525181807.258285255,39.038483,2018-05-01_15-36-47.508689838,1525181807.510212229,0.00,0.01,0.05,264815969322,568417109915574,1007356565,1081876839,1053419977,1049488612,0,0,0,0,294619,27,9948496,254799793,29950,0,3282770,0,44566,0,32805052,29221036,30444428,948,1578064
2018-05-01_15-37-17.547366391,1525181837.548961041,39.038042,2018-05-01_15-37-17.799118733,1525181837.800638362,0.00,0.01,0.05,264815970514,568417109916894,1007356569,1081876849,1053419977,1049488612,0,0,0,0,294648,27,9948508,254823973,29950,0,3282770,0,44567,0,32805052,29221276,30444704,948,1578068
2018-05-01_15-37-47.838035249,1525181867.839621478,39.039840,2018-05-01_15-37-48.089998446,1525181868.091537384,0.00,0.01,0.05,264815971706,568417109918342,1007356582,1081876849,1053419977,1049488612,0,0,0,0,294677,27,9948518,254848153,29952,0,3282770,0,44567,0,32805052,29220708,30444124,948,1578068
2018-05-01_15-38-18.128600253,1525181898.130193430,39.044375,2018-05-01_15-38-18.380571117,1525181898.382119070,0.00,0.01,0.05,264815972898,568417109919726,1007356586,1081876849,1053419987,1049488612,0,0,0,0,294706,27,9948528,254872331,29954,0,3282770,0,44568,0,32805052,29221012,30444116,948,1578068
2018-05-01_15-38-48.419160243,1525181928.420759931,39.033353,2018-05-01_15-38-48.670910918,1525181928.672435538,0.00,0.01,0.05,264815974090,568417109921110,1007356590,1081876869,1053419987,1049488612,0,0,0,0,294735,27,9948537,254896515,29954,0,3282770,0,44569,0,32805052,29222328,30445200,948,1578068
2018-05-01_15-39-18.709374968,1525181958.710957969,39.050642,2018-05-01_15-39-18.961065606,1525181958.962602161,0.00,0.01,0.05,264815975282,568417109922494,1007356594,1081876869,1053419987,1049488632,0,0,0,0,294765,27,9948548,254920697,29954,0,3282770,0,44569,0,32805052,29221756,30444924,948,1578068
2018-05-01_15-39-48.999834660,1525181989.001383917,39.045374,2018-05-01_15-39-49.251367388,1525181989.252884481,0.00,0.01,0.05,264815976474,568417109923878,1007356598,1081876869,1053420007,1049488632,0,0,0,0,294793,27,9948556,254944881,29954,0,3282771,0,44570,0,32805052,29222684,30445772,948,1578068
2018-05-01_15-40-19.289708079,1525182019.291324785,39.047375,2018-05-01_15-40-19.541418053,1525182019.542943764,0.00,0.01,0.05,264815977666,568417109925198,1007356620,1081876869,1053420007,1049488632,0,0,0,0,294832,27,9948570,254969050,29954,0,3282771,0,44576,0,32805052,29207996,30431180,948,1578084
2018-05-01_15-40-49.580567564,1525182049.582189616,39.061072,2018-05-01_15-40-49.832755822,1525182049.834302132,0.00,0.01,0.05,264815978858,568417109927582,1007356624,1081876869,1053420007,1049488646,0,0,0,0,294873,27,9948582,254993211,29960,0,3282771,0,44588,0,32805052,29206992,30430168,948,1578092
2018-05-01_15-41-19.871471365,1525182079.873073175,39.045272,2018-05-01_15-41-20.123066202,1525182080.124398324,0.00,0.01,0.05,264815980050,568417109930070,1007356628,1081876879,1053420007,1049488648,0,0,0,0,294907,27,9948595,255017387,29960,0,3282771,0,44589,0,32805052,29200316,30423776,948,1578092
2018-05-01_15-41-50.162040935,1525182110.163647547,39.051752,2018-05-01_15-41-50.414246868,1525182110.415786560,0.00,0.01,0.05,264815981242,568417109933148,1007356641,1081876879,1053420007,1049488648,0,0,0,0,294956,27,9948608,255041543,29965,0,3282771,0,44595,0,32805052,29198952,30422080,948,1578100
2018-05-01_15-42-20.452939794,1525182140.454547422,39.060219,2018-05-01_15-42-20.704682020,1525182140.706220554,0.00,0.01,0.05,264815982434,568417109936160,1007356645,1081876879,1053420017,1049488648,0,0,0,0,294992,27,9948623,255065711,29968,0,3282771,0,44600,0,32805052,29198620,30422108,948,1578108
2018-05-01_15-42-50.743587541,1525182170.745186787,39.061063,2018-05-01_15-42-50.995620682,1525182170.997149713,0.08,0.03,0.05,264815983626,568417109938648,1007356651,1081876898,1053420017,1049488649,0,0,0,0,295021,27,9948631,255089889,29971,0,3282771,0,44601,0,32805052,29199204,30423216,948,1578112
2018-05-01_15-43-21.034395601,1525182201.036014707,39.031043,2018-05-01_15-43-21.286274150,1525182201.287792037,0.05,0.03,0.05,264815984818,568417109941662,1007356656,1081876906,1053420017,1049488670,0,0,0,0,295054,27,9948644,255114062,29973,0,3282771,0,44606,0,32805052,29211536,30434480,948,1578104
2018-05-01_15-43-51.325539236,1525182231.327161294,38.989753,2018-05-01_15-43-51.577329511,1525182231.578866067,0.03,0.02,0.05,264815986010,568417109943456,1007356660,1081876916,1053420017,1049488670,0,0,0,0,295083,27,9948654,255138241,29975,0,3282771,0,44608,0,32805052,29211916,30435408,948,1578104
2018-05-01_15-44-21.615882558,1525182261.617447579,39.058342,2018-05-01_15-44-21.867530496,1525182261.869064927,0.18,0.05,0.06,264815987202,568417109944840,1007356664,1081876916,1053420017,1049488680,0,0,0,0,295111,27,9948667,255162418,29977,0,3282771,0,44608,0,32805052,29211420,30434908,948,1578104
2018-05-01_15-44-51.906597361,1525182291.908178063,39.035480,2018-05-01_15-44-52.158365384,1525182292.159912716,0.11,0.05,0.05,264815988394,568417109946224,1007356687,1081876916,1053420017,1049488680,0,0,0,0,295140,27,9948678,255186597,29980,0,3282771,0,44609,0,32805052,29211624,30434828,948,1578104
2018-05-01_15-45-22.197067381,1525182322.198687970,39.031668,2018-05-01_15-45-22.448786905,1525182322.450328741,0.06,0.04,0.05,264815989586,568417109947608,1007356691,1081876916,1053420037,1049488680,0,0,0,0,295177,27,9948688,255210770,29982,0,3282771,0,44616,0,32805052,29211700,30434852,948,1578104
2018-05-01_15-45-52.487725472,1525182352.489304296,39.039040,2018-05-01_15-45-52.739905376,1525182352.741435198,0.04,0.04,0.05,264815990778,568417109948992,1007356695,1081876916,1053420037,1049488701,0,0,0,0,295206,27,9948698,255234949,29987,0,3282771,0,44617,0,32805052,29210696,30433924,948,1578108
2018-05-01_15-46-22.778625605,1525182382.780217741,39.036216,2018-05-01_15-46-23.030775295,1525182383.032321182,0.02,0.04,0.05,264815991970,568417109950312,1007356699,1081876936,1053420037,1049488701,0,0,0,0,295235,27,9948708,255259130,29987,0,3282771,0,44618,0,32805052,29211492,30435224,948,1578108
2018-05-01_15-46-53.069391748,1525182413.070972226,39.023296,2018-05-01_15-46-53.321267176,1525182413.322796687,0.01,0.03,0.05,264815993456,568417109952118,1007356703,1081876936,1053420047,1049488701,0,0,0,0,295264,27,9948717,255283313,29988,0,3282772,0,44618,0,32805052,29211976,30435188,948,1578108
2018-05-01_15-47-23.359998183,1525182443.361591848,39.043517,2018-05-01_15-47-23.611622182,1525182443.613140453,0.01,0.03,0.05,264815994354,568417109953144,1007356716,1081876936,1053420047,1049488701,0,0,0,0,295293,27,9948727,255307493,29990,0,3282772,0,44619,0,32805052,29212492,30436208,948,1578112
2018-05-01_15-47-53.650251715,1525182473.651807791,39.058982,2018-05-01_15-47-53.901909571,1525182473.903430566,0.08,0.04,0.05,264815995546,568417109954528,1007356720,1081876946,1053420047,1049488701,0,0,0,0,295324,27,9948740,255331670,29991,0,3282772,0,44619,0,32805052,29199924,30423332,948,1578120
2018-05-01_15-48-23.940321050,1525182503.941895861,39.029644,2018-05-01_15-48-24.191995631,1525182504.193513100,0.11,0.06,0.05,264815996738,568417109955912,1007356724,1081876946,1053420047,1049488711,0,0,0,0,295353,27,9948750,255355854,29991,0,3282772,0,44620,0,32805052,29200344,30423680,948,1578120
2018-05-01_15-48-54.230411895,1525182534.231984109,39.049978,2018-05-01_15-48-54.482010734,1525182534.483547678,0.06,0.05,0.05,264815997930,568417109958644,1007356747,1081876946,1053420047,1049488711,0,0,0,0,295388,27,9948763,255380026,29992,0,3282772,0,44624,0,32805052,29198940,30422440,948,1578124
2018-05-01_15-49-24.520466388,1525182564.522063995,38.987946,2018-05-01_15-49-24.772107213,1525182564.773637458,0.04,0.04,0.05,264815999122,568417109960374,1007356751,1081876946,1053420068,1049488711,0,0,0,0,295420,27,9948775,255404200,29997,0,3282772,0,44625,0,32805052,29197956,30421440,948,1578124
2018-05-01_15-49-54.811006016,1525182594.812584035,38.974624,2018-05-01_15-49-55.062899444,1525182595.064437191,0.20,0.09,0.06,264816000314,568417109964426,1007356755,1081876946,1053420068,1049488731,0,0,0,0,295458,27,9948788,255428367,29997,0,3282772,0,44635,0,32805052,29198144,30421644,948,1578128
2018-05-01_15-50-25.101455278,1525182625.103086913,39.041032,2018-05-01_15-50-25.353547041,1525182625.355210108,0.12,0.08,0.06,264816001506,568417109967568,1007356763,1081876966,1053420070,1049488731,0,0,0,0,295501,27,9948803,255452526,30001,0,3282772,0,44646,0,32805052,29195196,30418984,948,1578148
2018-05-01_15-50-55.392484625,1525182655.394070657,39.010883,2018-05-01_15-50-55.644704679,1525182655.646294927,0.07,0.07,0.05,264816002698,568417109969644,1007356769,1081876966,1053420080,1049488731,0,0,0,0,295531,27,9948815,255476697,30008,0,3282772,0,44646,0,32805052,29209020,30431992,948,1578148
2018-05-01_15-51-25.683517095,1525182685.685112686,39.055714,2018-05-01_15-51-25.935185745,1525182685.936714064,0.11,0.08,0.06,264816003890,568417109972722,1007356790,1081876968,1053420081,1049488731,0,0,0,0,295563,27,9948824,255500870,30012,0,3282772,0,44652,0,32805052,29209812,30433260,948,1578152
2018-05-01_15-51-55.973563028,1525182715.975164840,39.061019,2018-05-01_15-51-56.225175138,1525182716.226729500,0.06,0.07,0.05,264816005082,568417109974452,1007356794,1081876968,1053420102,1049488731,0,0,0,0,295594,27,9948835,255525046,30014,0,3282772,0,44653,0,32805052,29210272,30433428,948,1578152
2018-05-01_15-52-26.263654055,1525182746.265237055,39.054778,2018-05-01_15-52-26.515113239,1525182746.516613762,0.04,0.07,0.05,264816006274,568417109975836,1007356817,1081876968,1053420102,1049488731,0,0,0,0,295623,27,9948843,255549225,30017,0,3282772,0,44654,0,32805052,29210604,30434116,948,1578152
2018-05-01_15-52-56.553542522,1525182776.555121813,39.039341,2018-05-01_15-52-56.805190035,1525182776.806735802,0.10,0.08,0.05,264816007466,568417109977156,1007356821,1081876968,1053420102,1049488741,0,0,0,0,295652,27,9948853,255573402,30020,0,3282772,0,44655,0,32805052,29213036,30436516,948,1578152
2018-05-01_15-53-26.843568943,1525182806.845165461,39.065399,2018-05-01_15-53-27.095154147,1525182807.096660833,0.13,0.08,0.06,264816008658,568417109978604,1007356825,1081876978,1053420102,1049488741,0,0,0,0,295682,27,9948862,255597585,30020,0,3282772,0,44655,0,32805052,29214028,30437148,948,1578152
2018-05-01_15-53-57.133578897,1525182837.135161545,39.040600,2018-05-01_15-53-57.385150131,1525182837.386672284,0.08,0.08,0.05,264816009850,568417109979988,1007356838,1081876978,1053420102,1049488741,0,0,0,0,295718,27,9948874,255621756,30022,0,3282772,0,44663,0,32805052,29213232,30436664,948,1578152
2018-05-01_15-54-27.423735007,1525182867.425324746,39.039442,2018-05-01_15-54-27.675453858,1525182867.676975136,0.13,0.09,0.05,264816011042,568417109981372,1007356842,1081876978,1053420112,1049488741,0,0,0,0,295747,27,9948883,255645939,30023,0,3282772,0,44664,0,32805052,29213872,30437388,948,1578156
2018-05-01_15-54-57.713984854,1525182897.715551539,38.972060,2018-05-01_15-54-57.965535489,1525182897.967094739,0.08,0.08,0.05,264816012234,568417109982756,1007356846,1081876998,1053420112,1049488741,0,0,0,0,295777,27,9948893,255670119,30023,0,3282772,0,44664,0,32805052,29212808,30436324,948,1578156
2018-05-01_15-55-28.004060756,1525182928.005636556,39.052218,2018-05-01_15-55-28.255661869,1525182928.257244708,0.05,0.07,0.05,264816013426,568417109984140,1007356850,1081876998,1053420112,1049488760,0,0,0,0,295806,27,9948903,255694302,30023,0,3282772,0,44665,0,32805052,29212476,30435440,948,1578156
2018-05-01_15-55-58.294403972,1525182958.295966170,39.050652,2018-05-01_15-55-58.546268620,1525182958.547778919,0.03,0.06,0.05,264816014618,568417109985460,1007356855,1081876998,1053420131,1049488760,0,0,0,0,295837,27,9948916,255718480,30023,0,3282772,0,44666,0,32805052,29198160,30421892,948,1578164
2018-05-01_15-56-28.584541470,1525182988.586098527,39.043406,2018-05-01_15-56-28.835913728,1525182988.837444550,0.02,0.06,0.05,264816015810,568417109986908,1007356878,1081876998,1053420131,1049488760,0,0,0,0,295866,27,9948925,255742664,30023,0,3282772,0,44667,0,32805052,29199536,30422800,948,1578164
2018-05-01_15-56-58.874372831,1525183018.875959413,39.023209,2018-05-01_15-56-59.125909799,1525183019.127410534,0.01,0.05,0.05,264816017002,568417109990332,1007356882,1081876998,1053420136,1049488770,0,0,0,0,295900,27,9948938,255766836,30024,0,3282772,0,44671,0,32805052,29200112,30423652,948,1578164
2018-05-01_15-57-29.164443799,1525183049.166039918,39.070538,2018-05-01_15-57-29.416100854,1525183049.417611226,0.01,0.05,0.05,264816018194,568417109992930,1007356886,1081877008,1053420136,1049488770,0,0,0,0,295935,27,9948950,255791004,30030,0,3282773,0,44676,0,32805052,29200580,30424328,948,1578172
2018-05-01_15-57-59.454668679,1525183079.456262421,39.039743,2018-05-01_15-57-59.706185159,1525183079.707705493,0.00,0.04,0.05,264816019386,568417109995486,1007356899,1081877008,1053420136,1049488770,0,0,0,0,295970,27,9948961,255815177,30030,0,3282773,0,44683,0,32805052,29199836,30422844,948,1578172
2018-05-01_15-58-29.745327735,1525183109.746908956,39.042500,2018-05-01_15-58-29.997391945,1525183109.998994573,0.00,0.04,0.05,264816020578,568417109998910,1007356904,1081877017,1053420147,1049488771,0,0,0,0,296007,27,9948974,255839345,30032,0,3282773,0,44689,0,32805052,29206960,30429940,948,1578176
2018-05-01_15-59-00.036723732,1525183140.038343234,39.053246,2018-05-01_15-59-00.288565308,1525183140.290109112,0.00,0.04,0.05,264816021770,568417110001884,1007356908,1081877038,1053420147,1049488771,0,0,0,0,296042,27,9948988,255863510,30039,0,3282773,0,44695,0,32805052,29219504,30443556,948,1578168
2018-05-01_15-59-30.327127242,1525183170.328730714,39.063367,2018-05-01_15-59-30.578923766,1525183170.580446602,0.00,0.03,0.05,264816022962,568417110004756,1007356912,1081877038,1053420147,1049488794,0,0,0,0,296071,27,9948998,255887689,30041,0,3282773,0,44696,0,32805052,29221608,30445064,948,1578172
2018-05-01_16-00-00.617354113,1525183200.618909945,39.032898,2018-05-01_16-00-00.868926858,1525183200.870481400,0.00,0.03,0.05,264816024154,568417110006486,1007356915,1081877049,1053420147,1049488794,0,0,0,0,296103,27,9949011,255911862,30043,0,3282773,0,44698,0,32805052,29220340,30443884,948,1578204
2018-05-01_16-00-30.907497617,1525183230.909093228,39.027368,2018-05-01_16-00-31.159487515,1525183231.161040679,0.00,0.03,0.05,264816025346,568417110007870,1007356919,1081877049,1053420147,1049488804,0,0,0,0,296139,27,9949022,255936031,30049,0,3282773,0,44704,0,32805052,29221144,30444744,948,1578212
2018-05-01_16-01-01.198092894,1525183261.199696967,39.001152,2018-05-01_16-01-01.449792506,1525183261.451328818,0.00,0.02,0.05,264816026538,568417110009254,1007356942,1081877049,1053420147,1049488804,0,0,0,0,296175,27,9949033,255960202,30050,0,3282773,0,44710,0,32805052,29221572,30445156,948,1578220
2018-05-01_16-01-31.488378748,1525183291.489989612,39.030404,2018-05-01_16-01-31.740031849,1525183291.741555244,0.00,0.02,0.05,264816027730,568417110010638,1007356946,1081877049,1053420166,1049488804,0,0,0,0,296204,27,9949045,255984382,30050,0,3282773,0,44711,0,32805052,29222436,30445652,948,1578228
2018-05-01_16-02-01.778537126,1525183321.780123395,39.044293,2018-05-01_16-02-02.030295162,1525183322.031835207,0.08,0.03,0.05,264816028922,568417110011958,1007356950,1081877049,1053420166,1049488825,0,0,0,0,296233,27,9949054,256008558,30054,0,3282773,0,44712,0,32805052,29222536,30445200,948,1578228
2018-05-01_16-02-32.069078202,1525183352.070693366,39.039215,2018-05-01_16-02-32.320665790,1525183352.322178286,0.05,0.03,0.05,264816030408,568417110013764,1007356954,1081877070,1053420166,1049488825,0,0,0,0,296270,27,9949066,256032730,30056,0,3282773,0,44721,0,32805052,29221212,30444812,948,1578228
2018-05-01_16-03-02.359885458,1525183382.361445547,39.034046,2018-05-01_16-03-02.611815800,1525183382.613332941,0.03,0.03,0.05,264816031306,568417110014790,1007356958,1081877070,1053420176,1049488825,0,0,0,0,296299,27,9949076,256056907,30058,0,3282773,0,44722,0,32805052,29219656,30442732,948,1578232
2018-05-01_16-03-32.650536967,1525183412.652097390,39.034341,2018-05-01_16-03-32.902238252,1525183412.903782031,0.02,0.03,0.05,264816032498,568417110016174,1007356971,1081877070,1053420176,1049488825,0,0,0,0,296327,27,9949085,256081090,30058,0,3282773,0,44722,0,32805052,29220012,30443824,948,1578232
2018-05-01_16-04-02.940859834,1525183442.942438125,38.986115,2018-05-01_16-04-03.192423593,1525183443.193951935,0.01,0.02,0.05,264816033690,568417110017558,1007356975,1081877070,1053420186,1049488825,0,0,0,0,296359,27,9949097,256105267,30059,0,3282773,0,44723,0,32805052,29209076,30432440,948,1578244
2018-05-01_16-04-33.230922264,1525183473.232482684,39.067330,2018-05-01_16-04-33.482315717,1525183473.483827292,0.01,0.02,0.05,264816034882,568417110018942,1007356988,1081877070,1053420186,1049488825,0,0,0,0,296387,27,9949106,256129451,30059,0,3282773,0,44724,0,32805052,29208640,30432528,948,1578244
2018-05-01_16-05-03.520742190,1525183503.522335740,39.052703,2018-05-01_16-05-03.772642684,1525183503.774171782,0.00,0.02,0.05,264816036074,568417110022020,1007356992,1081877071,1053420188,1049488845,0,0,0,0,296425,27,9949119,256153622,30060,0,3282773,0,44729,0,32805052,29208592,30432136,948,1578244
2018-05-01_16-05-33.811364621,1525183533.812981991,39.040053,2018-05-01_16-05-34.063331059,1525183534.064865210,0.00,0.01,0.05,264816037266,568417110024902,1007356996,1081877097,1053420190,1049488846,0,0,0,0,296460,27,9949132,256177788,30067,0,3282773,0,44735,0,32805052,29207356,30430984,948,1578248
2018-05-01_16-06-04.102242074,1525183564.103833709,39.040620,2018-05-01_16-06-04.354265423,1525183564.355790539,0.00,0.01,0.05,264816038458,568417110027866,1007357020,1081877103,1053420190,1049488846,0,0,0,0,296496,27,9949145,256201959,30068,0,3282773,0,44742,0,32805052,29206872,30431028,948,1578252
2018-05-01_16-06-34.393055434,1525183594.394682461,39.065026,2018-05-01_16-06-34.644843717,1525183594.646363797,0.00,0.01,0.05,264816039650,568417110031290,1007357024,1081877104,1053420222,1049488846,0,0,0,0,296533,27,9949157,256226129,30069,0,3282773,0,44749,0,32805052,29207320,30430408,948,1578260
2018-05-01_16-07-04.684011093,1525183624.685635272,39.062814,2018-05-01_16-07-04.936053890,1525183624.937585055,0.00,0.01,0.05,264816040842,568417110034582,1007357028,1081877114,1053420222,1049488847,0,0,0,0,296566,27,9949168,256250298,30073,0,3282773,0,44754,0,32805052,29219228,30442868,948,1578252
2018-05-01_16-07-34.974959582,1525183654.976532525,39.024937,2018-05-01_16-07-35.226658364,1525183655.228181589,0.00,0.01,0.05,264816042034,568417110036790,1007357032,1081877114,1053420222,1049488856,0,0,0,0,296594,27,9949178,256274479,30074,0,3282773,0,44755,0,32805052,29221020,30444380,948,1578252
2018-05-01_16-08-05.265065012,1525183685.266658602,39.043188,2018-05-01_16-08-05.516806792,1525183685.518327172,0.00,0.01,0.05,264816043226,568417110038174,1007357036,1081877135,1053420222,1049488856,0,0,0,0,296626,27,9949190,256298657,30075,0,3282773,0,44757,0,32805052,29220956,30444312,948,1578260
2018-05-01_16-08-35.555430530,1525183715.557029524,39.037979,2018-05-01_16-08-35.807165784,1525183715.808708625,0.00,0.01,0.05,264816044418,568417110039494,1007357040,1081877135,1053420222,1049488876,0,0,0,0,296653,27,9949199,256322836,30078,0,3282773,0,44757,0,32805052,29221100,30444700,948,1578260
2018-05-01_16-09-05.845642343,1525183745.847212860,39.065535,2018-05-01_16-09-06.097055010,1525183746.098563028,0.00,0.01,0.05,264816045610,568417110040942,1007357054,1081877135,1053420222,1049488876,0,0,0,0,296682,27,9949209,256347016,30078,0,3282774,0,44757,0,32805052,29221448,30445080,948,1578260
2018-05-01_16-09-36.135390304,1525183776.136965784,39.022251,2018-05-01_16-09-36.386874521,1525183776.388388708,0.00,0.01,0.05,264816046802,568417110042326,1007357058,1081877135,1053420232,1049488876,0,0,0,0,296710,27,9949218,256371201,30078,0,3282774,0,44758,0,32805052,29221260,30445012,948,1578260
2018-05-01_16-10-06.425350144,1525183806.426933801,39.051704,2018-05-01_16-10-06.676949569,1525183806.678477289,0.00,0.01,0.05,264816047994,568417110043710,1007357062,1081877135,1053420232,1049488886,0,0,0,0,296752,27,9949232,256395365,30080,0,3282774,0,44770,0,32805052,29221432,30444832,948,1578268
2018-05-01_16-10-36.715584615,1525183836.717169754,39.034283,2018-05-01_16-10-36.967232685,1525183836.968758490,0.00,0.01,0.05,264816049186,568417110045094,1007357066,1081877144,1053420232,1049488886,0,0,0,0,296780,27,9949242,256419546,30082,0,3282774,0,44772,0,32805052,29222428,30445480,948,1578276
2018-05-01_16-11-07.005749178,1525183867.007340284,39.071615,2018-05-01_16-11-07.257320666,1525183867.258978922,0.08,0.03,0.05,264816050378,568417110046478,1007357070,1081877144,1053420252,1049488886,0,0,0,0,296810,27,9949253,256443721,30088,0,3282774,0,44772,0,32805052,29221476,30444868,948,1578276
2018-05-01_16-11-37.296186826,1525183897.297759222,39.063595,2018-05-01_16-11-37.547725634,1525183897.549246337,0.05,0.03,0.05,264816051570,568417110047798,1007357094,1081877144,1053420252,1049488886,0,0,0,0,296839,27,9949261,256467903,30088,0,3282774,0,44773,0,32805052,29221456,30445640,948,1578276
2018-05-01_16-12-07.586195420,1525183927.587797020,39.032172,2018-05-01_16-12-07.837927597,1525183927.839457064,0.03,0.03,0.05,264816052762,568417110049246,1007357098,1081877164,1053420252,1049488886,0,0,0,0,296870,27,9949273,256492080,30089,0,3282774,0,44774,0,32805052,29208736,30432760,948,1578284
2018-05-01_16-12-37.876481699,1525183957.878067974,39.063124,2018-05-01_16-12-38.131498387,1525183958.133033923,0.02,0.02,0.05,264816053954,568417110050630,1007357102,1081877164,1053420252,1049488905,0,0,0,0,296901,27,9949283,256516262,30089,0,3282774,0,44775,0,32805052,29208960,30432276,948,1578288
2018-05-01_16-13-08.170078867,1525183988.171677252,39.055146,2018-05-01_16-13-08.421714940,1525183988.423237727,0.01,0.02,0.05,264816055146,568417110054054,1007357118,1081877164,1053420252,1049488906,0,0,0,0,296935,27,9949295,256540438,30090,0,3282774,0,44781,0,32805052,29208784,30432692,948,1578288
2018-05-01_16-13-38.460366213,1525184018.461980274,38.740760,2018-05-01_16-13-38.712288911,1525184018.713815702,0.01,0.02,0.05,264816056338,568417110057412,1007357122,1081877166,1053420263,1049488914,0,0,0,0,296972,27,9949307,256564606,30095,0,3282774,0,44788,0,32805052,29209732,30433104,948,1578296
2018-05-01_16-14-08.750917579,1525184048.752500870,39.041284,2018-05-01_16-14-09.002773306,1525184049.004315823,0.00,0.01,0.05,264816057530,568417110059900,1007357128,1081877167,1053420263,1049488925,0,0,0,0,297004,27,9949321,256588778,30097,0,3282774,0,44790,0,32805052,29209704,30432848,948,1578296
2018-05-01_16-14-39.041476789,1525184079.043085573,39.047055,2018-05-01_16-14-39.293240956,1525184079.294755413,0.00,0.01,0.05,264816058722,568417110063260,1007357132,1081877178,1053420263,1049488936,0,0,0,0,297038,27,9949333,256612954,30098,0,3282774,0,44796,0,32805052,29209604,30433264,948,1578300
2018-05-01_16-15-09.332046327,1525184109.333659764,39.039588,2018-05-01_16-15-09.583885851,1525184109.585460704,0.00,0.01,0.05,264816059914,568417110066402,1007357137,1081877188,1053420284,1049488936,0,0,0,0,297081,27,9949347,256637114,30103,0,3282774,0,44810,0,32805052,29221720,30444840,948,1578300
2018-05-01_16-15-39.622551762,1525184139.624151777,39.042844,2018-05-01_16-15-39.874080038,1525184139.875581901,0.00,0.01,0.05,264816061106,568417110068478,1007357160,1081877189,1053420285,1049488936,0,0,0,0,297111,27,9949355,256661294,30105,0,3282774,0,44812,0,32805052,29221520,30445740,948,1578304
2018-05-01_16-16-09.912656925,1525184169.914247524,39.062479,2018-05-01_16-16-10.164217644,1525184170.165727336,0.00,0.01,0.05,264816062298,568417110069862,1007357164,1081877189,1053420295,1049488936,0,0,0,0,297141,27,9949367,256685469,30108,0,3282774,0,44815,0,32805052,29221928,30446152,948,1578304
2018-05-01_16-16-40.202709964,1525184200.204280815,39.067015,2018-05-01_16-16-40.454240788,1525184200.455754477,0.00,0.01,0.05,264816063490,568417110071246,1007357177,1081877189,1053420295,1049488936,0,0,0,0,297170,27,9949376,256709646,30113,0,3282774,0,44816,0,32805052,29221316,30444736,948,1578304
2018-05-01_16-17-10.492572131,1525184230.494148370,39.048277,2018-05-01_16-17-10.744040958,1525184230.745547451,0.00,0.01,0.05,264816064682,568417110072630,1007357181,1081877189,1053420295,1049488956,0,0,0,0,297201,27,9949386,256733826,30113,0,3282774,0,44817,0,32805052,29220716,30444640,948,1578304
2018-05-01_16-17-40.782411165,1525184260.783999417,39.061979,2018-05-01_16-17-41.033929207,1525184261.035450393,0.00,0.01,0.05,264816065874,568417110073950,1007357185,1081877209,1053420295,1049488956,0,0,0,0,297230,27,9949395,256758009,30113,0,3282774,0,44819,0,32805052,29221764,30445456,948,1578304
2018-05-01_16-18-11.072374076,1525184291.073964466,39.027610,2018-05-01_16-18-11.323917227,1525184291.325427522,0.00,0.01,0.05,264816067360,568417110075756,1007357209,1081877209,1053420295,1049488956,0,0,0,0,297260,27,9949407,256782189,30114,0,3282775,0,44820,0,32805052,29221796,30445756,948,1578304
2018-05-01_16-18-41.362319421,1525184321.363878666,38.608169,2018-05-01_16-18-41.613924966,1525184321.615428595,0.00,0.01,0.05,264816068258,568417110076782,1007357213,1081877209,1053420315,1049488956,0,0,0,0,297290,27,9949416,256806374,30114,0,3282775,0,44821,0,32805052,29220352,30444016,948,1578304
2018-05-01_16-19-11.652676946,1525184351.654279072,39.002153,2018-05-01_16-19-11.904715183,1525184351.906254112,0.00,0.01,0.05,264816069450,568417110078166,1007357217,1081877219,1053420315,1049488956,0,0,0,0,297320,27,9949427,256830556,30114,0,3282775,0,44823,0,32805052,29220620,30444268,948,1578304
2018-05-01_16-19-41.943286497,1525184381.944845695,39.044312,2018-05-01_16-19-42.194884070,1525184382.196400337,0.00,0.01,0.05,264816070642,568417110079550,1007357221,1081877219,1053420315,1049488966,0,0,0,0,297348,27,9949437,256854739,30114,0,3282775,0,44824,0,32805052,29222360,30445500,948,1578304
2018-05-01_16-20-12.233309133,1525184412.234896195,39.033649,2018-05-01_16-20-12.484856669,1525184412.486407685,0.00,0.01,0.05,264816071834,568417110080934,1007357244,1081877219,1053420315,1049488966,0,0,0,0,297397,27,9949457,256878898,30117,0,3282775,0,44842,0,32805052,29208136,30431840,948,1578320
2018-05-01_16-20-42.523586893,1525184442.525183506,39.037863,2018-05-01_16-20-42.775245262,1525184442.776763789,0.00,0.01,0.05,264816073026,568417110082318,1007357248,1081877219,1053420333,1049488966,0,0,0,0,297452,27,9949478,256903076,30117,0,3282775,0,44866,0,32805052,29208080,30432336,948,1578336
2018-05-01_16-21-12.813989891,1525184472.815591659,39.067204,2018-05-01_16-21-13.065559317,1525184473.067112058,0.00,0.01,0.05,264816074218,568417110085332,1007357255,1081877229,1053420333,1049488966,0,0,0,0,297544,27,9949498,256927249,30118,0,3282775,0,44930,0,32805052,29208788,30432228,948,1578336
2018-05-01_16-21-43.104534738,1525184503.106141044,39.061300,2018-05-01_16-21-43.356135971,1525184503.357643424,0.00,0.01,0.05,264816075410,568417110088820,1007357259,1081877231,1053420333,1049488977,0,0,0,0,297639,27,9949523,256951416,30122,0,3282775,0,44995,0,32805052,29208960,30432668,948,1578340
2018-05-01_16-22-13.394823376,1525184533.396391513,39.037383,2018-05-01_16-22-13.646363679,1525184533.647922481,0.00,0.01,0.05,264816076602,568417110091588,1007357263,1081877231,1053420345,1049488979,0,0,0,0,297728,27,9949550,256975589,30123,0,3282775,0,45053,0,32805052,29206284,30430296,948,1578348
2018-05-01_16-22-43.685467765,1525184563.687059677,39.063338,2018-05-01_16-22-43.937501290,1525184563.939035750,0.00,0.01,0.05,264816077794,568417110094666,1007357276,1081877231,1053420345,1049488990,0,0,0,0,297824,27,9949579,256999762,30126,0,3282775,0,45121,0,32805052,29206812,30430804,948,1578348
2018-05-01_16-23-13.976742244,1525184593.978368129,39.032123,2018-05-01_16-23-14.228574375,1525184594.230114876,0.00,0.01,0.05,264816078986,568417110098090,1007357281,1081877233,1053420345,1049489019,0,0,0,0,297900,27,9949630,257023930,30131,0,3282775,0,45167,0,32805052,29220460,30444204,948,1578344
2018-05-01_16-23-44.267277588,1525184624.268881296,39.054923,2018-05-01_16-23-44.518957359,1525184624.520476563,0.00,0.01,0.05,264816080178,568417110100166,1007357285,1081877255,1053420345,1049489019,0,0,0,0,297928,27,9949685,257048109,30133,0,3282775,0,45169,0,32805052,29220732,30444472,948,1578344
2018-05-01_16-24-14.557929652,1525184654.559557861,39.064759,2018-05-01_16-24-14.809750786,1525184654.811295749,0.00,0.01,0.05,264816081370,568417110101486,1007357289,1081877255,1053420345,1049489029,0,0,0,0,297962,27,9949698,257072277,30137,0,3282775,0,45175,0,32805052,29219904,30443504,948,1578344
2018-05-01_16-24-44.848449170,1525184684.850042019,39.058007,2018-05-01_16-24-45.099931091,1525184685.101444920,0.00,0.01,0.05,264816082562,568417110102934,1007357293,1081877265,1053420345,1049489029,0,0,0,0,297990,27,9949708,257096455,30141,0,3282775,0,45176,0,32805052,29220428,30444444,948,1578348
2018-05-01_16-25-15.138411092,1525184715.139992115,39.036972,2018-05-01_16-25-15.390060865,1525184715.391576790,0.00,0.01,0.05,264816083754,568417110104318,1007357297,1081877265,1053420364,1049489029,0,0,0,0,298018,27,9949719,257120634,30143,0,3282775,0,45176,0,32805052,29219200,30443228,948,1578348
2018-05-01_16-25-45.429091277,1525184745.430668641,39.053716,2018-05-01_16-25-45.680863734,1525184745.682397489,0.00,0.01,0.05,264816084946,568417110105702,1007357321,1081877265,1053420364,1049489029,0,0,0,0,298046,27,9949728,257144817,30143,0,3282775,0,45177,0,32805052,29220448,30444464,948,1578348
2018-05-01_16-26-15.719385146,1525184775.720955656,39.056131,2018-05-01_16-26-15.970831498,1525184775.972358436,0.00,0.01,0.05,264816086138,568417110107086,1007357325,1081877286,1053420364,1049489029,0,0,0,0,298075,27,9949738,257168997,30144,0,3282775,0,45177,0,32805052,29220812,30445068,948,1578348
2018-05-01_16-26-46.009293723,1525184806.010858996,39.054812,2018-05-01_16-26-46.260977938,1525184806.262509217,0.00,0.01,0.05,264816087330,568417110108470,1007357329,1081877286,1053420364,1049489049,0,0,0,0,298104,27,9949747,257193181,30145,0,3282776,0,45178,0,32805052,29221924,30445152,948,1578348
2018-05-01_16-27-16.299487723,1525184836.301071255,39.049319,2018-05-01_16-27-16.550873277,1525184836.552374876,0.00,0.01,0.05,264816088522,568417110109790,1007357342,1081877286,1053420364,1049489049,0,0,0,0,298132,27,9949758,257217363,30145,0,3282776,0,45178,0,32805052,29221412,30444852,948,1578348
2018-05-01_16-27-46.589299736,1525184866.590859240,39.033014,2018-05-01_16-27-46.840832714,1525184866.842344589,0.00,0.01,0.05,264816089714,568417110111238,1007357346,1081877286,1053420373,1049489050,0,0,0,0,298161,27,9949767,257241546,30145,0,3282776,0,45179,0,32805052,29220200,30443692,948,1578348
2018-05-01_16-28-16.879878643,1525184896.881490609,39.059404,2018-05-01_16-28-17.132015443,1525184897.133570260,0.00,0.01,0.05,264816090906,568417110112622,1007357350,1081877286,1053420373,1049489060,0,0,0,0,298199,27,9949780,257265717,30145,0,3282776,0,45185,0,32805052,29207604,30431348,948,1578360
2018-05-01_16-28-47.171218031,1525184927.172855255,39.051592,2018-05-01_16-28-47.423480004,1525184927.425019130,0.08,0.03,0.05,264816092098,568417110114876,1007357354,1081877300,1053420373,1049489060,0,0,0,0,298232,27,9949791,257289888,30150,0,3282776,0,45189,0,32805052,29208172,30432128,948,1578364
2018-05-01_16-29-17.462059946,1525184957.463659551,38.988850,2018-05-01_16-29-17.713764957,1525184957.715297079,0.05,0.03,0.05,264816093290,568417110117430,1007357358,1081877300,1053420393,1049489060,0,0,0,0,298261,27,9949803,257314064,30153,0,3282776,0,45189,0,32805052,29208892,30432084,948,1578368
2018-05-01_16-29-47.752517791,1525184987.754118543,39.063541,2018-05-01_16-29-48.004098976,1525184988.005612446,0.03,0.03,0.05,264816094482,568417110120854,1007357381,1081877300,1053420393,1049489060,0,0,0,0,298296,27,9949814,257338235,30154,0,3282776,0,45194,0,32805052,29208580,30432284,948,1578372
2018-05-01_16-30-18.042636753,1525185018.044233027,39.045626,2018-05-01_16-30-18.294297675,1525185018.295825027,0.02,0.02,0.05,264816095674,568417110123736,1007357385,1081877319,1053420393,1049489060,0,0,0,0,298336,27,9949830,257362393,30159,0,3282776,0,45202,0,32805052,29207672,30431580,948,1578380
2018-05-01_16-30-48.333137614,1525185048.334725837,39.065055,2018-05-01_16-30-48.584682213,1525185048.586199034,0.09,0.04,0.05,264816096866,568417110126354,1007357389,1081877319,1053420393,1049489081,0,0,0,0,298364,27,9949838,257386575,30159,0,3282776,0,45203,0,32805052,29208164,30431924,948,1578392
2018-05-01_16-31-18.623235440,1525185078.624825857,39.065016,2018-05-01_16-31-18.874800234,1525185078.876325326,0.05,0.03,0.05,264816098058,568417110129778,1007357401,1081877320,1053420393,1049489081,0,0,0,0,298396,27,9949850,257410743,30164,0,3282776,0,45207,0,32805052,29221800,30445596,948,1578384
2018-05-01_16-31-48.913397385,1525185108.914982674,38.675502,2018-05-01_16-31-49.165154871,1525185109.166693722,0.03,0.03,0.05,264816099250,568417110131854,1007357405,1081877320,1053420403,1049489081,0,0,0,0,298424,27,9949858,257434921,30167,0,3282776,0,45208,0,32805052,29220928,30445244,948,1578384
2018-05-01_16-32-19.204070365,1525185139.205680481,39.041851,2018-05-01_16-32-19.455989751,1525185139.457534231,0.02,0.03,0.05,264816100442,568417110133238,1007357428,1081877320,1053420403,1049489081,0,0,0,0,298464,27,9949871,257459083,30171,0,3282776,0,45208,0,32805052,29212888,30436104,948,1578388
2018-05-01_16-32-49.494787478,1525185169.496413590,39.052402,2018-05-01_16-32-49.746592287,1525185169.748132727,0.07,0.04,0.05,264816101634,568417110134622,1007357432,1081877320,1053420424,1049489081,0,0,0,0,298496,27,9949880,257483254,30175,0,3282776,0,45213,0,32805052,29212236,30436296,948,1578392
2018-05-01_16-33-19.785301339,1525185199.786879156,39.032811,2018-05-01_16-33-20.036922678,1525185200.038464535,0.04,0.04,0.05,264816102826,568417110135942,1007357436,1081877329,1053420424,1049489081,0,0,0,0,298547,27,9949929,257507368,30176,0,3282776,0,45214,0,32805052,29208172,30432236,948,1578392
2018-05-01_16-33-50.075752318,1525185230.077328089,39.025673,2018-05-01_16-33-50.327614130,1525185230.329181328,0.03,0.04,0.05,264816104312,568417110137748,1007357440,1081877329,1053420424,1049489091,0,0,0,0,298588,27,9949964,257531507,30178,0,3282776,0,45214,0,32805052,29208644,30432408,948,1578392
2018-05-01_16-34-20.366673250,1525185260.368251344,38.971944,2018-05-01_16-34-20.618687107,1525185260.620226097,0.02,0.03,0.05,264816105210,568417110138774,1007357444,1081877329,1053420434,1049489091,0,0,0,0,298656,27,9950048,257555570,30178,0,3282776,0,45215,0,32805052,29207440,30431204,948,1578392
2018-05-01_16-34-50.657191253,1525185290.658744138,39.051651,2018-05-01_16-34-50.908969818,1525185290.910503113,0.01,0.03,0.05,264816106402,568417110140158,1007357457,1081877329,1053420434,1049489091,0,0,0,0,298776,27,9950211,257579495,30178,0,3282777,0,45215,0,32805052,29206500,30430248,948,1578392
2018-05-01_16-35-20.947340058,1525185320.948900348,39.042539,2018-05-01_16-35-21.199136213,1525185321.200673748,0.01,0.03,0.05,264816107594,568417110141542,1007357462,1081877329,1053420434,1049489111,0,0,0,0,298892,27,9950381,257603417,30180,0,3282777,0,45216,0,32805052,29205104,30429148,948,1578392
2018-05-01_16-35-51.237619125,1525185351.239170352,39.028859,2018-05-01_16-35-51.489314232,1525185351.490865165,0.00,0.02,0.05,264816108786,568417110142926,1007357466,1081877350,1053420434,1049489111,0,0,0,0,299011,27,9950545,257627343,30180,0,3282777,0,45216,0,32805052,29206284,30430352,948,1578396
2018-05-01_16-36-21.528201892,1525185381.529771591,39.057901,2018-05-01_16-36-21.779963557,1525185381.781484051,0.05,0.04,0.05,264816109978,568417110144310,1007357470,1081877350,1053420434,1049489132,0,0,0,0,299131,27,9950713,257651263,30180,0,3282777,0,45217,0,32805052,29192264,30416596,948,1578404
2018-05-01_16-36-51.818269477,1525185411.819816465,39.062547,2018-05-01_16-36-52.069902925,1525185412.071426478,0.03,0.03,0.05,264816111170,568417110146912,1007357474,1081877370,1053420434,1049489132,0,0,0,0,299255,27,9950878,257675180,30180,0,3282777,0,45220,0,32805052,29193824,30417564,948,1578408
2018-05-01_16-37-22.108553495,1525185442.110117775,39.036022,2018-05-01_16-37-22.360602007,1525185442.362118630,0.07,0.05,0.05,264816112362,568417110149118,1007357478,1081877370,1053420444,1049489132,0,0,0,0,299382,27,9951050,257699090,30181,0,3282777,0,45226,0,32805052,29192948,30416980,948,1578408
2018-05-01_16-37-52.398963184,1525185472.400521018,39.054938,2018-05-01_16-37-52.650474828,1525185472.652004543,0.23,0.09,0.06,264816113554,568417110152542,1007357492,1081877370,1053420444,1049489132,0,0,0,0,299502,27,9951220,257723007,30182,0,3282777,0,45231,0,32805052,29192572,30416820,948,1578412
2018-05-01_16-38-22.688864431,1525185502.690406927,39.067937,2018-05-01_16-38-22.940547028,1525185502.942092152,0.14,0.08,0.06,264816114746,568417110155900,1007357497,1081877380,1053420445,1049489139,0,0,0,0,299624,27,9951396,257746910,30187,0,3282777,0,45236,0,32805052,29193404,30417136,948,1578420
2018-05-01_16-38-52.978869487,1525185532.980429006,39.043663,2018-05-01_16-38-53.230556101,1525185533.232084621,0.16,0.09,0.06,264816115938,568417110158388,1007357501,1081877380,1053420445,1049489149,0,0,0,0,299739,27,9951563,257770829,30190,0,3282777,0,45236,0,32805052,29206188,30429724,948,1578412
2018-05-01_16-39-23.269078257,1525185563.270676040,39.065467,2018-05-01_16-39-23.520816242,1525185563.522335986,0.24,0.11,0.07,264816117130,568417110161466,1007357524,1081877380,1053420445,1049489149,0,0,0,0,299841,27,9951693,257794803,30193,0,3282777,0,45241,0,32805052,29208588,30432668,948,1578416
2018-05-01_16-39-53.559426143,1525185593.561025347,39.058982,2018-05-01_16-39-53.811238349,1525185593.812750527,0.14,0.10,0.07,264816118322,568417110163478,1007357528,1081877380,1053420465,1049489149,0,0,0,0,299875,27,9951702,257818974,30197,0,3282778,0,45242,0,32805052,29212980,30436780,948,1578416
2018-05-01_16-40-23.849923104,1525185623.851517561,39.035795,2018-05-01_16-40-24.101525531,1525185624.103047452,0.09,0.09,0.06,264816119514,568417110164926,1007357541,1081877380,1053420465,1049489149,0,0,0,0,299910,27,9951715,257843142,30198,0,3282778,0,45247,0,32805052,29212464,30435992,948,1578428
2018-05-01_16-40-54.140384511,1525185654.141976946,39.045931,2018-05-01_16-40-54.391909995,1525185654.393427851,0.13,0.10,0.06,264816120706,568417110166310,1007357545,1081877380,1053420475,1049489149,0,0,0,0,299938,27,9951723,257867323,30199,0,3282778,0,45247,0,32805052,29211656,30435752,948,1578432
2018-05-01_16-41-24.430536117,1525185684.432122544,39.050540,2018-05-01_16-41-24.682186870,1525185684.683710744,0.08,0.09,0.06,264816121898,568417110167694,1007357549,1081877400,1053420475,1049489149,0,0,0,0,299967,27,9951732,257891501,30202,0,3282778,0,45247,0,32805052,29210496,30434592,948,1578432
2018-05-01_16-41-54.721061343,1525185714.722657302,39.042490,2018-05-01_16-41-54.972980915,1525185714.974512904,0.05,0.08,0.06,264816123090,568417110169078,1007357553,1081877400,1053420475,1049489168,0,0,0,0,299993,27,9951741,257915685,30202,0,3282778,0,45247,0,32805052,29210904,30434392,948,1578432
2018-05-01_16-42-25.011663611,1525185745.013268288,39.067689,2018-05-01_16-42-25.263229001,1525185745.264761019,0.03,0.07,0.06,264816124282,568417110170462,1007357557,1081877400,1053420495,1049489168,0,0,0,0,300028,27,9951752,257939856,30204,0,3282778,0,45254,0,32805052,29212712,30436808,948,1578436
2018-05-01_16-42-55.301786138,1525185775.303344379,39.044787,2018-05-01_16-42-55.553469804,1525185775.554996552,0.08,0.08,0.06,264816125474,568417110171782,1007357581,1081877400,1053420495,1049489168,0,0,0,0,300055,27,9951761,257964031,30209,0,3282778,0,45254,0,32805052,29212108,30435952,948,1578440
2018-05-01_16-43-25.591997421,1525185805.593577825,39.033121,2018-05-01_16-43-25.843666065,1525185805.845186558,0.05,0.07,0.06,264816126666,568417110173230,1007357585,1081877400,1053420495,1049489178,0,0,0,0,300083,27,9951769,257988214,30209,0,3282778,0,45254,0,32805052,29210696,30435060,948,1578440
2018-05-01_16-43-55.882590459,1525185835.884195686,39.042524,2018-05-01_16-43-56.134530228,1525185836.136086423,0.03,0.07,0.05,264816127858,568417110174614,1007357589,1081877410,1053420495,1049489178,0,0,0,0,300113,27,9951781,258012391,30209,0,3282778,0,45254,0,32805052,29197416,30421524,948,1578448
2018-05-01_16-44-26.173502016,1525185866.175092438,39.042369,2018-05-01_16-44-26.425344061,1525185866.426948425,0.02,0.06,0.05,264816129050,568417110175998,1007357602,1081877410,1053420495,1049489178,0,0,0,0,300141,27,9951788,258036575,30209,0,3282778,0,45254,0,32805052,29197848,30422476,948,1578448
2018-05-01_16-44-56.464042874,1525185896.465632008,39.042132,2018-05-01_16-44-56.715881668,1525185896.717422879,0.01,0.06,0.05,264816130242,568417110179076,1007357606,1081877415,1053420505,1049489178,0,0,0,0,300176,27,9951801,258060747,30209,0,3282778,0,45259,0,32805052,29198336,30421908,948,1578452
2018-05-01_16-45-26.754631471,1525185926.756251223,39.045141,2018-05-01_16-45-27.006588317,1525185927.008122020,0.01,0.05,0.05,264816131434,568417110181152,1007357610,1081877435,1053420505,1049489178,0,0,0,0,300205,27,9951811,258084925,30211,0,3282778,0,45259,0,32805052,29200012,30423864,948,1578452
2018-05-01_16-45-57.045146626,1525185957.046737374,39.056877,2018-05-01_16-45-57.297150883,1525185957.298705078,0.00,0.04,0.05,264816132626,568417110184166,1007357614,1081877436,1053420509,1049489201,0,0,0,0,300238,27,9951821,258109099,30211,0,3282778,0,45264,0,32805052,29199256,30423632,948,1578452
2018-05-01_16-46-27.335925433,1525185987.337544762,39.042742,2018-05-01_16-46-27.587577726,1525185987.589089642,0.08,0.06,0.05,264816133818,568417110187654,1007357618,1081877447,1053420529,1049489201,0,0,0,0,300272,27,9951833,258133266,30216,0,3282778,0,45269,0,32805052,29199252,30423576,948,1578460
2018-05-01_16-46-57.626180856,1525186017.627781064,39.062954,2018-05-01_16-46-57.877807047,1525186017.879342908,0.05,0.05,0.05,264816135010,568417110189730,1007357642,1081877449,1053420529,1049489201,0,0,0,0,300306,27,9951845,258157437,30216,0,3282778,0,45274,0,32805052,29212576,30436424,948,1578452
2018-05-01_16-47-27.916641238,1525186047.918239121,39.058706,2018-05-01_16-47-28.168851343,1525186048.170390962,0.03,0.04,0.05,264816136202,568417110192808,1007357655,1081877449,1053420530,1049489212,0,0,0,0,300340,27,9951853,258181609,30220,0,3282778,0,45280,0,32805052,29211624,30435740,948,1578456
2018-05-01_16-47-58.207753389,1525186078.209343311,39.034269,2018-05-01_16-47-58.459240891,1525186078.460759214,0.02,0.04,0.05,264816137394,568417110194538,1007357660,1081877459,1053420530,1049489212,0,0,0,0,300370,27,9951862,258205781,30226,0,3282778,0,45282,0,32805052,29211812,30435676,948,1578456
2018-05-01_16-48-28.497756556,1525186108.499342846,39.049833,2018-05-01_16-48-28.749255121,1525186108.750782009,0.01,0.04,0.05,264816138586,568417110195922,1007357664,1081877459,1053420530,1049489231,0,0,0,0,300397,27,9951870,258229961,30228,0,3282778,0,45282,0,32805052,29212020,30436132,948,1578456
2018-05-01_16-48-58.787926838,1525186138.789515863,39.052964,2018-05-01_16-48-59.040031563,1525186139.041565331,0.01,0.04,0.05,264816139778,568417110197242,1007357668,1081877480,1053420530,1049489231,0,0,0,0,300424,27,9951880,258254136,30232,0,3282778,0,45282,0,32805052,29211480,30435020,948,1578456
2018-05-01_16-49-29.078322134,1525186169.079901882,39.037669,2018-05-01_16-49-29.329920662,1525186169.331446357,0.00,0.03,0.05,264816141264,568417110199048,1007357672,1081877480,1053420540,1049489231,0,0,0,0,300452,27,9951889,258278320,30232,0,3282778,0,45282,0,32805052,29212108,30435684,948,1578460
2018-05-01_16-49-59.368628199,1525186199.370268756,20.736516,2018-05-01_16-49-59.633340197,1525186199.634903720,0.16,0.06,0.06,264824577048,568438321064498,1007357708,1081877480,1053667618,1049489305,0,0,0,0,300484,27,9952188,258301890,30233,0,3282870,0,45282,0,32805052,29206600,30430032,948,1578460
2018-05-01_16-50-29.674977322,1525186229.676590909,39.030748,2018-05-01_16-50-29.927062319,1525186229.928595280,0.21,0.09,0.06,264844892352,568488304788250,1007357789,1081877496,1054240958,1049489368,0,0,0,0,300524,27,9952856,258324629,30233,0,3283076,0,45287,0,32805052,29210368,30435028,948,1578468
2018-05-01_16-50-59.965689734,1525186259.967289380,39.064090,2018-05-01_16-51-00.217251994,1525186260.218756702,0.13,0.08,0.06,264844893544,568488304789634,1007357793,1081877496,1054240958,1049489387,0,0,0,0,300559,27,9952868,258348796,30239,0,3283076,0,45294,0,32805052,29210988,30435132,948,1578476
2018-05-01_16-51-30.255726958,1525186290.257291341,39.055975,2018-05-01_16-51-30.507259176,1525186290.508783235,0.08,0.07,0.06,264844894736,568488304791018,1007357797,1081877517,1054240958,1049489387,0,0,0,0,300586,27,9952876,258372977,30240,0,3283076,0,45294,0,32805052,29212176,30435736,948,1578480
2018-05-01_16-52-00.545847036,1525186320.547406128,39.031571,2018-05-01_16-52-00.797653429,1525186320.799192498,0.05,0.06,0.05,264844895928,568488304792338,1007357801,1081877517,1054240968,1049489387,0,0,0,0,300616,27,9952888,258397152,30242,0,3283076,0,45294,0,32805052,29198916,30422812,948,1578492
2018-05-01_16-52-30.836233405,1525186350.837802511,39.040591,2018-05-01_16-52-31.087846397,1525186351.089360155,0.03,0.06,0.05,264844897120,568488304793786,1007357814,1081877517,1054240968,1049489387,0,0,0,0,300643,27,9952897,258421336,30242,0,3283076,0,45294,0,32805052,29199688,30423296,948,1578492
2018-05-01_16-53-01.126242640,1525186381.127833986,39.062828,2018-05-01_16-53-01.377801422,1525186381.379328078,0.02,0.05,0.05,264844898312,568488304796864,1007357821,1081877527,1054240968,1049489387,0,0,0,0,300677,27,9952909,258445506,30244,0,3283076,0,45297,0,32805052,29198448,30422832,948,1578492
2018-05-01_16-53-31.416331094,1525186411.417911359,39.051772,2018-05-01_16-53-31.667899237,1525186411.669421607,0.01,0.05,0.05,264844899504,568488304799464,1007357825,1081877527,1054240968,1049489397,0,0,0,0,300711,27,9952919,258469679,30245,0,3283076,0,45302,0,32805052,29199564,30423452,948,1578496
2018-05-01_16-54-01.706356497,1525186441.707942225,39.049144,2018-05-01_16-54-01.957734477,1525186441.959250323,0.01,0.04,0.05,264844900696,568488304802018,1007357849,1081877527,1054240968,1049489397,0,0,0,0,300739,27,9952930,258493854,30249,0,3283076,0,45303,0,32805052,29199052,30423204,948,1578500
2018-05-01_16-54-31.996892144,1525186471.998521454,20.460459,2018-05-01_16-54-32.261989782,1525186472.263459679,0.08,0.06,0.05,264860901638,568529449325006,1007357911,1082280154,1054241134,1049489397,0,0,0,0,300779,27,9953603,258516834,30253,0,3283282,0,45307,0,32805052,29194044,30416968,948,1578504
2018-05-01_16-55-02.301585949,1525186502.303206685,39.033794,2018-05-01_16-55-02.553695392,1525186502.555237411,0.22,0.10,0.06,264876311726,568570879430630,1007357915,1082642661,1054241259,1049489397,0,0,0,0,300818,27,9954502,258539698,30256,0,3283560,0,45312,0,32805052,29210792,30434664,948,1578496
2018-05-01_16-55-32.592438196,1525186532.594039412,38.828406,2018-05-01_16-55-32.844225623,1525186532.845765957,0.20,0.10,0.07,264876312918,568570879432902,1007357919,1082642680,1054241259,1049489397,0,0,0,0,300851,27,9954512,258563872,30256,0,3283560,0,45318,0,32805052,29210684,30435116,948,1578500
2018-05-01_16-56-02.883539731,1525186562.885136516,39.052829,2018-05-01_16-56-03.135536407,1525186563.137083512,0.12,0.10,0.06,264876314110,568570879434632,1007357923,1082642680,1054241259,1049489416,0,0,0,0,300880,27,9954522,258588046,30261,0,3283560,0,45319,0,32805052,29209972,30434088,948,1578508
2018-05-01_16-56-33.174121288,1525186593.175703044,39.060437,2018-05-01_16-56-33.426010223,1525186593.427537850,0.08,0.09,0.06,264876315302,568570879436016,1007357927,1082642680,1054241278,1049489416,0,0,0,0,300907,27,9954531,258612222,30268,0,3283560,0,45319,0,32805052,29211788,30435340,948,1578508
2018-05-01_16-57-03.464690455,1525186623.466281283,39.053890,2018-05-01_16-57-03.716241197,1525186623.717776405,0.05,0.08,0.06,264876316494,568570879437400,1007357951,1082642680,1054241278,1049489416,0,0,0,0,300935,27,9954541,258636400,30269,0,3283560,0,45319,0,32805052,29211768,30435672,948,1578508
2018-05-01_16-57-33.754587374,1525186653.756168049,39.054729,2018-05-01_16-57-34.006128148,1525186654.007641278,0.03,0.07,0.05,264876317686,568570879438784,1007357955,1082642680,1054241278,1049489426,0,0,0,0,300963,27,9954550,258660583,30270,0,3283560,0,45319,0,32805052,29213208,30437092,948,1578508
2018-05-01_16-58-04.044641406,1525186684.046205722,39.054375,2018-05-01_16-58-04.296299541,1525186684.297867338,0.02,0.06,0.05,264876318878,568570879440104,1007357959,1082642690,1054241278,1049489426,0,0,0,0,300992,27,9954561,258684763,30270,0,3283560,0,45321,0,32805052,29212340,30436244,948,1578508
2018-05-01_16-58-34.334958093,1525186714.336527914,39.056485,2018-05-01_16-58-34.586611780,1525186714.588155492,0.01,0.06,0.05,264876320070,568570879441552,1007357972,1082642690,1054241278,1049489426,0,0,0,0,301017,27,9954570,258708948,30270,0,3283560,0,45321,0,32805052,29211624,30435984,948,1578508
2018-05-01_16-59-04.625235320,1525186744.626795098,39.031518,2018-05-01_16-59-04.876737456,1525186744.878292313,0.01,0.05,0.05,264876321262,568570879442936,1007357976,1082642690,1054241288,1049489426,0,0,0,0,301046,27,9954580,258733129,30271,0,3283560,0,45321,0,32805052,29212644,30436568,948,1578508
2018-05-01_16-59-34.915202281,1525186774.916836506,39.065550,2018-05-01_16-59-35.166819843,1525186775.168349677,0.00,0.05,0.05,264876322454,568570879444320,1007357980,1082642710,1054241288,1049489426,0,0,0,0,301074,27,9954589,258757312,30272,0,3283560,0,45321,0,32805052,29212312,30436492,948,1578508
2018-05-01_17-00-05.205527676,1525186805.207107599,39.061611,2018-05-01_17-00-05.457519820,1525186805.459079119,0.00,0.04,0.05,264876323646,568570879445704,1007357984,1082642710,1054241288,1049489446,0,0,0,0,301119,27,9954604,258781472,30272,0,3283560,0,45334,0,32805052,29198956,30423164,948,1578528
2018-05-01_17-00-35.496369594,1525186835.497978773,39.061456,2018-05-01_17-00-35.748018577,1525186835.749542627,0.00,0.04,0.05,264876324838,568570879447088,1007357988,1082642710,1054241308,1049489446,0,0,0,0,301147,27,9954613,258805650,30278,0,3283561,0,45334,0,32805052,29200268,30423932,948,1578532
2018-05-01_17-01-05.786568761,1525186865.788157586,39.021767,2018-05-01_17-01-06.038235369,1525186866.039772076,0.00,0.04,0.05,264876326030,568570879450102,1007358010,1082642715,1054241308,1049489446,0,0,0,0,301190,27,9954628,258829805,30283,0,3283561,0,45345,0,32805052,29196396,30420592,948,1578536
2018-05-01_17-01-36.077079731,1525186896.078711559,,2018-05-01_17-01-36.085859627,1525186896.087373930,0.00,0.03,0.05,264876326324,568570879452152,1007358011,1082642715,1054241309,1049489455,0,0,0,0,301203,27,9954639,258853805,30284,0,3283561,0,45350,0,32805052,29198852,30423612,948,1578548
