StartTime,StartEpoch,EndTime,EndEpoch,CPULoad1m,CPULoad5m,CPULoad5m,NetDevRX,NetDevTX,IRQens2-0,IRQens2-1,IRQens2-2,IRQens2-3,IRQens2-4,IRQens2-5,IRQens2-6,IRQens2-7,user,nice,system,idle,iowait,irq,softirq,steal,guest,guest_nice,MemTotal,MemFree,MemAvailable,Buffers,Cached
2018-05-08_21-03-02.329862459,1525806182.331318202,2018-05-08_21-03-02.334365707,1525806182.335711716,1.11,1.56,0.98,9316,128,6,0,0,1,0,0,0,0,59835,0,82626,770235,5575,0,19,0,53191,0,32805052,14274000,14622456,948,659948
2018-05-08_21-03-32.370321706,1525806212.371763842,2018-05-08_21-03-32.374867172,1525806212.376210299,1.74,1.67,1.03,9316,128,6,0,0,1,0,0,0,0,63522,0,87714,785460,5580,0,19,0,56509,0,32805052,14289184,14637380,948,659952
2018-05-08_21-04-02.410659611,1525806242.412288479,2018-05-08_21-04-02.415752904,1525806242.417306258,2.13,1.77,1.08,9316,128,6,0,0,1,0,0,0,0,67225,0,92599,800820,5586,0,20,0,59880,0,32805052,14289324,14637504,948,659948
2018-05-08_21-04-32.454180348,1525806272.455817915,2018-05-08_21-04-32.459308560,1525806272.460846107,2.23,1.82,1.12,9316,128,6,0,0,1,0,0,0,0,70861,0,97448,816274,5593,0,20,0,63209,0,32805052,14287624,14635768,948,659948
2018-05-08_21-05-02.499491685,1525806302.501299692,2018-05-08_21-05-02.504743316,1525806302.506362161,2.33,1.89,1.17,9316,128,6,0,0,1,0,0,0,0,74582,0,102388,831629,5597,0,20,0,66591,0,32805052,14289256,14637716,948,659948
2018-05-08_21-05-32.542370851,1525806332.543872500,2018-05-08_21-05-32.546945859,1525806332.548284166,2.36,1.93,1.20,9316,128,6,0,0,1,0,0,0,0,78269,0,107445,846902,5600,0,21,0,69927,0,32805052,14290624,14639084,948,659948
2018-05-08_21-06-02.582496127,1525806362.584183407,2018-05-08_21-06-02.587721860,1525806362.589138813,2.34,1.97,1.24,9316,128,6,0,0,1,0,0,0,0,81870,0,112274,862455,5601,0,21,0,73222,0,32805052,14289016,14637736,948,659948
2018-05-08_21-06-32.625068517,1525806392.626764895,2018-05-08_21-06-32.629938154,1525806392.631277691,2.46,2.03,1.28,9316,128,6,0,0,1,0,0,0,0,85537,0,117221,877806,5602,0,21,0,76553,0,32805052,14289160,14637620,948,659948
2018-05-08_21-07-02.668431448,1525806422.670124696,2018-05-08_21-07-02.673725169,1525806422.675246965,2.55,2.09,1.33,9316,128,6,0,0,1,0,0,0,0,89183,0,122143,893211,5603,0,21,0,79885,0,32805052,14288888,14637348,948,659948
2018-05-08_21-07-32.711749585,1525806452.713548630,2018-05-08_21-07-32.717310239,1525806452.718872988,2.55,2.13,1.37,9316,128,6,0,0,1,0,0,0,0,92799,0,127096,908650,5603,0,21,0,83146,0,32805052,14287336,14635252,948,659948
2018-05-08_21-08-02.757790460,1525806482.759417947,2018-05-08_21-08-02.762895286,1525806482.764411790,2.34,2.12,1.39,9316,128,6,0,0,1,0,0,0,0,95322,0,131982,925201,5604,0,22,0,85447,0,32805052,14288496,14636956,948,659948
2018-05-08_21-08-32.800206107,1525806512.801720988,2018-05-08_21-08-32.804821551,1525806512.806166718,2.29,2.14,1.42,9316,128,6,0,0,1,0,0,0,0,98959,0,136856,940649,5604,0,22,0,88757,0,32805052,14277192,14625656,948,659956
2018-05-08_21-09-02.840903458,1525806542.842543342,2018-05-08_21-09-02.846036278,1525806542.847596343,2.39,2.17,1.45,9316,128,6,0,0,1,0,0,0,0,102744,0,141800,955895,5605,0,23,0,92173,0,32805052,14274260,14622980,948,659956
2018-05-08_21-09-32.886371505,1525806572.888189803,2018-05-08_21-09-32.891649475,1525806572.893013799,2.51,2.22,1.49,9316,128,6,0,0,1,0,0,0,0,106347,0,146720,971372,5608,0,23,0,95419,0,32805052,14275144,14622976,948,659960
2018-05-08_21-10-02.932097797,1525806602.933777459,2018-05-08_21-10-02.937345982,1525806602.938894739,2.38,2.22,1.51,9316,128,6,0,0,1,0,0,0,0,108831,0,151617,987956,5611,0,23,0,97683,0,32805052,14274152,14622636,948,659968
2018-05-08_21-10-32.977617970,1525806632.979259049,2018-05-08_21-10-32.982825937,1525806632.984409177,2.42,2.24,1.54,9316,128,6,0,0,1,0,0,0,0,112503,0,156679,1003231,5612,0,24,0,101015,0,32805052,14274372,14622592,948,659972
2018-05-08_21-11-03.023133370,1525806663.024769907,2018-05-08_21-11-03.028367503,1525806663.029984799,2.40,2.25,1.57,9316,128,6,0,0,1,0,0,0,0,116205,0,161546,1018623,5615,0,24,0,104332,0,32805052,14272628,14621116,948,659976
2018-05-08_21-11-33.069964721,1525806693.071605770,2018-05-08_21-11-33.075215291,1525806693.076773567,2.30,2.24,1.59,9316,128,6,0,0,1,0,0,0,0,118604,0,165878,1035698,5620,0,24,0,106514,0,32805052,14287144,14635888,948,659968
2018-05-08_21-12-03.115664150,1525806723.117186061,2018-05-08_21-12-03.120603612,1525806723.122154227,2.39,2.27,1.62,9316,128,6,0,0,1,0,0,0,0,122256,0,170909,1051031,5627,0,24,0,109860,0,32805052,14288644,14636876,948,659976
2018-05-08_21-12-33.158713720,1525806753.160409185,2018-05-08_21-12-33.164009967,1525806753.165605534,2.43,2.29,1.65,9316,128,6,0,0,1,0,0,0,0,125947,0,175840,1066433,5628,0,24,0,113245,0,32805052,14287464,14635956,948,659976
2018-05-08_21-13-03.202360097,1525806783.204140748,2018-05-08_21-13-03.207870320,1525806783.209508626,2.23,2.26,1.66,9316,128,6,0,0,1,0,0,0,0,129337,0,180619,1082205,5632,0,25,0,116350,0,32805052,14286460,14634948,948,659976
2018-05-08_21-13-33.249938807,1525806813.251581531,2018-05-08_21-13-33.255102454,1525806813.256671599,2.10,2.22,1.66,9316,128,6,0,0,1,0,0,0,0,131693,0,184899,1099353,5637,0,25,0,118481,0,32805052,14286160,14634648,948,659976
2018-05-08_21-14-03.295396058,1525806843.296916822,2018-05-08_21-14-03.300244794,1525806843.301592343,2.20,2.23,1.69,9316,128,6,0,0,1,0,0,0,0,135471,0,189837,1114626,5639,0,25,0,121900,0,32805052,14286720,14635212,948,659976
2018-05-08_21-14-33.338887444,1525806873.340511154,2018-05-08_21-14-33.343959160,1525806873.345463797,2.54,2.31,1.73,9316,128,6,0,0,1,0,0,0,0,139184,0,195143,1129633,5641,0,25,0,125265,0,32805052,14282484,14630308,948,659820
2018-05-08_21-15-03.383245094,1525806903.384710704,2018-05-08_21-15-03.387894528,1525806903.389269254,2.91,2.42,1.78,9316,128,6,0,0,1,0,0,0,0,143299,0,202910,1141728,5641,0,26,0,129013,0,32805052,14283952,14632480,948,660008
2018-05-08_21-15-33.424475326,1525806933.425875064,2018-05-08_21-15-33.428916603,1525806933.430244923,2.27,2.32,1.77,9316,128,6,0,0,1,0,0,0,0,143842,0,206506,1161586,5641,0,26,0,129517,0,32805052,14284896,14633436,948,660008
2018-05-08_21-16-03.464263205,1525806963.465665952,2018-05-08_21-16-03.468695805,1525806963.470035057,1.77,2.19,1.74,9316,128,6,0,0,1,0,0,0,0,143851,0,209520,1182545,5643,0,26,0,129521,0,32805052,14284928,14633472,948,660012
2018-05-08_21-16-33.504075880,1525806993.505476796,2018-05-08_21-16-33.508524808,1525806993.509854526,1.47,2.08,1.72,9316,128,6,0,0,1,0,0,0,0,143867,0,212540,1203494,5645,0,26,0,129532,0,32805052,14275088,14623640,948,660024
2018-05-08_21-17-03.544011942,1525807023.545409809,2018-05-08_21-17-03.548445277,1525807023.549770010,1.22,1.96,1.69,9316,128,6,0,0,1,0,0,0,0,143899,0,215564,1224444,5646,0,27,0,129555,0,32805052,14272632,14620824,948,660024
2018-05-08_21-17-33.583791664,1525807053.585219371,2018-05-08_21-17-33.588348568,1525807053.589721150,1.42,1.93,1.69,9316,128,6,0,0,1,0,0,0,0,143969,0,218591,1245370,5648,0,28,0,129614,0,32805052,16108168,16484552,948,660012
2018-05-08_21-18-03.624107769,1525807083.625662049,2018-05-08_21-18-03.629061381,1525807083.630584680,0.86,1.75,1.64,9316,128,6,0,0,1,0,0,0,0,143981,0,218696,1269280,5650,0,28,0,129614,0,32805052,31315244,31663820,948,659748
