StartTime,StartEpoch,EndTime,EndEpoch,CPULoad1m,CPULoad5m,CPULoad5m,NetDevRX,NetDevTX,IRQens2-0,IRQens2-1,IRQens2-2,IRQens2-3,IRQens2-4,IRQens2-5,IRQens2-6,IRQens2-7,user,nice,system,idle,iowait,irq,softirq,steal,guest,guest_nice,MemTotal,MemFree,MemAvailable,Buffers,Cached
2018-05-10_17-46-38.791965835,1525967198.793709462,2018-05-10_17-46-38.797536445,1525967198.799224925,0.11,0.15,0.14,296152084,343995130528,603963,1061252,16175,1310339,499530,372918,2834,1176366,112622,170,87349,62234434,17866,0,2993,0,94953,0,32804244,12852136,14433032,1080,1891740
2018-05-10_17-47-08.841828898,1525967228.843587284,2018-05-10_17-47-08.847398126,1525967228.849109785,0.46,0.23,0.16,296152084,343995130528,603963,1061252,16175,1310339,499530,372918,2834,1176366,115633,170,87363,62255432,17867,0,2993,0,97958,0,32804244,12852952,14433592,1080,1891744
2018-05-10_17-47-38.892145685,1525967258.893869914,2018-05-10_17-47-38.897639215,1525967258.899328097,0.67,0.30,0.19,296152084,343995130528,603963,1061252,16175,1310339,499530,372918,2834,1176366,118636,170,87380,62276430,17871,0,2993,0,100957,0,32804244,12853360,14434520,1080,1891744
2018-05-10_17-48-08.942045662,1525967288.943802128,2018-05-10_17-48-08.947626484,1525967288.949326395,0.80,0.37,0.22,296152084,343995130528,603963,1061252,16175,1310339,499530,372918,2834,1176366,121646,170,87396,62297425,17873,0,2993,0,103962,0,32804244,12853540,14434440,1080,1891744
2018-05-10_17-48-38.992223105,1525967318.993961904,2018-05-10_17-48-38.997751232,1525967318.999446770,0.82,0.41,0.24,296152084,343995130528,603963,1061252,16175,1310339,499530,372918,2834,1176366,124666,170,87413,62318412,17874,0,2993,0,106977,0,32804244,12853580,14434480,1080,1891744
2018-05-10_17-49-09.042273819,1525967349.044009579,2018-05-10_17-49-09.047810534,1525967349.049512067,0.89,0.47,0.26,296152084,343995130528,603963,1061252,16175,1310339,499530,372918,2834,1176366,127672,170,87434,62339400,17881,0,2993,0,109977,0,32804244,12852888,14433464,1080,1891744
2018-05-10_17-49-39.092374301,1525967379.094114009,2018-05-10_17-49-39.097886805,1525967379.099588811,0.93,0.52,0.28,296152084,343995130528,603963,1061252,16175,1310339,499530,372918,2834,1176366,130679,170,87448,62360399,17885,0,2994,0,112979,0,32804244,12853068,14433968,1080,1891744
2018-05-10_17-50-09.142563042,1525967409.144395965,2018-05-10_17-50-09.148236543,1525967409.149929972,0.89,0.55,0.30,296152084,343995130528,603963,1061252,16175,1310339,499530,372918,2834,1176366,133694,170,87483,62381370,17886,0,2994,0,115989,0,32804244,12853484,14434392,1080,1891752
2018-05-10_17-50-39.192931994,1525967439.194673062,2018-05-10_17-50-39.198468304,1525967439.200167571,0.93,0.59,0.32,296152084,343995130528,603963,1061252,16175,1310339,499530,372918,2834,1176366,136701,170,87497,62402369,17891,0,2995,0,118991,0,32804244,12853836,14434744,1080,1891756
2018-05-10_17-51-09.243169665,1525967469.244940550,2018-05-10_17-51-09.248814183,1525967469.250519598,0.96,0.63,0.34,296152084,343995130528,603963,1061252,16175,1310339,499530,372918,2834,1176366,139721,170,87519,62423345,17896,0,2995,0,122004,0,32804244,12841496,14422412,1080,1891764
2018-05-10_17-51-39.293832799,1525967499.295641747,2018-05-10_17-51-39.299454066,1525967499.301147168,0.97,0.67,0.36,296152084,343995130528,603963,1061252,16175,1310339,499530,372918,2834,1176366,142729,170,87533,62444344,17898,0,2995,0,125007,0,32804244,12840500,14421420,1080,1891768
2018-05-10_17-52-09.344476360,1525967529.346255931,2018-05-10_17-52-09.350138646,1525967529.351854040,0.98,0.70,0.38,296152084,343995130528,603963,1061252,16175,1310339,499530,372918,2834,1176366,145749,170,87566,62465309,17902,0,2996,0,128020,0,32804244,12841296,14422216,1080,1891768
2018-05-10_17-52-39.395136878,1525967559.396914577,2018-05-10_17-52-39.400804548,1525967559.402517935,0.99,0.73,0.41,296152084,343995130528,603963,1061252,16175,1310339,499530,372918,2834,1176366,148765,170,87588,62486288,17907,0,2996,0,131030,0,32804244,12840372,14420956,1080,1891772
2018-05-10_17-53-09.445641466,1525967589.447385579,2018-05-10_17-53-09.451212478,1525967589.452913508,0.91,0.74,0.42,296152084,343995130528,603963,1061252,16175,1310339,499530,372918,2834,1176366,151784,170,87614,62507265,17908,0,2996,0,134042,0,32804244,12840740,14421924,1080,1891772
2018-05-10_17-53-39.495965806,1525967619.497731613,2018-05-10_17-53-39.501612217,1525967619.503306404,0.95,0.76,0.44,296152084,343995130528,603963,1061252,16175,1310339,499530,372918,2834,1176366,154804,170,87634,62528243,17914,0,2996,0,137055,0,32804244,12840520,14421452,1080,1891780
2018-05-10_17-54-09.546905664,1525967649.548662635,2018-05-10_17-54-09.552502872,1525967649.554199360,1.04,0.80,0.46,296152084,343995130528,603963,1061252,16175,1310339,499530,372918,2834,1176366,157815,170,87650,62549229,17924,0,2996,0,140061,0,32804244,12853536,14434464,1080,1891772
2018-05-10_17-54-39.597647039,1525967679.599616842,2018-05-10_17-54-39.603520854,1525967679.605224172,1.02,0.82,0.48,296152084,343995130528,603963,1061252,16175,1310339,499530,372918,2834,1176366,160824,170,87664,62570230,17927,0,2997,0,143065,0,32804244,12853540,14434728,1080,1891772
2018-05-10_17-55-09.648098324,1525967709.649858845,2018-05-10_17-55-09.653679111,1525967709.655383800,1.08,0.85,0.50,296152084,343995130528,603963,1061252,16175,1310339,499530,372918,2834,1176366,163831,170,87682,62591226,17928,0,2997,0,146068,0,32804244,12853844,14434772,1080,1891772
2018-05-10_17-55-39.698475744,1525967739.700208595,2018-05-10_17-55-39.704003523,1525967739.705700747,1.05,0.87,0.51,296152084,343995130528,603963,1061252,16175,1310339,499530,372918,2834,1176366,166837,170,87702,62612220,17931,0,2997,0,149069,0,32804244,12853436,14434624,1080,1891772
2018-05-10_17-56-09.748549039,1525967769.750293408,2018-05-10_17-56-09.754101618,1525967769.755798893,1.03,0.88,0.53,296152084,343995130528,603963,1061252,16175,1310339,499530,372918,2834,1176366,169846,170,87718,62633215,17935,0,2997,0,152072,0,32804244,12853172,14434360,1080,1891772
2018-05-10_17-56-39.798628746,1525967799.800362479,2018-05-10_17-56-39.804169110,1525967799.805866501,1.02,0.89,0.54,296152084,343995130528,603963,1061252,16175,1310339,499530,372918,2834,1176366,172848,170,87738,62654216,17937,0,2997,0,155070,0,32804244,12854360,14434980,1080,1891772
2018-05-10_17-57-09.848800578,1525967829.850559488,2018-05-10_17-57-09.854362306,1525967829.856065326,1.01,0.90,0.56,296152084,343995130528,603963,1061252,16175,1310339,499530,372918,2834,1176366,175856,170,87752,62675214,17938,0,2997,0,158074,0,32804244,12853592,14434520,1080,1891772
2018-05-10_17-57-39.898826308,1525967859.900570040,2018-05-10_17-57-39.904355594,1525967859.906052568,1.01,0.91,0.57,296152084,343995130528,603963,1061252,16175,1310339,499530,372918,2834,1176366,178864,170,87766,62696215,17940,0,2997,0,161078,0,32804244,12853572,14434500,1080,1891772
2018-05-10_17-58-09.948797473,1525967889.950562097,2018-05-10_17-58-09.954402627,1525967889.956126518,0.94,0.90,0.58,296152084,343995130528,603963,1061252,16175,1310339,499530,372918,2834,1176366,181885,170,87793,62717188,17940,0,2998,0,164093,0,32804244,12853948,14434876,1080,1891772
2018-05-10_17-58-39.999130553,1525967920.000867291,2018-05-10_17-58-40.004653943,1525967920.006354100,0.96,0.91,0.60,296152084,343995130528,603963,1061252,16175,1310339,499530,372918,2834,1176366,184893,170,87807,62738186,17945,0,2998,0,167096,0,32804244,12853336,14434264,1080,1891772
2018-05-10_17-59-10.050408592,1525967950.052188604,2018-05-10_17-59-10.056066719,1525967950.057778300,1.05,0.94,0.61,296152084,343995130528,603963,1061252,16175,1310339,499530,372918,2834,1176366,187905,170,87844,62759155,17948,0,2998,0,170103,0,32804244,12840804,14421996,1080,1891780
2018-05-10_17-59-40.100900093,1525967980.102652089,2018-05-10_17-59-40.106465288,1525967980.108168532,0.97,0.93,0.62,296152084,343995130528,603963,1061252,16175,1310339,499530,372918,2834,1176366,190909,170,87862,62780156,17949,0,2998,0,173102,0,32804244,12841112,14422304,1080,1891780
2018-05-10_18-00-10.151113282,1525968010.152874440,2018-05-10_18-00-10.156748252,1525968010.158469189,0.87,0.90,0.62,296152084,343995130528,603963,1061252,16175,1310339,499530,372918,2834,1176366,193936,170,87888,62801123,17950,0,2998,0,176120,0,32804244,12839328,14420532,1080,1891792
2018-05-10_18-00-40.201692125,1525968040.203472176,2018-05-10_18-00-40.207379847,1525968040.209098300,0.92,0.91,0.63,296152084,343995130528,603963,1061252,16175,1310339,499530,372918,2834,1176366,196957,170,87905,62822104,17955,0,2999,0,179133,0,32804244,12840284,14421240,1080,1891804
2018-05-10_18-01-10.252251185,1525968070.254022724,2018-05-10_18-01-10.257862342,1525968070.259574515,0.95,0.92,0.64,296152084,343995130528,603963,1061252,16175,1310339,499530,372918,2834,1176366,199975,170,87931,62843078,17961,0,2999,0,182144,0,32804244,12840720,14421676,1080,1891804
2018-05-10_18-01-40.303130057,1525968100.304929332,2018-05-10_18-01-40.308832407,1525968100.310558791,0.91,0.91,0.65,296152084,343995130528,603963,1061252,16175,1310339,499530,372918,2834,1176366,202989,170,87958,62864057,17961,0,2999,0,185152,0,32804244,12841116,14422076,1080,1891808
2018-05-10_18-02-10.354182286,1525968130.355960453,2018-05-10_18-02-10.359823774,1525968130.361534509,0.95,0.92,0.66,296152084,343995130528,603963,1061252,16175,1310339,499530,372918,2834,1176366,206012,170,87981,62885029,17964,0,2999,0,188170,0,32804244,12853128,14434348,1080,1891804
2018-05-10_18-02-40.404610031,1525968160.406337819,2018-05-10_18-02-40.410151378,1525968160.411852411,0.97,0.93,0.67,296152084,343995130528,603963,1061252,16175,1310339,499530,372918,2834,1176366,209015,170,87999,62906031,17965,0,2999,0,191169,0,32804244,12854060,14435020,1080,1891804
2018-05-10_18-03-10.454874598,1525968190.456648604,2018-05-10_18-03-10.460498437,1525968190.462214515,0.98,0.94,0.68,296152084,343995130528,603963,1061252,16175,1310339,499530,372918,2834,1176366,212025,170,88015,62927021,17975,0,2999,0,194173,0,32804244,12853992,14434952,1080,1891804
2018-05-10_18-03-40.506289924,1525968220.508123921,2018-05-10_18-03-40.511941373,1525968220.513658354,0.99,0.94,0.69,296152084,343995130528,603963,1061252,16175,1310339,499530,372918,2834,1176366,215033,170,88028,62948023,17976,0,2999,0,197177,0,32804244,12854180,14435140,1080,1891804
2018-05-10_18-04-10.556484164,1525968250.558241731,2018-05-10_18-04-10.562112006,1525968250.563844520,1.05,0.96,0.71,296152084,343995130528,603963,1061252,16175,1310339,499530,372918,2834,1176366,218041,170,88045,62969020,17978,0,3000,0,200180,0,32804244,12854188,14435148,1080,1891804
2018-05-10_18-04-40.606805466,1525968280.608556426,2018-05-10_18-04-40.612354305,1525968280.614058797,1.03,0.96,0.72,296152084,343995130528,603963,1061252,16175,1310339,499530,372918,2834,1176366,221044,170,88063,62990019,17980,0,3000,0,203180,0,32804244,12854600,14435560,1080,1891804
2018-05-10_18-05-10.656978189,1525968310.658742833,2018-05-10_18-05-10.662595635,1525968310.664298508,1.02,0.97,0.73,296152084,343995130528,603963,1061252,16175,1310339,499530,372918,2834,1176366,224052,170,88083,63011016,17981,0,3000,0,206182,0,32804244,12854388,14435348,1080,1891804
2018-05-10_18-05-40.708584204,1525968340.710435694,2018-05-10_18-05-40.714250837,1525968340.715954575,1.01,0.97,0.73,296152084,343995130528,603963,1061252,16175,1310339,499530,372918,2834,1176366,227058,170,88100,63032015,17987,0,3000,0,209181,0,32804244,12854232,14435192,1080,1891804
2018-05-10_18-06-10.758963412,1525968370.760726238,2018-05-10_18-06-10.764574331,1525968370.766288876,1.01,0.97,0.74,296152084,343995130528,603963,1061252,16175,1310339,499530,372918,2834,1176366,230065,170,88115,63053013,17988,0,3000,0,212185,0,32804244,12854740,14435700,1080,1891804
2018-05-10_18-06-40.809652672,1525968400.811449408,2018-05-10_18-06-40.815289159,1525968400.816998267,1.00,0.98,0.75,296152084,343995130528,603963,1061252,16175,1310339,499530,372918,2834,1176366,233088,170,88145,63073984,17990,0,3000,0,215201,0,32804244,12854620,14435316,1080,1891804
2018-05-10_18-07-10.860103018,1525968430.861889811,2018-05-10_18-07-10.865803178,1525968430.867520850,1.00,0.98,0.76,296152084,343995130528,603963,1061252,16175,1310339,499530,372918,2834,1176366,236103,170,88179,63094953,17992,0,3001,0,218211,0,32804244,12842020,14422768,1080,1891860
2018-05-10_18-07-40.910759637,1525968460.912509382,2018-05-10_18-07-40.916319148,1525968460.918036153,0.94,0.97,0.76,296152084,343995130528,603963,1061252,16175,1310339,499530,372918,2834,1176366,239112,170,88193,63115954,17992,0,3001,0,221214,0,32804244,12841908,14422920,1080,1891860
2018-05-10_18-08-10.961069914,1525968490.962878366,2018-05-10_18-08-10.966798542,1525968490.968526932,0.90,0.95,0.77,296152084,343995130528,603963,1061252,16175,1310339,499530,372918,2834,1176366,242130,170,88214,63136928,18000,0,3001,0,224226,0,32804244,12840992,14422028,1080,1891884
2018-05-10_18-08-41.011972777,1525968521.013767867,2018-05-10_18-08-41.017681300,1525968521.019398096,0.94,0.96,0.78,296152084,343995130528,603963,1061252,16175,1310339,499530,372918,2834,1176366,245144,170,88233,63157911,18006,0,3001,0,227233,0,32804244,12840628,14421308,1080,1891884
2018-05-10_18-09-11.063281497,1525968551.065069709,2018-05-10_18-09-11.068907425,1525968551.070615242,0.96,0.96,0.78,296152084,343995130528,603963,1061252,16175,1310339,499530,372918,2834,1176366,248153,170,88248,63178907,18009,0,3002,0,230237,0,32804244,12840612,14421648,1080,1891888
2018-05-10_18-09-41.113848510,1525968581.115730132,2018-05-10_18-09-41.119642638,1525968581.121363646,0.90,0.95,0.78,296152084,343995130528,603963,1061252,16175,1310339,499530,372918,2834,1176366,251168,170,88266,63199897,18009,0,3002,0,233246,0,32804244,12840420,14421460,1080,1891888
2018-05-10_18-10-11.164900934,1525968611.166666467,2018-05-10_18-10-11.170536701,1525968611.172241744,0.94,0.95,0.79,296152084,343995130528,603963,1061252,16175,1310339,499530,372918,2834,1176366,254188,170,88291,63220867,18016,0,3002,0,236259,0,32804244,12853096,14434404,1080,1891892
2018-05-10_18-10-41.215343544,1525968641.217084936,2018-05-10_18-10-41.220899826,1525968641.222607965,0.96,0.96,0.79,296152084,343995130528,603963,1061252,16175,1310339,499530,372918,2834,1176366,257208,170,88323,63241836,18017,0,3003,0,239275,0,32804244,12853344,14434396,1080,1891896
2018-05-10_18-11-11.265534650,1525968671.267293566,2018-05-10_18-11-11.271163528,1525968671.272883788,0.98,0.96,0.80,296152084,343995130528,603963,1061252,16175,1310339,499530,372918,2834,1176366,260214,170,88342,63262827,18024,0,3003,0,242276,0,32804244,12853812,14434508,1080,1891896
2018-05-10_18-11-41.315795964,1525968701.317544523,2018-05-10_18-11-41.321340769,1525968701.323056265,0.99,0.96,0.81,296152084,343995130528,603963,1061252,16175,1310339,499530,372918,2834,1176366,263216,170,88360,63283830,18025,0,3003,0,245275,0,32804244,12853712,14434764,1080,1891896
2018-05-10_18-12-11.366064324,1525968731.367828081,2018-05-10_18-12-11.371951896,1525968731.373664582,0.99,0.97,0.81,296152084,343995130528,603963,1061252,16175,1310339,499530,372918,2834,1176366,266223,170,88378,63304824,18032,0,3003,0,248277,0,32804244,12852876,14434188,1080,1891896
2018-05-10_18-12-41.416841253,1525968761.418656011,2018-05-10_18-12-41.422487997,1525968761.424194327,0.99,0.97,0.82,296152084,343995130528,603963,1061252,16175,1310339,499530,372918,2834,1176366,269231,170,88390,63325825,18033,0,3003,0,251281,0,32804244,12853148,14434200,1080,1891896
2018-05-10_18-13-11.467484363,1525968791.469224649,2018-05-10_18-13-11.473072646,1525968791.474779263,1.00,0.97,0.82,296152084,343995130528,603963,1061252,16175,1310339,499530,372918,2834,1176366,272238,170,88405,63346825,18034,0,3003,0,254284,0,32804244,12853968,14434664,1080,1891896
2018-05-10_18-13-41.517715229,1525968821.519453114,2018-05-10_18-13-41.523241851,1525968821.524939722,1.00,0.97,0.83,296152084,343995130528,603963,1061252,16175,1310339,499530,372918,2834,1176366,275243,170,88424,63367823,18036,0,3003,0,257285,0,32804244,12853904,14434956,1080,1891896
2018-05-10_18-14-11.567838462,1525968851.569598294,2018-05-10_18-14-11.573423825,1525968851.575126055,1.00,0.98,0.83,296152084,343995130528,603963,1061252,16175,1310339,499530,372918,2834,1176366,278252,170,88440,63388821,18037,0,3003,0,260287,0,32804244,12853424,14434736,1080,1891896
2018-05-10_18-14-41.618174795,1525968881.619945351,2018-05-10_18-14-41.623762943,1525968881.625470466,1.00,0.98,0.84,296152084,343995130528,603963,1061252,16175,1310339,499530,372918,2834,1176366,281264,170,88475,63409794,18038,0,3003,0,263295,0,32804244,12853540,14434560,1080,1891896
2018-05-10_18-15-11.668646777,1525968911.670505217,2018-05-10_18-15-11.674392317,1525968911.676102835,1.00,0.98,0.85,296152084,343995130528,603963,1061252,16175,1310339,499530,372918,2834,1176366,284283,170,88495,63430779,18039,0,3003,0,266306,0,32804244,12841320,14422380,1080,1891908
2018-05-10_18-15-41.719267471,1525968941.721028013,2018-05-10_18-15-41.724848378,1525968941.726560559,1.00,0.99,0.85,296152084,343995130528,603963,1061252,16175,1310339,499530,372918,2834,1176366,287290,170,88508,63451776,18043,0,3004,0,269310,0,32804244,12840904,14421704,1080,1891912
2018-05-10_18-16-11.769491410,1525968971.771264991,2018-05-10_18-16-11.775173198,1525968971.776884962,1.00,0.99,0.86,296152084,343995130528,603963,1061252,16175,1310339,499530,372918,2834,1176366,290311,170,88531,63472749,18049,0,3004,0,272323,0,32804244,12841276,14422264,1080,1891916
2018-05-10_18-16-41.820790817,1525969001.822654329,2018-05-10_18-16-41.826564324,1525969001.828290340,1.06,1.00,0.87,296152084,343995130528,603963,1061252,16175,1310339,499530,372918,2834,1176366,293325,170,88561,63493722,18054,0,3004,0,275331,0,32804244,12840428,14421496,1080,1891916
2018-05-10_18-17-11.871380781,1525969031.873139867,2018-05-10_18-17-11.876953805,1525969031.878661774,1.04,1.00,0.87,296152084,343995130528,603963,1061252,16175,1310339,499530,372918,2834,1176366,296329,170,88580,63514720,18055,0,3004,0,278331,0,32804244,12841148,14422220,1080,1891920
2018-05-10_18-17-41.922076402,1525969061.923966039,2018-05-10_18-17-41.927894830,1525969061.929615235,1.02,1.00,0.87,296152084,343995130528,603963,1061252,16175,1310339,499530,372918,2834,1176366,299345,170,88598,63535705,18058,0,3004,0,281340,0,32804244,12841532,14422604,1080,1891920
2018-05-10_18-18-11.973043846,1525969091.974898559,2018-05-10_18-18-11.978801389,1525969091.980516453,1.01,1.00,0.88,296152084,343995130528,603963,1061252,16175,1310339,499530,372918,2834,1176366,302357,170,88614,63556697,18062,0,3004,0,284347,0,32804244,12853884,14434956,1080,1891916
2018-05-10_18-18-42.023650936,1525969122.025470866,2018-05-10_18-18-42.029259052,1525969122.030959729,1.01,1.00,0.88,296152084,343995130528,603963,1061252,16175,1310339,499530,372918,2834,1176366,305373,170,88635,63577677,18067,0,3004,0,287360,0,32804244,12854080,14434860,1080,1891916
2018-05-10_18-19-12.073897837,1525969152.075743838,2018-05-10_18-19-12.079605935,1525969152.081317993,1.01,1.00,0.88,296152084,343995130528,603963,1061252,16175,1310339,499530,372918,2834,1176366,308120,170,89085,63598674,18068,0,3004,0,290101,0,32804244,12854048,14435120,1080,1891916
2018-05-10_18-19-42.124227638,1525969182.125965589,2018-05-10_18-19-42.129763276,1525969182.131477736,1.00,1.00,0.89,296152084,343995130528,603963,1061252,16175,1310339,499530,372918,2834,1176366,311195,170,89122,63619670,18071,0,3004,0,293172,0,32804244,12853616,14434948,1080,1891916
2018-05-10_18-20-12.175313682,1525969212.177091536,2018-05-10_18-20-12.180938911,1525969212.182640810,1.00,1.00,0.89,296152084,343995130528,603963,1061252,16175,1310339,499530,372918,2834,1176366,314224,170,89157,63640641,18074,0,3005,0,296195,0,32804244,12853220,14434560,1080,1891924
2018-05-10_18-20-42.225726532,1525969242.227547811,2018-05-10_18-20-42.231361234,1525969242.233060707,1.00,1.00,0.89,296152084,343995130528,603963,1061252,16175,1310339,499530,372918,2834,1176366,317229,170,89187,63661641,18077,0,3005,0,299194,0,32804244,12853640,14434984,1080,1891928
2018-05-10_18-21-12.275861557,1525969272.277622540,2018-05-10_18-21-12.281452723,1525969272.283155736,1.00,1.00,0.89,296152084,343995130528,603963,1061252,16175,1310339,499530,372918,2834,1176366,320239,170,89206,63682640,18078,0,3005,0,302199,0,32804244,12853740,14435084,1080,1891928
2018-05-10_18-21-42.326100542,1525969302.327855690,2018-05-10_18-21-42.331654197,1525969302.333355192,1.00,1.00,0.90,296152084,343995130528,603963,1061252,16175,1310339,499530,372918,2834,1176366,323247,170,89219,63703642,18079,0,3005,0,305204,0,32804244,12854004,14435088,1080,1891928
2018-05-10_18-22-12.376118542,1525969332.377881532,2018-05-10_18-22-12.381745837,1525969332.383450602,1.00,1.00,0.90,296152084,343995130528,603963,1061252,16175,1310339,499530,372918,2834,1176366,326254,170,89238,63724640,18080,0,3006,0,308207,0,32804244,12853156,14434244,1080,1891932
2018-05-10_18-22-42.426367488,1525969362.428113270,2018-05-10_18-22-42.431906274,1525969362.433619194,1.00,1.00,0.90,296152084,343995130528,603963,1061252,16175,1310339,499530,372918,2834,1176366,329269,170,89276,63745611,18081,0,3006,0,311217,0,32804244,12853816,14434640,1080,1891932
2018-05-10_18-23-12.476601145,1525969392.478384499,2018-05-10_18-23-12.482283750,1525969392.483996106,1.00,1.00,0.91,296152084,343995130528,603963,1061252,16175,1310339,499530,372918,2834,1176366,332286,170,89302,63766591,18081,0,3006,0,314228,0,32804244,12840320,14421672,1080,1891940
2018-05-10_18-23-42.527184545,1525969422.528933554,2018-05-10_18-23-42.532747804,1525969422.534462616,1.00,1.00,0.91,296152084,343995130528,603963,1061252,16175,1310339,499530,372918,2834,1176366,335292,170,89319,63787593,18082,0,3006,0,317230,0,32804244,12840788,14421880,1080,1891940
2018-05-10_18-24-12.577709125,1525969452.579580411,2018-05-10_18-24-12.583471384,1525969452.585174304,1.00,1.00,0.91,296152084,343995130528,603963,1061252,16175,1310339,499530,372918,2834,1176366,338310,170,89341,63808577,18083,0,3006,0,320240,0,32804244,12840800,14421572,1080,1891944
2018-05-10_18-24-42.628430237,1525969482.630209176,2018-05-10_18-24-42.634107415,1525969482.635822730,1.06,1.02,0.92,296152084,343995130528,603963,1061252,16175,1310339,499530,372918,2834,1176366,341327,170,89364,63829554,18091,0,3006,0,323251,0,32804244,12841080,14422176,1080,1891944
2018-05-10_18-25-12.679162826,1525969512.680951620,2018-05-10_18-25-12.684807883,1525969512.686519781,1.10,1.03,0.93,296152084,343995130528,603963,1061252,16175,1310339,499530,372918,2834,1176366,344328,170,89396,63850547,18093,0,3006,0,326249,0,32804244,12840700,14422056,1080,1891944
2018-05-10_18-25-42.729812874,1525969542.731683994,2018-05-10_18-25-42.735588031,1525969542.737303206,1.06,1.03,0.93,296152084,343995130528,603963,1061252,16175,1310339,499530,372918,2834,1176366,347344,170,89435,63871525,18097,0,3006,0,329259,0,32804244,12841448,14422240,1080,1891948
2018-05-10_18-26-12.780787179,1525969572.782652862,2018-05-10_18-26-12.786514736,1525969572.788222094,1.04,1.02,0.93,296152084,343995130528,603963,1061252,16175,1310339,499530,372918,2834,1176366,350361,170,89469,63892512,18103,0,3006,0,332271,0,32804244,12853188,14434544,1080,1891940
2018-05-10_18-26-42.831195981,1525969602.832956535,2018-05-10_18-26-42.836779264,1525969602.838488524,1.02,1.02,0.94,296152084,343995130528,603963,1061252,16175,1310339,499530,372918,2834,1176366,353386,170,89503,63913494,18104,0,3007,0,335291,0,32804244,12853816,14434832,1080,1891940
2018-05-10_18-27-12.881575063,1525969632.883425379,2018-05-10_18-27-12.887273251,1525969632.888989885,1.01,1.02,0.94,296152084,343995130528,603963,1061252,16175,1310339,499530,372918,2834,1176366,356394,170,89521,63934488,18110,0,3007,0,338295,0,32804244,12853936,14435032,1080,1891940
2018-05-10_18-27-42.932168885,1525969662.934277956,2018-05-10_18-27-42.938174650,1525969662.939896737,1.01,1.02,0.94,296152084,343995130528,603963,1061252,16175,1310339,499530,372918,2834,1176366,359398,170,89540,63955490,18110,0,3007,0,341296,0,32804244,12853744,14434840,1080,1891940
2018-05-10_18-28-12.982633488,1525969692.984388066,2018-05-10_18-28-12.988245851,1525969692.989962813,1.01,1.01,0.95,296152084,343995130528,603963,1061252,16175,1310339,499530,372918,2834,1176366,362404,170,89559,63976484,18115,0,3007,0,344298,0,32804244,12853896,14435252,1080,1891940
2018-05-10_18-28-43.033162923,1525969723.035275768,2018-05-10_18-28-43.039170240,1525969723.040876424,1.00,1.01,0.95,296152084,343995130528,603963,1061252,16175,1310339,499530,372918,2834,1176366,365408,170,89578,63997484,18117,0,3007,0,347297,0,32804244,12853704,14434476,1080,1891940
2018-05-10_18-29-13.083947575,1525969753.085785132,2018-05-10_18-29-13.089613253,1525969753.091324997,1.00,1.01,0.95,296152084,343995130528,603963,1061252,16175,1310339,499530,372918,2834,1176366,368415,170,89594,64018482,18119,0,3007,0,350300,0,32804244,12852852,14433952,1080,1891944
2018-05-10_18-29-43.135130480,1525969783.136905487,2018-05-10_18-29-43.140732620,1525969783.142449870,1.00,1.01,0.95,296152084,343995130528,603963,1061252,16175,1310339,499530,372918,2834,1176366,371424,170,89606,64039485,18120,0,3007,0,353304,0,32804244,12853504,14434604,1080,1891944
2018-05-10_18-30-13.185337521,1525969813.187093449,2018-05-10_18-30-13.190940815,1525969813.192642976,1.00,1.01,0.95,296152084,343995130528,603963,1061252,16175,1310339,499530,372918,2834,1176366,374440,170,89636,64060458,18121,0,3007,0,356317,0,32804244,12853444,14434552,1080,1891952
2018-05-10_18-30-43.235609216,1525969843.237354024,2018-05-10_18-30-43.241157937,1525969843.242867225,1.00,1.01,0.95,296152084,343995130528,603963,1061252,16175,1310339,499530,372918,2834,1176366,377460,170,89674,64081422,18123,0,3007,0,359333,0,32804244,12853756,14434872,1080,1891960
2018-05-10_18-31-13.285835098,1525969873.287620685,2018-05-10_18-31-13.291535090,1525969873.293251102,1.00,1.01,0.95,296152084,343995130528,603963,1061252,16175,1310339,499530,372918,2834,1176366,380476,170,89696,64102402,18128,0,3007,0,362343,0,32804244,12840184,14421308,1080,1891972
2018-05-10_18-31-43.337233187,1525969903.338979290,2018-05-10_18-31-43.342800468,1525969903.344502040,0.93,1.00,0.95,296152084,343995130528,603963,1061252,16175,1310339,499530,372918,2834,1176366,383483,170,89709,64123401,18130,0,3007,0,365346,0,32804244,12840836,14421960,1080,1891972
2018-05-10_18-32-13.387615997,1525969933.389385741,2018-05-10_18-32-13.393273190,1525969933.394988831,0.96,1.00,0.95,296152084,343995130528,603963,1061252,16175,1310339,499530,372918,2834,1176366,386495,170,89733,64144383,18133,0,3007,0,368352,0,32804244,12840328,14421452,1080,1891972
2018-05-10_18-32-43.438261471,1525969963.440051477,2018-05-10_18-32-43.443971531,1525969963.445692839,0.97,1.00,0.95,296152084,343995130528,603963,1061252,16175,1310339,499530,372918,2834,1176366,389512,170,89748,64165370,18137,0,3008,0,371363,0,32804244,12840428,14421556,1080,1891976
2018-05-10_18-33-13.488877531,1525969993.490630674,2018-05-10_18-33-13.494465340,1525969993.496169875,0.98,1.00,0.95,296152084,343995130528,603963,1061252,16175,1310339,499530,372918,2834,1176366,392520,170,89763,64186366,18138,0,3008,0,374367,0,32804244,12840140,14421528,1080,1891976
2018-05-10_18-33-43.539384504,1525970023.541172843,2018-05-10_18-33-43.545078104,1525970023.546796977,1.05,1.01,0.96,296152084,343995130528,603963,1061252,16175,1310339,499530,372918,2834,1176366,395531,170,89791,64207346,18140,0,3008,0,377374,0,32804244,12840484,14421672,1080,1891980
2018-05-10_18-34-13.590065646,1525970053.591835691,2018-05-10_18-34-13.595708423,1525970053.597407114,1.03,1.01,0.96,296152084,343995130528,603963,1061252,16175,1310339,499530,372918,2834,1176366,398542,170,89811,64228334,18146,0,3008,0,380379,0,32804244,12853300,14434428,1080,1891972
2018-05-10_18-34-43.640670509,1525970083.642433753,2018-05-10_18-34-43.646227586,1525970083.647945829,1.02,1.01,0.96,296152084,343995130528,603963,1061252,16175,1310339,499530,372918,2834,1176366,401561,170,89831,64249312,18149,0,3008,0,383395,0,32804244,12853796,14434924,1080,1891972
2018-05-10_18-35-13.690813440,1525970113.692576752,2018-05-10_18-35-13.696404902,1525970113.698109026,0.93,1.00,0.95,296152084,343995130528,603963,1061252,16175,1310339,499530,372918,2834,1176366,404568,170,89847,64270308,18151,0,3008,0,386398,0,32804244,12854040,14435168,1080,1891972
2018-05-10_18-35-43.740971128,1525970143.742714558,2018-05-10_18-35-43.746504739,1525970143.748194629,1.02,1.01,0.96,296152084,343995130528,603963,1061252,16175,1310339,499530,372918,2834,1176366,407572,170,89862,64291305,18157,0,3008,0,389398,0,32804244,12854000,14435080,1080,1891972
2018-05-10_18-36-13.791042497,1525970173.792802417,2018-05-10_18-36-13.796659278,1525970173.798368119,0.93,1.00,0.95,296152084,343995130528,603963,1061252,16175,1310339,499530,372918,2834,1176366,410581,170,89876,64312302,18161,0,3008,0,392403,0,32804244,12853752,14434532,1080,1891972
2018-05-10_18-36-43.842143018,1525970203.843876182,2018-05-10_18-36-43.847683645,1525970203.849386705,0.96,1.00,0.95,296152084,343995130528,603963,1061252,16175,1310339,499530,372918,2834,1176366,413589,170,89887,64333304,18161,0,3008,0,395408,0,32804244,12854120,14435252,1080,1891976
2018-05-10_18-37-13.892491110,1525970233.894237707,2018-05-10_18-37-13.898071497,1525970233.899793160,0.97,1.00,0.95,296152084,343995130528,603963,1061252,16175,1310339,499530,372918,2834,1176366,416596,170,89901,64354302,18164,0,3008,0,398411,0,32804244,12854116,14435512,1080,1891976
2018-05-10_18-37-43.942703213,1525970263.944460256,2018-05-10_18-37-43.948259402,1525970263.949964720,0.98,1.00,0.95,296152084,343995130528,603963,1061252,16175,1310339,499530,372918,2834,1176366,419599,170,89919,64375302,18165,0,3008,0,401411,0,32804244,12854280,14435412,1080,1891976
2018-05-10_18-38-13.992769304,1525970293.994522751,2018-05-10_18-38-13.998344244,1525970294.000059624,0.99,1.00,0.95,296152084,343995130528,603963,1061252,16175,1310339,499530,372918,2834,1176366,422606,170,89934,64396301,18167,0,3008,0,404413,0,32804244,12853968,14435100,1080,1891976
2018-05-10_18-38-44.042866441,1525970324.044619890,2018-05-10_18-38-44.048438160,1525970324.050147434,0.99,1.00,0.95,296152084,343995130528,603963,1061252,16175,1310339,499530,372918,2834,1176366,425620,170,89966,64417274,18168,0,3008,0,407424,0,32804244,12854256,14435388,1080,1891976
2018-05-10_18-39-14.093217305,1525970354.094990966,2018-05-10_18-39-14.098865885,1525970354.100580301,1.00,1.00,0.95,296152084,343995130528,603963,1061252,16175,1310339,499530,372918,2834,1176366,428636,170,89988,64438254,18170,0,3008,0,410435,0,32804244,12840520,14421656,1080,1891988
2018-05-10_18-39-44.143605892,1525970384.145347957,2018-05-10_18-39-44.149152646,1525970384.150860468,1.05,1.01,0.96,296152084,343995130528,603963,1061252,16175,1310339,499530,372918,2834,1176366,431642,170,90003,64459253,18174,0,3009,0,413438,0,32804244,12841228,14422012,1080,1891988
2018-05-10_18-40-14.193741374,1525970414.195506756,2018-05-10_18-40-14.199385502,1525970414.201105036,1.08,1.03,0.97,296152084,343995130528,603963,1061252,16175,1310339,499530,372918,2834,1176366,434669,170,90025,64480221,18178,0,3009,0,416456,0,32804244,12840104,14421252,1080,1891996
2018-05-10_18-40-44.244350965,1525970444.246138678,2018-05-10_18-40-44.250032553,1525970444.251753758,1.05,1.03,0.97,296152084,343995130528,603963,1061252,16175,1310339,499530,372918,2834,1176366,437687,170,90045,64501197,18185,0,3009,0,419469,0,32804244,12840108,14421268,1080,1892008
2018-05-10_18-41-14.295154770,1525970474.297340410,2018-05-10_18-41-14.301295762,1525970474.303023229,1.03,1.02,0.97,296152084,343995130528,603963,1061252,16175,1310339,499530,372918,2834,1176366,440690,170,90071,64522189,18187,0,3009,0,422469,0,32804244,12839900,14421060,1080,1892008
2018-05-10_18-41-44.346185776,1525970504.347989121,2018-05-10_18-41-44.351912434,1525970504.353625146,1.08,1.04,0.97,296152084,343995130528,603963,1061252,16175,1310339,499530,372918,2834,1176366,443706,170,90093,64543167,18191,0,3009,0,425480,0,32804244,12840448,14421612,1080,1892012
2018-05-10_18-42-14.396872178,1525970534.398634888,2018-05-10_18-42-14.402498335,1525970534.404205421,1.05,1.03,0.97,296152084,343995130528,603963,1061252,16175,1310339,499530,372918,2834,1176366,446710,170,90113,64564155,18200,0,3009,0,428479,0,32804244,12851820,14432980,1080,1892004
2018-05-10_18-42-44.447196158,1525970564.448957145,2018-05-10_18-42-44.452769262,1525970564.454486877,1.03,1.03,0.97,296152084,343995130528,603963,1061252,16175,1310339,499530,372918,2834,1176366,449727,170,90134,64585138,18202,0,3009,0,431493,0,32804244,12852472,14433632,1080,1892004
2018-05-10_18-43-14.497488245,1525970594.499244318,2018-05-10_18-43-14.503083991,1525970594.504791692,1.02,1.03,0.97,296152084,343995130528,603963,1061252,16175,1310339,499530,372918,2834,1176366,452736,170,90148,64606133,18206,0,3009,0,434499,0,32804244,12853084,14434244,1080,1892004
2018-05-10_18-43-44.547970343,1525970624.549723251,2018-05-10_18-43-44.553520464,1525970624.555215415,1.01,1.02,0.97,296152084,343995130528,603963,1061252,16175,1310339,499530,372918,2834,1176366,455743,170,90161,64627129,18213,0,3009,0,437502,0,32804244,12852596,14433784,1080,1892008
2018-05-10_18-44-14.599105492,1525970654.601204765,2018-05-10_18-44-14.605157345,1525970654.606881109,1.01,1.02,0.97,296152084,343995130528,603963,1061252,16175,1310339,499530,372918,2834,1176366,458747,170,90181,64648123,18218,0,3010,0,440502,0,32804244,12852964,14434016,1080,1892008
2018-05-10_18-44-44.649826890,1525970684.651595582,2018-05-10_18-44-44.655407283,1525970684.657115100,0.95,1.00,0.97,296152084,343995130528,603963,1061252,16175,1310339,499530,372918,2834,1176366,461755,170,90196,64669124,18218,0,3010,0,443506,0,32804244,12853432,14434332,1080,1892008
2018-05-10_18-45-14.699941709,1525970714.701703156,2018-05-10_18-45-14.705525830,1525970714.707219838,0.97,1.00,0.97,296152084,343995130528,603963,1061252,16175,1310339,499530,372918,2834,1176366,464761,170,90212,64690122,18220,0,3010,0,446508,0,32804244,12853040,14433848,1080,1892008
2018-05-10_18-45-44.750430609,1525970744.752163913,2018-05-10_18-45-44.755963575,1525970744.757661050,0.98,1.00,0.97,296152084,343995130528,603963,1061252,16175,1310339,499530,372918,2834,1176366,467764,170,90228,64711123,18222,0,3010,0,449508,0,32804244,12852664,14434088,1080,1892008
2018-05-10_18-46-14.800384327,1525970774.802133748,2018-05-10_18-46-14.805968907,1525970774.807677372,0.99,1.00,0.97,296152084,343995130528,603963,1061252,16175,1310339,499530,372918,2834,1176366,470771,170,90243,64732119,18227,0,3010,0,452512,0,32804244,12853228,14434392,1080,1892008
2018-05-10_18-46-44.850536641,1525970804.852262128,2018-05-10_18-46-44.856053088,1525970804.857756310,0.99,1.00,0.97,296152084,343995130528,603963,1061252,16175,1310339,499530,372918,2834,1176366,473777,170,90255,64753121,18228,0,3010,0,455515,0,32804244,12853224,14434648,1080,1892008
2018-05-10_18-47-14.900644229,1525970834.902419838,2018-05-10_18-47-14.906300357,1525970834.908023577,0.92,0.99,0.96,296152084,343995130528,603963,1061252,16175,1310339,499530,372918,2834,1176366,476795,170,90298,64774080,18231,0,3010,0,458526,0,32804244,12839712,14420880,1080,1892016
2018-05-10_18-47-44.950899817,1525970864.952653785,2018-05-10_18-47-44.956455097,1525970864.958155051,0.90,0.97,0.95,296152084,343995130528,603963,1061252,16175,1310339,499530,372918,2834,1176366,479816,170,90318,64795061,18231,0,3010,0,461543,0,32804244,12840400,14421244,1080,1892016
2018-05-10_18-48-15.001258337,1525970895.003023427,2018-05-10_18-48-15.006889492,1525970895.008599237,0.94,0.98,0.95,296152084,343995130528,603963,1061252,16175,1310339,499530,372918,2834,1176366,482834,170,90336,64816041,18237,0,3010,0,464554,0,32804244,12840368,14421540,1080,1892020
2018-05-10_18-48-45.051763806,1525970925.053777554,2018-05-10_18-48-45.057762533,1525970925.059487008,1.04,1.00,0.96,296152084,343995130528,603963,1061252,16175,1310339,499530,372918,2834,1176366,485845,170,90358,64837024,18243,0,3011,0,467559,0,32804244,12840672,14421848,1080,1892024
2018-05-10_18-49-15.102606394,1525970955.104364401,2018-05-10_18-49-15.108248726,1525970955.109970760,1.03,1.00,0.96,296152084,343995130528,603963,1061252,16175,1310339,499530,372918,2834,1176366,488854,170,90373,64858022,18245,0,3011,0,470563,0,32804244,12840720,14421604,1080,1892024
2018-05-10_18-49-45.153327975,1525970985.155098084,2018-05-10_18-49-45.159002647,1525970985.160719945,1.02,1.00,0.96,296152084,343995130528,603963,1061252,16175,1310339,499530,372918,2834,1176366,491870,170,90389,64879007,18250,0,3011,0,473574,0,32804244,12840116,14421552,1080,1892024
2018-05-10_18-50-15.204228432,1525971015.206004725,2018-05-10_18-50-15.209881010,1525971015.211594974,1.01,1.00,0.96,296152084,343995130528,603963,1061252,16175,1310339,499530,372918,2834,1176366,494884,170,90420,64899978,18256,0,3011,0,476581,0,32804244,12852764,14433948,1080,1892028
2018-05-10_18-50-45.254534447,1525971045.256268975,2018-05-10_18-50-45.260057614,1525971045.261758410,1.07,1.01,0.97,296152084,343995130528,603963,1061252,16175,1310339,499530,372918,2834,1176366,497891,170,90434,64920975,18262,0,3011,0,479584,0,32804244,12852560,14434012,1080,1892036
2018-05-10_18-51-15.304811504,1525971075.306659092,2018-05-10_18-51-15.310511616,1525971075.312205282,1.04,1.01,0.97,296152084,343995130528,603963,1061252,16175,1310339,499530,372918,2834,1176366,500896,170,90452,64941969,18268,0,3011,0,482585,0,32804244,12853224,14434416,1080,1892036
2018-05-10_18-51-45.355349349,1525971105.357304452,2018-05-10_18-51-45.361534017,1525971105.363334603,0.97,1.00,0.96,296152084,343995130528,603963,1061252,16175,1310339,499530,372918,2834,1176366,503914,170,90475,64962947,18268,0,3011,0,485601,0,32804244,12852764,14433956,1080,1892036
2018-05-10_18-52-15.406213856,1525971135.407976537,2018-05-10_18-52-15.411831490,1525971135.413546980,0.93,0.98,0.95,296152084,343995130528,603963,1061252,16175,1310339,499530,372918,2834,1176366,506921,170,90490,64983940,18275,0,3011,0,488603,0,32804244,12853728,14434580,1080,1892036
2018-05-10_18-52-45.456925379,1525971165.458891928,2018-05-10_18-52-45.463233366,1525971165.465273678,0.96,0.98,0.95,296152084,343995130528,603963,1061252,16175,1310339,499530,372918,2834,1176366,509928,170,90502,65004943,18280,0,3012,0,491607,0,32804244,12849144,14430228,1080,1892036
2018-05-10_18-53-15.512355820,1525971195.514114597,2018-05-10_18-53-15.518500910,1525971195.520282226,0.97,0.99,0.95,296152084,343995130528,603963,1061252,16175,1310339,499530,372918,2834,1176366,512936,170,90517,65025945,18281,0,3012,0,494611,0,32804244,12851964,14433156,1080,1892036
2018-05-10_18-53-45.563221553,1525971225.564974068,2018-05-10_18-53-45.568779491,1525971225.570489237,1.05,1.00,0.96,296152084,343995130528,603963,1061252,16175,1310339,499530,372918,2834,1176366,515943,170,90532,65046943,18283,0,3012,0,497615,0,32804244,12853168,14434004,1080,1892036
2018-05-10_18-54-15.613375402,1525971255.615144172,2018-05-10_18-54-15.618964471,1525971255.620667244,1.03,1.00,0.96,296152084,343995130528,603963,1061252,16175,1310339,499530,372918,2834,1176366,518947,170,90553,65067941,18285,0,3012,0,500614,0,32804244,12853184,14434376,1080,1892036
2018-05-10_18-54-45.663817780,1525971285.665614503,2018-05-10_18-54-45.669454810,1525971285.671166709,1.02,1.00,0.96,296152084,343995130528,603963,1061252,16175,1310339,499530,372918,2834,1176366,521951,170,90570,65088944,18287,0,3012,0,503614,0,32804244,12853108,14434300,1080,1892036
2018-05-10_18-55-15.714242278,1525971315.716015639,2018-05-10_18-55-15.719905895,1525971315.721624016,1.01,1.00,0.96,296152084,343995130528,603963,1061252,16175,1310339,499530,372918,2834,1176366,524966,170,90605,65109915,18287,0,3012,0,506622,0,32804244,12839896,14420736,1080,1892044
2018-05-10_18-55-45.764683821,1525971345.766441038,2018-05-10_18-55-45.770225064,1525971345.771931969,0.93,0.99,0.95,296152084,343995130528,603963,1061252,16175,1310339,499530,372918,2834,1176366,527984,170,90626,65130897,18288,0,3012,0,509636,0,32804244,12839784,14420980,1080,1892044
2018-05-10_18-56-15.814885657,1525971375.816662561,2018-05-10_18-56-15.820544913,1525971375.822254103,0.90,0.97,0.95,296152084,343995130528,603963,1061252,16175,1310339,499530,372918,2834,1176366,531003,170,90645,65151877,18292,0,3012,0,512648,0,32804244,12839824,14421024,1080,1892048
2018-05-10_18-56-45.865516600,1525971405.867303110,2018-05-10_18-56-45.871202681,1525971405.872918754,0.94,0.97,0.95,296152084,343995130528,603963,1061252,16175,1310339,499530,372918,2834,1176366,534019,170,90678,65172840,18300,0,3012,0,515657,0,32804244,12840328,14421536,1080,1892056
2018-05-10_18-57-15.916167156,1525971435.917950165,2018-05-10_18-57-15.921788219,1525971435.923506484,0.96,0.98,0.95,296152084,343995130528,603963,1061252,16175,1310339,499530,372918,2834,1176366,537024,170,90695,65193836,18303,0,3012,0,518658,0,32804244,12839412,14420620,1080,1892056
2018-05-10_18-57-45.966975251,1525971465.968776531,2018-05-10_18-57-45.972694565,1525971465.974405830,1.05,1.00,0.96,296152084,343995130528,603963,1061252,16175,1310339,499530,372918,2834,1176366,540036,170,90715,65214822,18306,0,3012,0,521664,0,32804244,12839460,14420668,1080,1892056
2018-05-10_18-58-16.017775723,1525971496.019548423,2018-05-10_18-58-16.023428500,1525971496.025134669,1.03,1.00,0.96,296152084,343995130528,603963,1061252,16175,1310339,499530,372918,2834,1176366,543046,170,90732,65235814,18310,0,3012,0,524671,0,32804244,12851896,14433108,1080,1892056
2018-05-10_18-58-46.069033016,1525971526.070782676,2018-05-10_18-58-46.074577654,1525971526.076280936,1.02,1.00,0.96,296152084,343995130528,603963,1061252,16175,1310339,499530,372918,2834,1176366,546053,170,90745,65256814,18312,0,3013,0,527675,0,32804244,12852628,14433840,1080,1892056
