StartTime,StartEpoch,BW,EndTime,EndEpoch,CPULoad1m,CPULoad5m,CPULoad5m,NetDevRX,NetDevTX,IRQens2-0,IRQens2-1,IRQens2-2,IRQens2-3,IRQens2-4,IRQens2-5,IRQens2-6,IRQens2-7,user,nice,system,idle,iowait,irq,softirq,steal,guest,guest_nice,MemTotal,MemFree,MemAvailable,Buffers,Cached
2018-05-02_18-58-42.713308308,1525280322.714854706,27568083161,2018-05-02_18-59-12.752160908,1525280352.753800185,0.69,0.21,0.13,73306528274,39959832,1006,8056,30,2700842,26,141501,317,0,1005,0,6982,669354,2888,0,2376,0,0,0,32805052,31817544,31701080,948,159524
2018-05-02_18-59-12.798416546,1525280352.800841357,22930183741,2018-05-02_18-59-42.835213006,1525280382.836686352,1.40,0.43,0.21,134999520254,88291098,1007,8056,32,2700852,286,2196024,215696,91976,1105,0,12186,685733,2888,0,4513,0,0,0,32805052,31818288,31702112,948,159524
2018-05-02_18-59-42.872058880,1525280382.873507901,27842263195,2018-05-02_19-00-12.911746666,1525280412.913263030,1.86,0.64,0.29,193471002820,119156844,1015,8056,32,2700852,555,2346220,2310164,92098,1211,0,17781,701632,2890,0,6772,0,0,0,32805052,31818072,31702020,948,159532
2018-05-02_19-00-12.954670545,1525280412.957839998,27777220849,2018-05-02_19-00-24.682163975,1525280424.683677916,1.83,0.69,0.31,216366763694,131719164,1065,8056,32,2700852,1019,3218254,2311675,94259,1256,0,19958,707850,2890,0,7657,0,0,0,32805052,31815580,31699772,948,159532
2018-05-02_19-00-24.719036650,1525280424.720513767,,2018-05-02_19-00-24.727294017,1525280424.728782361,1.83,0.69,0.31,216366763760,131719224,1065,8056,32,2700852,1019,3218254,2311677,94259,1258,0,19962,707881,2890,0,7657,0,0,0,32805052,31813884,31697520,948,159532
2018-05-02_19-00-24.763856556,1525280424.765321839,,2018-05-02_19-00-24.772028283,1525280424.773511942,1.83,0.69,0.31,216366763760,131719284,1067,8056,32,2700852,1019,3218254,2311677,94259,1259,0,19966,707911,2890,0,7657,0,0,0,32805052,31812996,31696928,948,159532
2018-05-02_19-00-24.808720115,1525280424.810185569,,2018-05-02_19-00-24.816747163,1525280424.818239772,1.83,0.69,0.31,216366763826,131719344,1067,8056,32,2700854,1019,3218254,2311677,94259,1260,0,19969,707942,2890,0,7657,0,0,0,32805052,31812508,31696424,948,159532
2018-05-02_19-00-24.853232460,1525280424.854685183,,2018-05-02_19-00-24.861274077,1525280424.862783286,1.83,0.69,0.31,216366763892,131719404,1067,8056,32,2700856,1019,3218254,2311677,94259,1262,0,19972,707973,2890,0,7657,0,0,0,32805052,31812244,31695876,948,159532
2018-05-02_19-00-24.897927484,1525280424.899393327,,2018-05-02_19-00-24.905913320,1525280424.907405364,1.83,0.69,0.31,216366763958,131719464,1069,8056,32,2700856,1019,3218254,2311677,94259,1264,0,19975,708003,2890,0,7657,0,0,0,32805052,31811628,31695820,948,159532
2018-05-02_19-00-24.942300970,1525280424.943759340,,2018-05-02_19-00-24.950358552,1525280424.951851393,1.83,0.69,0.31,216366764024,131719524,1069,8056,32,2700856,1019,3218254,2311679,94259,1265,0,19979,708034,2890,0,7657,0,0,0,32805052,31811352,31695228,948,159532
2018-05-02_19-00-24.986929285,1525280424.988404741,,2018-05-02_19-00-24.994948233,1525280424.996442546,1.83,0.69,0.31,216366764090,131719584,1069,8056,32,2700856,1019,3218256,2311679,94259,1267,0,19983,708064,2890,0,7657,0,0,0,32805052,31810516,31694444,948,159532
2018-05-02_19-00-25.031406557,1525280425.032868997,,2018-05-02_19-00-25.039426561,1525280425.040921733,1.83,0.69,0.31,216366764156,131719644,1069,8056,32,2700856,1019,3218258,2311679,94259,1268,0,19986,708095,2890,0,7657,0,0,0,32805052,31810364,31694556,948,159532
2018-05-02_19-00-25.076012628,1525280425.077472473,,2018-05-02_19-00-25.083970769,1525280425.085460066,1.83,0.69,0.31,216366764222,131719704,1069,8056,32,2700856,1019,3218258,2311681,94259,1269,0,19990,708125,2890,0,7657,0,0,0,32805052,31810572,31694744,948,159532
2018-05-02_19-00-25.120429129,1525280425.121875734,,2018-05-02_19-00-25.128489958,1525280425.129978382,1.83,0.69,0.31,216366764288,131719764,1071,8056,32,2700856,1019,3218258,2311681,94259,1271,0,19994,708156,2890,0,7657,0,0,0,32805052,31810032,31694204,948,159532
2018-05-02_19-00-25.165068520,1525280425.166510269,,2018-05-02_19-00-25.172976415,1525280425.174449172,1.83,0.69,0.31,216366764354,131719764,1071,8056,32,2700858,1019,3218258,2311681,94259,1273,0,19997,708186,2890,0,7657,0,0,0,32805052,31809600,31693532,948,159532
2018-05-02_19-00-25.209493610,1525280425.210958554,,2018-05-02_19-00-25.217536201,1525280425.219028921,1.83,0.69,0.31,216366764420,131719824,1071,8056,32,2700860,1019,3218258,2311681,94259,1274,0,20000,708217,2890,0,7657,0,0,0,32805052,31810844,31695004,948,159532
2018-05-02_19-00-25.254467120,1525280425.255927640,,2018-05-02_19-00-25.262476100,1525280425.263970327,1.83,0.69,0.31,216366764486,131719884,1073,8056,32,2700860,1019,3218258,2311681,94259,1275,0,20004,708248,2890,0,7657,0,0,0,32805052,31810796,31694724,948,159532
2018-05-02_19-00-25.298960138,1525280425.300434481,,2018-05-02_19-00-25.307034451,1525280425.308546806,1.83,0.69,0.31,216366764552,131719944,1073,8056,32,2700860,1019,3218258,2311683,94259,1277,0,20008,708278,2890,0,7657,0,0,0,32805052,31810856,31694764,948,159532
2018-05-02_19-00-25.343672765,1525280425.345140424,,2018-05-02_19-00-25.351619321,1525280425.353098585,1.83,0.69,0.31,216366764618,131720004,1073,8056,32,2700860,1019,3218260,2311683,94259,1278,0,20011,708309,2890,0,7657,0,0,0,32805052,31811120,31694772,948,159532
2018-05-02_19-00-25.387937410,1525280425.389402952,,2018-05-02_19-00-25.395940243,1525280425.397440843,1.83,0.69,0.31,216366764684,131720064,1073,8056,32,2700860,1019,3218260,2311685,94259,1280,0,20014,708339,2890,0,7657,0,0,0,32805052,31812120,31696052,948,159536
2018-05-02_19-00-25.432504394,1525280425.433963073,,2018-05-02_19-00-25.440496491,1525280425.441989625,1.83,0.69,0.31,216366764750,131720124,1073,8056,32,2700860,1019,3218262,2311685,94259,1281,0,20018,708370,2890,0,7657,0,0,0,32805052,31811352,31695284,948,159536
2018-05-02_19-00-25.476964035,1525280425.478450257,,2018-05-02_19-00-25.485032631,1525280425.486517256,1.83,0.69,0.31,216366764816,131720184,1073,8056,32,2700862,1019,3218262,2311685,94259,1283,0,20021,708400,2890,0,7657,0,0,0,32805052,31810036,31694468,948,159536
2018-05-02_19-00-25.521648045,1525280425.523113619,,2018-05-02_19-00-25.529571621,1525280425.531054168,1.83,0.69,0.31,216366764882,131720244,1075,8056,32,2700862,1019,3218262,2311685,94259,1284,0,20024,708431,2890,0,7657,0,0,0,32805052,31810948,31694320,948,159536
2018-05-02_19-00-25.565903585,1525280425.567368145,,2018-05-02_19-00-25.573933755,1525280425.575437436,1.83,0.69,0.31,216366764948,131720304,1077,8056,32,2700862,1019,3218262,2311685,94259,1286,0,20028,708461,2890,0,7657,0,0,0,32805052,31810084,31694272,948,159536
2018-05-02_19-00-25.610536300,1525280425.611988980,,2018-05-02_19-00-25.618501750,1525280425.619981151,1.83,0.69,0.31,216366765014,131720364,1077,8056,32,2700864,1019,3218262,2311685,94259,1287,0,20031,708492,2890,0,7657,0,0,0,32805052,31809816,31693828,948,159536
2018-05-02_19-00-25.654834320,1525280425.656317343,,2018-05-02_19-00-25.662959114,1525280425.664445677,1.83,0.69,0.31,216366765080,131720424,1077,8056,32,2700864,1019,3218264,2311685,94259,1289,0,20035,708523,2890,0,7657,0,0,0,32805052,31809260,31693384,948,159536
2018-05-02_19-00-25.699567501,1525280425.701038216,,2018-05-02_19-00-25.707578183,1525280425.709066505,1.83,0.69,0.31,216366765146,131720484,1077,8056,32,2700864,1019,3218264,2311687,94259,1291,0,20038,708553,2890,0,7657,0,0,0,32805052,31809904,31693800,948,159536
2018-05-02_19-00-25.743999267,1525280425.745467454,,2018-05-02_19-00-25.752083897,1525280425.753575741,1.83,0.69,0.31,216366765212,131720544,1077,8056,32,2700864,1021,3218264,2311687,94259,1292,0,20042,708584,2890,0,7657,0,0,0,32805052,31809648,31693540,948,159536
2018-05-02_19-00-25.788666941,1525280425.790126185,,2018-05-02_19-00-25.796638737,1525280425.798128475,1.83,0.69,0.31,216366765278,131720604,1077,8056,32,2700864,1021,3218264,2311687,94261,1293,0,20045,708614,2890,0,7657,0,0,0,32805052,31809852,31694044,948,159536
2018-05-02_19-00-25.833026352,1525280425.834493929,,2018-05-02_19-00-25.840990663,1525280425.842476586,1.83,0.69,0.31,216366765344,131720664,1077,8058,32,2700864,1021,3218264,2311687,94261,1294,0,20048,708645,2890,0,7657,0,0,0,32805052,31809156,31693328,948,159536
2018-05-02_19-00-25.877541715,1525280425.879033877,,2018-05-02_19-00-25.885493566,1525280425.886966393,1.83,0.69,0.31,216366765410,131720724,1077,8058,34,2700864,1021,3218264,2311687,94261,1296,0,20051,708675,2890,0,7657,0,0,0,32805052,31809352,31693284,948,159536
2018-05-02_19-00-25.921781245,1525280425.923232734,,2018-05-02_19-00-25.929802932,1525280425.931297816,1.83,0.69,0.31,216366765476,131720784,1077,8058,36,2700864,1021,3218264,2311687,94261,1298,0,20055,708706,2890,0,7657,0,0,0,32805052,31809052,31693636,948,159536
2018-05-02_19-00-25.966374031,1525280425.967828646,,2018-05-02_19-00-25.974297664,1525280425.975795250,1.83,0.69,0.31,216366765542,131720844,1077,8060,36,2700864,1021,3218264,2311687,94261,1299,0,20058,708736,2890,0,7657,0,0,0,32805052,31809424,31693336,948,159536
2018-05-02_19-00-26.010971316,1525280426.012442793,,2018-05-02_19-00-26.018959700,1525280426.020461851,1.83,0.69,0.31,216366765608,131720904,1077,8060,36,2700864,1021,3218264,2311687,94263,1301,0,20062,708766,2890,0,7657,0,0,0,32805052,31809500,31693116,948,159536
2018-05-02_19-00-26.055301629,1525280426.056753320,,2018-05-02_19-00-26.063368577,1525280426.064854692,1.83,0.69,0.31,216366765674,131720964,1077,8060,36,2700864,1023,3218264,2311687,94263,1302,0,20066,708797,2890,0,7657,0,0,0,32805052,31809880,31693532,948,159536
2018-05-02_19-00-26.099884952,1525280426.101361165,,2018-05-02_19-00-26.107887999,1525280426.109368674,1.83,0.69,0.31,216366765740,131721024,1077,8060,36,2700864,1023,3218264,2311687,94265,1303,0,20069,708827,2890,0,7657,0,0,0,32805052,31809608,31693800,948,159536
2018-05-02_19-00-26.144192201,1525280426.145656731,,2018-05-02_19-00-26.152194436,1525280426.153685266,1.83,0.69,0.31,216366765806,131721084,1077,8060,36,2700864,1025,3218264,2311687,94265,1305,0,20073,708858,2890,0,7657,0,0,0,32805052,31809856,31693492,948,159536
2018-05-02_19-00-26.188751520,1525280426.190241908,,2018-05-02_19-00-26.196757836,1525280426.198248148,1.83,0.69,0.31,216366765872,131721144,1077,8060,38,2700864,1025,3218264,2311687,94265,1306,0,20076,708888,2890,0,7657,0,0,0,32805052,31809984,31693916,948,159536
2018-05-02_19-00-26.233120783,1525280426.234580731,,2018-05-02_19-00-26.241132340,1525280426.242623143,1.83,0.69,0.31,216366765938,131721204,1077,8060,38,2700864,1025,3218264,2311687,94265,1308,0,20079,708919,2890,0,7657,0,0,0,32805052,31809724,31693376,948,159536
2018-05-02_19-00-26.277662681,1525280426.279129685,,2018-05-02_19-00-26.285632417,1525280426.287127999,1.83,0.69,0.31,216366766004,131721264,1077,8062,38,2700864,1025,3218264,2311687,94265,1309,0,20082,708949,2890,0,7657,0,0,0,32805052,31810624,31694520,948,159536
2018-05-02_19-00-26.322049562,1525280426.323511876,,2018-05-02_19-00-26.330050059,1525280426.331540558,1.83,0.69,0.31,216366766070,131721324,1077,8064,40,2700864,1025,3218264,2311687,94265,1311,0,20085,708980,2890,0,7657,0,0,0,32805052,31809160,31693576,948,159536
2018-05-02_19-00-26.366587148,1525280426.368054365,,2018-05-02_19-00-26.374547195,1525280426.376032677,1.83,0.69,0.31,216366766136,131721384,1077,8064,40,2700864,1027,3218264,2311687,94265,1313,0,20088,709010,2890,0,7657,0,0,0,32805052,31809524,31693660,948,159536
2018-05-02_19-00-26.410913132,1525280426.412357692,,2018-05-02_19-00-26.418900505,1525280426.420376191,1.83,0.69,0.31,216366766202,131721444,1077,8064,40,2700864,1027,3218264,2311687,94267,1314,0,20092,709041,2890,0,7657,0,0,0,32805052,31811536,31694928,948,159540
2018-05-02_19-00-26.455431805,1525280426.456884787,,2018-05-02_19-00-26.463371415,1525280426.464855766,1.83,0.69,0.31,216366766268,131721504,1077,8064,40,2700864,1027,3218264,2311687,94267,1316,0,20096,709071,2890,0,7657,0,0,0,32805052,31810612,31694496,948,159540
2018-05-02_19-00-26.499811780,1525280426.501282898,,2018-05-02_19-00-26.507928978,1525280426.509416068,1.83,0.69,0.31,216366766334,131721564,1077,8066,40,2700864,1027,3218264,2311687,94267,1317,0,20099,709102,2890,0,7657,0,0,0,32805052,31810024,31693876,948,159540
2018-05-02_19-00-26.544481223,1525280426.545954616,,2018-05-02_19-00-26.552419729,1525280426.553917537,1.83,0.69,0.31,216366766400,131721624,1077,8066,42,2700864,1029,3218264,2311687,94267,1318,0,20103,709132,2890,0,7657,0,0,0,32805052,31810524,31693900,948,159540
2018-05-02_19-00-26.588789590,1525280426.590233074,,2018-05-02_19-00-26.596808991,1525280426.598319261,1.83,0.69,0.31,216366766466,131721684,1077,8066,42,2700864,1029,3218264,2311687,94269,1320,0,20106,709163,2890,0,7657,0,0,0,32805052,31810076,31693484,948,159540
2018-05-02_19-00-26.633385534,1525280426.634838016,,2018-05-02_19-00-26.641320671,1525280426.642819343,1.83,0.69,0.31,216366766532,131721744,1077,8066,42,2700864,1029,3218264,2311687,94271,1321,0,20110,709193,2890,0,7657,0,0,0,32805052,31810380,31694000,948,159540
2018-05-02_19-00-26.677700889,1525280426.679150491,,2018-05-02_19-00-26.685651647,1525280426.687126490,1.83,0.69,0.31,216366766598,131721804,1077,8066,42,2700864,1031,3218264,2311687,94271,1322,0,20113,709224,2890,0,7657,0,0,0,32805052,31809204,31693640,948,159540
2018-05-02_19-00-26.722157154,1525280426.723622191,,2018-05-02_19-00-26.730082228,1525280426.731558896,1.83,0.69,0.31,216366766664,131721864,1077,8066,42,2700864,1031,3218264,2311687,94271,1324,0,20117,709254,2890,0,7657,0,0,0,32805052,31809392,31693568,948,159540
2018-05-02_19-00-26.766354086,1525280426.767810600,,2018-05-02_19-00-26.774393061,1525280426.775883191,1.83,0.69,0.31,216366766730,131721924,1077,8066,44,2700864,1031,3218264,2311687,94271,1326,0,20120,709285,2890,0,7657,0,0,0,32805052,31809016,31692656,948,159540
2018-05-02_19-00-26.810922911,1525280426.812379611,,2018-05-02_19-00-26.818855093,1525280426.820335416,1.83,0.69,0.31,216366766796,131721984,1077,8068,44,2700864,1031,3218264,2311687,94271,1327,0,20124,709315,2890,0,7657,0,0,0,32805052,31809520,31693436,948,159540
2018-05-02_19-00-26.855290431,1525280426.856738430,,2018-05-02_19-00-26.863369401,1525280426.864833663,1.83,0.69,0.31,216366766862,131722044,1077,8068,46,2700864,1031,3218264,2311687,94271,1328,0,20127,709346,2890,0,7657,0,0,0,32805052,31810168,31693576,948,159540
2018-05-02_19-00-26.899991272,1525280426.901462798,,2018-05-02_19-00-26.908001411,1525280426.909483239,1.83,0.69,0.31,216366766928,131722104,1077,8070,46,2700864,1031,3218264,2311687,94273,1330,0,20131,709376,2890,0,7657,0,0,0,32805052,31809928,31693860,948,159540
2018-05-02_19-00-26.944352906,1525280426.945817139,,2018-05-02_19-00-26.952361765,1525280426.953850056,1.83,0.69,0.31,216366766994,131722164,1077,8070,46,2700864,1033,3218264,2311687,94273,1331,0,20134,709407,2890,0,7657,0,0,0,32805052,31810224,31693796,948,159540
2018-05-02_19-00-26.988991654,1525280426.990458745,,2018-05-02_19-00-26.996935556,1525280426.998443359,1.83,0.69,0.31,216366767060,131722224,1077,8070,46,2700864,1035,3218264,2311687,94273,1333,0,20138,709437,2890,0,7657,0,0,0,32805052,31810684,31694876,948,159540
2018-05-02_19-00-27.033450936,1525280427.034924011,,2018-05-02_19-00-27.041352595,1525280427.042841710,1.83,0.69,0.31,216366767126,131722284,1077,8070,46,2700864,1035,3218264,2311687,94275,1335,0,20141,709468,2890,0,7657,0,0,0,32805052,31809852,31694304,948,159540
2018-05-02_19-00-27.077700259,1525280427.079186673,,2018-05-02_19-00-27.085891386,1525280427.087399405,1.83,0.69,0.31,216366767192,131722344,1077,8070,46,2700864,1035,3218264,2311687,94275,1337,0,20144,709498,2890,0,7657,0,0,0,32805052,31810292,31694492,948,159540
2018-05-02_19-00-27.122546978,1525280427.124018859,,2018-05-02_19-00-27.130474830,1525280427.131962782,1.83,0.69,0.31,216366767258,131722404,1077,8072,46,2700864,1035,3218264,2311687,94275,1339,0,20147,709529,2890,0,7657,0,0,0,32805052,31810124,31694300,948,159540
2018-05-02_19-00-27.166771158,1525280427.168227164,,2018-05-02_19-00-27.174812638,1525280427.176337398,1.83,0.69,0.31,216366767324,131722464,1077,8072,48,2700864,1035,3218264,2311687,94275,1340,0,20151,709560,2890,0,7657,0,0,0,32805052,31810160,31693520,948,159540
2018-05-02_19-00-27.211501674,1525280427.212964891,,2018-05-02_19-00-27.219441488,1525280427.220920552,1.83,0.69,0.31,216366767390,131722524,1079,8072,48,2700864,1035,3218264,2311687,94275,1342,0,20154,709590,2890,0,7657,0,0,0,32805052,31809164,31692784,948,159540
2018-05-02_19-00-27.255760034,1525280427.257218616,,2018-05-02_19-00-27.263568588,1525280427.265029953,1.83,0.69,0.31,216366767456,131722584,1079,8072,48,2700866,1035,3218266,2311687,94275,1343,0,20157,709620,2890,0,7657,0,0,0,32805052,31809732,31693860,948,159540
2018-05-02_19-00-27.299879068,1525280427.301341698,,2018-05-02_19-00-27.307948698,1525280427.309427041,1.83,0.69,0.31,216366767522,131722644,1079,8072,48,2700866,1035,3218266,2311689,94275,1345,0,20160,709651,2890,0,7657,0,0,0,32805052,31809072,31693704,948,159540
2018-05-02_19-00-27.344484663,1525280427.345936100,,2018-05-02_19-00-27.352463844,1525280427.353961099,1.83,0.69,0.31,216366767588,131722704,1079,8072,48,2700866,1035,3218266,2311691,94275,1347,0,20163,709681,2890,0,7657,0,0,0,32805052,31809956,31693872,948,159540
2018-05-02_19-00-27.388746652,1525280427.390202586,,2018-05-02_19-00-27.396800786,1525280427.398321815,1.83,0.69,0.31,216366767654,131722764,1079,8072,48,2700866,1035,3218268,2311691,94275,1349,0,20167,709712,2890,0,7657,0,0,0,32805052,31811604,31695260,948,159548
2018-05-02_19-00-27.433509881,1525280427.434975176,,2018-05-02_19-00-27.441447991,1525280427.442907983,1.83,0.69,0.31,216366767720,131722824,1079,8072,48,2700866,1035,3218268,2311691,94275,1350,0,20170,709742,2890,0,7657,0,0,0,32805052,31810196,31694132,948,159548
2018-05-02_19-00-27.477800873,1525280427.479280339,,2018-05-02_19-00-27.485768443,1525280427.487256944,1.83,0.69,0.31,216366767786,131722884,1079,8072,48,2700868,1035,3218268,2311691,94275,1351,0,20174,709773,2890,0,7657,0,0,0,32805052,31810280,31693940,948,159548
2018-05-02_19-00-27.522308291,1525280427.523786779,,2018-05-02_19-00-27.530302373,1525280427.531792461,1.83,0.69,0.31,216366767852,131722944,1081,8072,48,2700868,1035,3218268,2311691,94275,1353,0,20178,709803,2890,0,7657,0,0,0,32805052,31810424,31694364,948,159548
2018-05-02_19-00-27.566791094,1525280427.568247413,,2018-05-02_19-00-27.574639925,1525280427.576127104,1.83,0.69,0.31,216366767918,131723004,1081,8072,48,2700870,1035,3218268,2311691,94275,1354,0,20182,709834,2890,0,7657,0,0,0,32805052,31810180,31693576,948,159548
2018-05-02_19-00-27.611047388,1525280427.612496041,,2018-05-02_19-00-27.619141862,1525280427.620636809,1.83,0.69,0.31,216366767984,131723064,1083,8072,48,2700870,1035,3218268,2311693,94275,1355,0,20186,709864,2890,0,7657,0,0,0,32805052,31809664,31693764,948,159548
2018-05-02_19-00-27.655787272,1525280427.657256869,,2018-05-02_19-00-27.663807368,1525280427.665296221,1.83,0.69,0.31,216366768050,131723124,1083,8072,48,2700870,1035,3218268,2311693,94275,1357,0,20189,709895,2890,0,7657,0,0,0,32805052,31809432,31693368,948,159548
2018-05-02_19-00-27.700316505,1525280427.701785038,,2018-05-02_19-00-27.708424427,1525280427.709902543,1.83,0.69,0.31,216366768116,131723184,1083,8072,48,2700870,1035,3218270,2311693,94275,1357,0,20194,709925,2890,0,7657,0,0,0,32805052,31808908,31693304,948,159548
2018-05-02_19-00-27.745159246,1525280427.746614468,,2018-05-02_19-00-27.753110767,1525280427.754582520,1.83,0.69,0.31,216366768182,131723244,1083,8072,48,2700870,1035,3218272,2311695,94275,1358,0,20198,709956,2890,0,7657,0,0,0,32805052,31809132,31693328,948,159548
2018-05-02_19-00-27.789353986,1525280427.790813903,,2018-05-02_19-00-27.797385046,1525280427.798880944,1.83,0.69,0.31,216366768248,131723304,1083,8072,48,2700870,1035,3218272,2311695,94275,1359,0,20202,709987,2890,0,7657,0,0,0,32805052,31809928,31693868,948,159548
2018-05-02_19-00-27.834067687,1525280427.835544082,,2018-05-02_19-00-27.842021839,1525280427.843509046,1.83,0.69,0.31,216366768314,131723364,1085,8072,48,2700870,1035,3218272,2311695,94275,1360,0,20206,710017,2890,0,7657,0,0,0,32805052,31809984,31693920,948,159548
2018-05-02_19-00-27.878386695,1525280427.879847794,,2018-05-02_19-00-27.886408515,1525280427.887887946,1.83,0.69,0.31,216366768380,131723424,1085,8072,48,2700872,1035,3218272,2311695,94277,1362,0,20209,710048,2890,0,7657,0,0,0,32805052,31808776,31692972,948,159548
2018-05-02_19-00-27.922970200,1525280427.924443608,,2018-05-02_19-00-27.931015520,1525280427.932502046,1.83,0.69,0.31,216366768446,131723484,1085,8072,48,2700872,1035,3218272,2311695,94277,1363,0,20213,710078,2890,0,7657,0,0,0,32805052,31809520,31693456,948,159548
2018-05-02_19-00-27.967403480,1525280427.968872261,,2018-05-02_19-00-27.975435100,1525280427.976921152,1.83,0.69,0.31,216366768512,131723544,1085,8072,48,2700872,1037,3218272,2311695,94277,1366,0,20215,710109,2890,0,7657,0,0,0,32805052,31809816,31693440,948,159548
2018-05-02_19-00-28.012146703,1525280428.013595863,,2018-05-02_19-00-28.020080172,1525280428.021573823,1.83,0.69,0.31,216366768578,131723604,1085,8072,50,2700872,1037,3218272,2311695,94277,1367,0,20218,710139,2890,0,7657,0,0,0,32805052,31810708,31694332,948,159548
2018-05-02_19-00-28.056554012,1525280428.058012775,,2018-05-02_19-00-28.064649907,1525280428.066154683,1.83,0.69,0.31,216366768644,131723664,1085,8074,50,2700872,1037,3218272,2311695,94277,1369,0,20221,710170,2890,0,7657,0,0,0,32805052,31810108,31693732,948,159548
2018-05-02_19-00-28.101347587,1525280428.102808558,,2018-05-02_19-00-28.109303009,1525280428.110795288,1.83,0.69,0.31,216366768710,131723724,1085,8076,50,2700872,1037,3218272,2311695,94277,1370,0,20225,710200,2890,0,7657,0,0,0,32805052,31809440,31693752,948,159548
2018-05-02_19-00-28.145639166,1525280428.147118041,,2018-05-02_19-00-28.153734657,1525280428.155235659,1.83,0.69,0.31,216366768776,131723784,1085,8076,52,2700872,1037,3218272,2311695,94277,1372,0,20229,710231,2890,0,7657,0,0,0,32805052,31809040,31693240,948,159548
2018-05-02_19-00-28.190364701,1525280428.191835427,,2018-05-02_19-00-28.198364839,1525280428.199848607,1.83,0.69,0.31,216366768842,131723844,1085,8076,52,2700872,1039,3218272,2311695,94279,1374,0,20232,710261,2890,0,7657,0,0,0,32805052,31809584,31693784,948,159548
2018-05-02_19-00-28.234741741,1525280428.236197895,,2018-05-02_19-00-28.242802847,1525280428.244308836,1.83,0.69,0.31,216366768908,131723904,1085,8076,52,2700872,1039,3218272,2311695,94279,1376,0,20235,710292,2890,0,7657,0,0,0,32805052,31810048,31693980,948,159548
2018-05-02_19-00-28.279351780,1525280428.280804666,,2018-05-02_19-00-28.287293267,1525280428.288765684,1.83,0.69,0.31,216366768974,131723964,1085,8076,52,2700872,1041,3218272,2311695,94279,1377,0,20239,710322,2890,0,7657,0,0,0,32805052,31809868,31693460,948,159548
2018-05-02_19-00-28.323616587,1525280428.325068647,,2018-05-02_19-00-28.331579726,1525280428.333065888,1.83,0.69,0.31,216366769040,131724024,1085,8076,52,2700872,1041,3218272,2311695,94281,1378,0,20241,710353,2890,0,7657,0,0,0,32805052,31809756,31693968,948,159548
2018-05-02_19-00-28.368301029,1525280428.369784134,,2018-05-02_19-00-28.376363182,1525280428.377862638,1.83,0.69,0.31,216366769106,131724084,1085,8078,52,2700872,1041,3218272,2311695,94281,1380,0,20245,710383,2890,0,7657,0,0,0,32805052,31809756,31693432,948,159548
2018-05-02_19-00-28.412959219,1525280428.414490656,,2018-05-02_19-00-28.421030957,1525280428.422496630,1.83,0.69,0.31,216366769172,131724144,1085,8078,54,2700872,1041,3218272,2311695,94281,1381,0,20249,710414,2890,0,7657,0,0,0,32805052,31810756,31694416,948,159552
2018-05-02_19-00-28.457492806,1525280428.458941501,,2018-05-02_19-00-28.465485471,1525280428.466978079,1.83,0.69,0.31,216366769238,131724204,1085,8078,56,2700872,1041,3218272,2311695,94281,1383,0,20252,710444,2890,0,7657,0,0,0,32805052,31810364,31694264,948,159552
2018-05-02_19-00-28.501906148,1525280428.503372524,,2018-05-02_19-00-28.509950449,1525280428.511449187,1.83,0.69,0.31,216366769304,131724264,1085,8080,56,2700872,1041,3218272,2311695,94281,1385,0,20256,710475,2890,0,7657,0,0,0,32805052,31809328,31693784,948,159552
2018-05-02_19-00-28.546488808,1525280428.547961696,,2018-05-02_19-00-28.554460110,1525280428.555954194,1.83,0.69,0.31,216366769370,131724324,1085,8080,56,2700872,1041,3218272,2311695,94283,1387,0,20258,710505,2890,0,7657,0,0,0,32805052,31810376,31694296,948,159552
2018-05-02_19-00-28.590724640,1525280428.592189628,,2018-05-02_19-00-28.598721050,1525280428.600233384,1.83,0.69,0.31,216366769436,131724384,1085,8080,56,2700872,1043,3218272,2311695,94283,1388,0,20262,710536,2890,0,7657,0,0,0,32805052,31809848,31693524,948,159552
2018-05-02_19-00-28.635287369,1525280428.636762815,,2018-05-02_19-00-28.643281120,1525280428.644764288,1.83,0.69,0.31,216366769502,131724444,1085,8080,56,2700872,1043,3218272,2311697,94283,1390,0,20265,710566,2890,0,7657,0,0,0,32805052,31809248,31693440,948,159552
2018-05-02_19-00-28.679638918,1525280428.681109260,,2018-05-02_19-00-28.687648287,1525280428.689140528,1.83,0.69,0.31,216366769568,131724504,1085,8080,56,2700872,1043,3218274,2311697,94283,1391,0,20268,710597,2890,0,7657,0,0,0,32805052,31808796,31692716,948,159552
2018-05-02_19-00-28.724334063,1525280428.725808673,,2018-05-02_19-00-28.732248124,1525280428.733734368,1.83,0.69,0.31,216366769634,131724564,1085,8080,56,2700874,1043,3218274,2311697,94283,1393,0,20272,710627,2890,0,7657,0,0,0,32805052,31809668,31693308,948,159552
2018-05-02_19-00-28.768663640,1525280428.770120274,,2018-05-02_19-00-28.776727184,1525280428.778240974,1.83,0.69,0.31,216366769700,131724624,1087,8080,56,2700874,1043,3218274,2311697,94283,1395,0,20275,710658,2890,0,7657,0,0,0,32805052,31809156,31692568,948,159552
2018-05-02_19-00-28.813307069,1525280428.814761978,,2018-05-02_19-00-28.821226761,1525280428.822705802,1.83,0.69,0.31,216366769766,131724684,1089,8080,56,2700874,1043,3218274,2311697,94283,1396,0,20278,710689,2890,0,7657,0,0,0,32805052,31810020,31694044,948,159552
2018-05-02_19-00-28.857810920,1525280428.859283726,,2018-05-02_19-00-28.865735881,1525280428.867219530,1.83,0.69,0.31,216366769832,131724744,1089,8080,56,2700876,1043,3218274,2311697,94283,1397,0,20282,710719,2890,0,7657,0,0,0,32805052,31809636,31693836,948,159552
2018-05-02_19-00-28.902110484,1525280428.903563997,,2018-05-02_19-00-28.910244948,1525280428.911765893,1.83,0.69,0.31,216366769898,131724804,1089,8080,56,2700876,1043,3218276,2311697,94283,1398,0,20286,710750,2890,0,7657,0,0,0,32805052,31808924,31693132,948,159552
2018-05-02_19-00-28.946893528,1525280428.948370189,,2018-05-02_19-00-28.954882875,1525280428.956383629,1.76,0.70,0.31,216366769964,131724864,1089,8080,56,2700876,1043,3218276,2311699,94283,1400,0,20290,710780,2890,0,7657,0,0,0,32805052,31809976,31693636,948,159552
2018-05-02_19-00-28.991232219,1525280428.992672836,,2018-05-02_19-00-28.999219503,1525280429.000693424,1.76,0.70,0.31,216366770030,131724924,1089,8080,56,2700876,1043,3218278,2311699,94283,1401,0,20293,710811,2890,0,7657,0,0,0,32805052,31809964,31693900,948,159552
2018-05-02_19-00-29.035800581,1525280429.037295952,,2018-05-02_19-00-29.043803787,1525280429.045286166,1.76,0.70,0.31,216366770096,131724984,1089,8080,56,2700876,1043,3218278,2311701,94283,1402,0,20297,710841,2890,0,7657,0,0,0,32805052,31809332,31692956,948,159552
2018-05-02_19-00-29.080082357,1525280429.081530029,,2018-05-02_19-00-29.088076281,1525280429.089552148,1.76,0.70,0.31,216366770162,131725044,1091,8080,56,2700876,1043,3218278,2311701,94283,1403,0,20301,710872,2890,0,7657,0,0,0,32805052,31809244,31693700,948,159552
2018-05-02_19-00-29.124609456,1525280429.126084793,,2018-05-02_19-00-29.132611873,1525280429.134085013,1.76,0.70,0.31,216366770228,131725104,1091,8080,56,2700878,1043,3218278,2311701,94283,1405,0,20303,710902,2890,0,7657,0,0,0,32805052,31809632,31693780,948,159552
2018-05-02_19-00-29.168889900,1525280429.170353535,,2018-05-02_19-00-29.176924907,1525280429.178426535,1.76,0.70,0.31,216366770294,131725164,1091,8080,56,2700880,1043,3218278,2311701,94283,1407,0,20307,710933,2890,0,7657,0,0,0,32805052,31809400,31693336,948,159552
2018-05-02_19-00-29.213618083,1525280429.215077372,,2018-05-02_19-00-29.221572578,1525280429.223048539,1.76,0.70,0.31,216366770360,131725224,1093,8080,56,2700880,1043,3218278,2311701,94283,1408,0,20310,710963,2890,0,7657,0,0,0,32805052,31809148,31692824,948,159552
2018-05-02_19-00-29.258074237,1525280429.259545575,,2018-05-02_19-00-29.266107880,1525280429.267598039,1.76,0.70,0.31,216366770426,131725284,1093,8080,56,2700880,1043,3218278,2311703,94283,1410,0,20314,710994,2890,0,7657,0,0,0,32805052,31809496,31693152,948,159552
2018-05-02_19-00-29.302754667,1525280429.304220829,,2018-05-02_19-00-29.310745080,1525280429.312234877,1.76,0.70,0.31,216366770492,131725344,1093,8080,56,2700880,1043,3218280,2311703,94283,1411,0,20317,711024,2890,0,7657,0,0,0,32805052,31809428,31693168,948,159552
2018-05-02_19-00-29.347181490,1525280429.348647829,,2018-05-02_19-00-29.355259378,1525280429.356742938,1.76,0.70,0.31,216366770558,131725404,1093,8080,56,2700882,1043,3218280,2311703,94283,1412,0,20321,711055,2890,0,7657,0,0,0,32805052,31809244,31693644,948,159552
2018-05-02_19-00-29.391778392,1525280429.393249894,,2018-05-02_19-00-29.399733031,1525280429.401207226,1.76,0.70,0.31,216366770624,131725464,1095,8080,56,2700882,1043,3218280,2311703,94283,1414,0,20325,711085,2890,0,7657,0,0,0,32805052,31809668,31693340,948,159556
2018-05-02_19-00-29.436156646,1525280429.437621906,,2018-05-02_19-00-29.444193797,1525280429.445683721,1.76,0.70,0.31,216366770690,131725524,1095,8080,56,2700882,1043,3218280,2311705,94283,1415,0,20329,711116,2890,0,7657,0,0,0,32805052,31810736,31694940,948,159560
2018-05-02_19-00-29.480704503,1525280429.482183506,,2018-05-02_19-00-29.488680373,1525280429.490192624,1.76,0.70,0.31,216366770756,131725584,1095,8080,56,2700882,1043,3218282,2311705,94283,1416,0,20333,711146,2890,0,7657,0,0,0,32805052,31809888,31694612,948,159560
2018-05-02_19-00-29.525112024,1525280429.526563777,,2018-05-02_19-00-29.533112485,1525280429.534595225,1.76,0.70,0.31,216366770822,131725644,1095,8080,56,2700882,1043,3218284,2311705,94283,1417,0,20336,711177,2890,0,7657,0,0,0,32805052,31810832,31694728,948,159560
2018-05-02_19-00-29.569447260,1525280429.570920103,,2018-05-02_19-00-29.577469622,1525280429.578955231,1.76,0.70,0.31,216366770888,131725704,1095,8080,56,2700882,1043,3218284,2311707,94283,1420,0,20339,711207,2890,0,7657,0,0,0,32805052,31811072,31694736,948,159560
2018-05-02_19-00-29.613774933,1525280429.615227242,,2018-05-02_19-00-29.621791519,1525280429.623291523,1.76,0.70,0.31,216366770954,131725764,1097,8080,56,2700882,1043,3218284,2311707,94283,1421,0,20343,711238,2890,0,7657,0,0,0,32805052,31810360,31693728,948,159560
2018-05-02_19-00-29.658443807,1525280429.659915470,,2018-05-02_19-00-29.666347388,1525280429.667842212,1.76,0.70,0.31,216366771020,131725824,1097,8080,56,2700884,1043,3218284,2311707,94283,1423,0,20346,711268,2890,0,7657,0,0,0,32805052,31810464,31694632,948,159560
2018-05-02_19-00-29.702744338,1525280429.704196087,,2018-05-02_19-00-29.710793210,1525280429.712288012,1.76,0.70,0.31,216366771086,131725884,1099,8080,56,2700884,1043,3218284,2311707,94283,1425,0,20349,711299,2890,0,7657,0,0,0,32805052,31810708,31694076,948,159560
2018-05-02_19-00-29.747506539,1525280429.748986435,,2018-05-02_19-00-29.755505396,1525280429.756972493,1.76,0.70,0.31,216366771152,131725944,1099,8080,56,2700886,1043,3218284,2311707,94283,1427,0,20353,711329,2890,0,7657,0,0,0,32805052,31809108,31693032,948,159560
2018-05-02_19-00-29.792036056,1525280429.793517575,,2018-05-02_19-00-29.800035429,1525280429.801527562,1.76,0.70,0.31,216366771218,131726004,1099,8080,56,2700886,1043,3218286,2311707,94283,1427,0,20357,711360,2890,0,7657,0,0,0,32805052,31809220,31693684,948,159560
2018-05-02_19-00-29.836421078,1525280429.837869976,,2018-05-02_19-00-29.844384440,1525280429.845883329,1.76,0.70,0.31,216366771284,131726064,1099,8080,56,2700886,1043,3218286,2311709,94283,1429,0,20360,711390,2890,0,7657,0,0,0,32805052,31809608,31693552,948,159560
2018-05-02_19-00-29.881033956,1525280429.882503125,,2018-05-02_19-00-29.888990256,1525280429.890495234,1.76,0.70,0.31,216366771350,131726124,1099,8080,56,2700886,1043,3218286,2311711,94283,1430,0,20364,711421,2890,0,7657,0,0,0,32805052,31810356,31694460,948,159560
2018-05-02_19-00-29.925477447,1525280429.926940020,,2018-05-02_19-00-29.933478327,1525280429.934971024,1.76,0.70,0.31,216366771416,131726184,1099,8080,56,2700886,1043,3218288,2311711,94283,1432,0,20368,711452,2890,0,7657,0,0,0,32805052,31809720,31693608,948,159560
2018-05-02_19-00-29.969992703,1525280429.971491776,,2018-05-02_19-00-29.977977450,1525280429.979458272,1.76,0.70,0.31,216366771482,131726244,1099,8080,56,2700888,1043,3218288,2311711,94283,1433,0,20371,711482,2890,0,7657,0,0,0,32805052,31809700,31694144,948,159560
2018-05-02_19-00-30.014444703,1525280430.015910317,,2018-05-02_19-00-30.022579155,1525280430.024067044,1.76,0.70,0.31,216366771548,131726304,1101,8080,56,2700888,1043,3218288,2311711,94283,1435,0,20374,711513,2890,0,7657,0,0,0,32805052,31810504,31694364,948,159560
2018-05-02_19-00-30.059250460,1525280430.060715648,,2018-05-02_19-00-30.067695980,1525280430.069201211,1.76,0.70,0.31,216366771614,131726364,1101,8080,58,2700888,1043,3218288,2311711,94283,1437,0,20378,711544,2890,0,7658,0,0,0,32805052,31809852,31693776,948,159560
2018-05-02_19-00-30.104583738,1525280430.106078838,,2018-05-02_19-00-30.112548578,1525280430.114057020,1.76,0.70,0.31,216366771680,131726424,1101,8082,58,2700888,1043,3218288,2311711,94283,1438,0,20382,711574,2890,0,7658,0,0,0,32805052,31810688,31694852,948,159560
2018-05-02_19-00-30.148936548,1525280430.150386895,,2018-05-02_19-00-30.156959894,1525280430.158452551,1.76,0.70,0.31,216366771746,131726484,1101,8082,58,2700888,1043,3218288,2311711,94285,1439,0,20386,711605,2890,0,7658,0,0,0,32805052,31809624,31693568,948,159560
2018-05-02_19-00-30.193524320,1525280430.195016519,,2018-05-02_19-00-30.201541566,1525280430.203037234,1.76,0.70,0.31,216366771812,131726544,1101,8082,58,2700888,1045,3218288,2311711,94285,1440,0,20389,711635,2890,0,7658,0,0,0,32805052,31809924,31694128,948,159560
2018-05-02_19-00-30.237925740,1525280430.239387770,,2018-05-02_19-00-30.245948616,1525280430.247449760,1.76,0.70,0.31,216366771878,131726604,1101,8082,58,2700888,1047,3218288,2311711,94285,1441,0,20393,711666,2890,0,7658,0,0,0,32805052,31809252,31693716,948,159560
2018-05-02_19-00-30.282704290,1525280430.284174572,,2018-05-02_19-00-30.290704415,1525280430.292189660,1.76,0.70,0.31,216366771944,131726664,1101,8082,58,2700888,1047,3218288,2311711,94287,1443,0,20397,711697,2890,0,7658,0,0,0,32805052,31809256,31693460,948,159560
2018-05-02_19-00-30.327284638,1525280430.328756858,,2018-05-02_19-00-30.335301842,1525280430.336778984,1.76,0.70,0.31,216366772010,131726724,1101,8084,58,2700888,1047,3218288,2311711,94287,1444,0,20401,711727,2890,0,7658,0,0,0,32805052,31809704,31693644,948,159560
2018-05-02_19-00-30.371680008,1525280430.373149852,,2018-05-02_19-00-30.379718283,1525280430.381202131,1.76,0.70,0.31,216366772076,131726784,1101,8084,60,2700888,1047,3218288,2311711,94287,1446,0,20404,711758,2890,0,7658,0,0,0,32805052,31809724,31693628,948,159560
2018-05-02_19-00-30.416345383,1525280430.417825044,,2018-05-02_19-00-30.424334540,1525280430.425822042,1.76,0.70,0.31,216366772142,131726844,1101,8086,60,2700888,1047,3218288,2311711,94287,1446,0,20408,711788,2890,0,7658,0,0,0,32805052,31810052,31694520,948,159564
2018-05-02_19-00-30.460764863,1525280430.462232323,,2018-05-02_19-00-30.468672411,1525280430.470164489,1.76,0.70,0.31,216366772208,131726904,1101,8086,62,2700888,1047,3218288,2311711,94287,1448,0,20412,711818,2890,0,7658,0,0,0,32805052,31810620,31694512,948,159564
2018-05-02_19-00-30.505110932,1525280430.506579431,,2018-05-02_19-00-30.513037038,1525280430.514536180,1.76,0.70,0.31,216366772274,131726964,1101,8086,62,2700888,1049,3218288,2311711,94287,1449,0,20415,711849,2890,0,7658,0,0,0,32805052,31810892,31695100,948,159564
2018-05-02_19-00-30.549381418,1525280430.550824063,,2018-05-02_19-00-30.557481354,1525280430.558976952,1.76,0.70,0.31,216366772340,131727024,1101,8086,62,2700888,1049,3218288,2311711,94289,1451,0,20419,711879,2890,0,7658,0,0,0,32805052,31810476,31693880,948,159564
2018-05-02_19-00-30.594025776,1525280430.595483977,,2018-05-02_19-00-30.601940907,1525280430.603442903,1.76,0.70,0.31,216366772406,131727084,1101,8086,62,2700888,1049,3218288,2311711,94291,1453,0,20422,711910,2890,0,7658,0,0,0,32805052,31810192,31693972,948,159564
2018-05-02_19-00-30.638442715,1525280430.639919133,,2018-05-02_19-00-30.646472845,1525280430.647978001,1.76,0.70,0.31,216366772472,131727144,1101,8086,62,2700888,1051,3218288,2311711,94291,1455,0,20425,711941,2890,0,7658,0,0,0,32805052,31810076,31693724,948,159564
2018-05-02_19-00-30.683170237,1525280430.684633810,,2018-05-02_19-00-30.691129419,1525280430.692624383,1.76,0.70,0.31,216366772538,131727204,1101,8086,64,2700888,1051,3218288,2311711,94291,1456,0,20429,711971,2890,0,7658,0,0,0,32805052,31809840,31693860,948,159564
2018-05-02_19-00-30.727872299,1525280430.729348217,,2018-05-02_19-00-30.735758691,1525280430.737225000,1.76,0.70,0.31,216366772604,131727264,1101,8088,64,2700888,1051,3218288,2311711,94291,1457,0,20432,712001,2890,0,7658,0,0,0,32805052,31810812,31694216,948,159564
2018-05-02_19-00-30.771961087,1525280430.773423249,,2018-05-02_19-00-30.780067716,1525280430.781565826,1.76,0.70,0.31,216366772670,131727324,1103,8088,64,2700888,1051,3218288,2311711,94291,1458,0,20436,712032,2890,0,7658,0,0,0,32805052,31810292,31693968,948,159564
2018-05-02_19-00-30.816677631,1525280430.818275578,,2018-05-02_19-00-30.824770569,1525280430.826261552,1.76,0.70,0.31,216366772736,131727384,1103,8088,64,2700890,1051,3218288,2311711,94291,1459,0,20440,712063,2890,0,7658,0,0,0,32805052,31809588,31693536,948,159564
2018-05-02_19-00-30.861107528,1525280430.862571231,,2018-05-02_19-00-30.869100823,1525280430.870571058,1.76,0.70,0.31,216366772802,131727444,1103,8088,64,2700890,1051,3218290,2311711,94291,1461,0,20443,712093,2890,0,7658,0,0,0,32805052,31809920,31693848,948,159564
2018-05-02_19-00-30.905658644,1525280430.907136602,,2018-05-02_19-00-30.913592521,1525280430.915063679,1.76,0.70,0.31,216366772868,131727504,1103,8088,64,2700890,1051,3218290,2311713,94291,1463,0,20446,712124,2890,0,7658,0,0,0,32805052,31809812,31693716,948,159564
2018-05-02_19-00-30.949884382,1525280430.951347473,,2018-05-02_19-00-30.957868701,1525280430.959363879,1.76,0.70,0.31,216366772934,131727564,1103,8088,64,2700890,1051,3218290,2311715,94291,1464,0,20450,712154,2890,0,7658,0,0,0,32805052,31808880,31692528,948,159564
2018-05-02_19-00-30.994333745,1525280430.995792057,,2018-05-02_19-00-31.002397582,1525280431.003899593,1.76,0.70,0.31,216366773000,131727624,1103,8088,64,2700890,1051,3218292,2311715,94291,1465,0,20454,712185,2890,0,7658,0,0,0,32805052,31809328,31692976,948,159564
2018-05-02_19-00-31.038810812,1525280431.040286445,,2018-05-02_19-00-31.046864462,1525280431.048332550,1.76,0.70,0.31,216366773066,131727684,1103,8088,64,2700892,1051,3218292,2311715,94291,1466,0,20457,712215,2890,0,7658,0,0,0,32805052,31809216,31693368,948,159564
2018-05-02_19-00-31.083367384,1525280431.084831251,,2018-05-02_19-00-31.091317367,1525280431.092798712,1.76,0.70,0.31,216366773132,131727744,1105,8088,64,2700892,1051,3218292,2311715,94291,1467,0,20461,712245,2890,0,7658,0,0,0,32805052,31810024,31693608,948,159564
2018-05-02_19-00-31.127741009,1525280431.129213959,,2018-05-02_19-00-31.135781122,1525280431.137260654,1.76,0.70,0.31,216366773198,131727804,1105,8088,64,2700894,1051,3218292,2311715,94291,1469,0,20465,712276,2890,0,7658,0,0,0,32805052,31809492,31693692,948,159564
2018-05-02_19-00-31.172311637,1525280431.173795192,,2018-05-02_19-00-31.180309662,1525280431.181768692,1.76,0.70,0.31,216366773264,131727864,1107,8088,64,2700894,1051,3218292,2311715,94291,1470,0,20469,712306,2890,0,7658,0,0,0,32805052,31809044,31692992,948,159564
2018-05-02_19-00-31.216648888,1525280431.218136156,,2018-05-02_19-00-31.224668458,1525280431.226168976,1.76,0.70,0.31,216366773330,131727924,1107,8088,64,2700894,1051,3218292,2311717,94291,1471,0,20472,712337,2890,0,7658,0,0,0,32805052,31808956,31693164,948,159564
2018-05-02_19-00-31.261208811,1525280431.262666874,,2018-05-02_19-00-31.269111641,1525280431.270572088,1.76,0.70,0.31,216366773396,131727984,1107,8088,64,2700894,1051,3218294,2311717,94291,1473,0,20476,712367,2890,0,7658,0,0,0,32805052,31809520,31693464,948,159564
2018-05-02_19-00-31.305314291,1525280431.306772708,,2018-05-02_19-00-31.313179940,1525280431.314673663,1.76,0.70,0.31,216366773462,131728044,1107,8088,64,2700894,1051,3218296,2311717,94291,1473,0,20480,712398,2890,0,7658,0,0,0,32805052,31810080,31694008,948,159564
2018-05-02_19-00-31.349744682,1525280431.351224978,,2018-05-02_19-00-31.357765791,1525280431.359248215,1.76,0.70,0.31,216366773528,131728104,1107,8088,64,2700894,1051,3218296,2311719,94291,1475,0,20484,712428,2890,0,7658,0,0,0,32805052,31809564,31693456,948,159564
2018-05-02_19-00-31.394130177,1525280431.395569914,,2018-05-02_19-00-31.402160478,1525280431.403650015,1.76,0.70,0.31,216366773594,131728164,1109,8088,64,2700894,1051,3218296,2311719,94291,1476,0,20487,712459,2890,0,7658,0,0,0,32805052,31810060,31694252,948,159572
2018-05-02_19-00-31.438905396,1525280431.440374485,,2018-05-02_19-00-31.446872321,1525280431.448370290,1.76,0.70,0.31,216366773660,131728224,1109,8088,64,2700896,1051,3218296,2311719,94291,1478,0,20490,712489,2890,0,7658,0,0,0,32805052,31809716,31694184,948,159572
2018-05-02_19-00-31.483414561,1525280431.484876530,,2018-05-02_19-00-31.491389153,1525280431.492865617,1.76,0.70,0.31,216366773726,131728284,1109,8090,64,2700896,1051,3218296,2311719,94291,1479,0,20494,712520,2890,0,7658,0,0,0,32805052,31809636,31693588,948,159572
2018-05-02_19-00-31.527783295,1525280431.529255666,,2018-05-02_19-00-31.535843607,1525280431.537328093,1.76,0.70,0.31,216366773792,131728344,1109,8090,66,2700896,1051,3218296,2311719,94291,1481,0,20497,712551,2890,0,7658,0,0,0,32805052,31809120,31693328,948,159572
2018-05-02_19-00-31.572485702,1525280431.573950476,,2018-05-02_19-00-31.580444987,1525280431.581920792,1.76,0.70,0.31,216366773858,131728404,1109,8090,66,2700896,1053,3218296,2311719,94291,1482,0,20501,712581,2890,0,7658,0,0,0,32805052,31810544,31694412,948,159572
2018-05-02_19-00-31.616789110,1525280431.618253202,,2018-05-02_19-00-31.624861226,1525280431.626349683,1.76,0.70,0.31,216366773924,131728464,1109,8090,66,2700896,1053,3218296,2311719,94293,1483,0,20505,712612,2890,0,7658,0,0,0,32805052,31809932,31693620,948,159572
2018-05-02_19-00-31.661477337,1525280431.662942358,,2018-05-02_19-00-31.669495535,1525280431.670975837,1.76,0.70,0.31,216366773990,131728524,1109,8090,66,2700896,1053,3218296,2311719,94295,1484,0,20509,712642,2890,0,7658,0,0,0,32805052,31810588,31694540,948,159572
2018-05-02_19-00-31.706032009,1525280431.707511712,,2018-05-02_19-00-31.714075278,1525280431.715552740,1.76,0.70,0.31,216366774056,131728584,1109,8090,66,2700896,1055,3218296,2311719,94295,1485,0,20513,712673,2890,0,7658,0,0,0,32805052,31809664,31693820,948,159572
2018-05-02_19-00-31.750440899,1525280431.751903567,,2018-05-02_19-00-31.758536224,1525280431.760046077,1.76,0.70,0.31,216366774122,131728644,1109,8090,68,2700896,1055,3218296,2311719,94295,1487,0,20516,712703,2890,0,7658,0,0,0,32805052,31809376,31693520,948,159572
2018-05-02_19-00-31.795134433,1525280431.796596776,,2018-05-02_19-00-31.803063797,1525280431.804542403,1.76,0.70,0.31,216366774188,131728704,1109,8092,68,2700896,1055,3218296,2311719,94295,1488,0,20520,712734,2890,0,7658,0,0,0,32805052,31809328,31693276,948,159572
2018-05-02_19-00-31.839341650,1525280431.840804468,,2018-05-02_19-00-31.847350411,1525280431.848853707,1.76,0.70,0.31,216366774254,131728764,1109,8092,70,2700896,1055,3218296,2311719,94295,1489,0,20524,712764,2890,0,7658,0,0,0,32805052,31809292,31693188,948,159572
2018-05-02_19-00-31.883920545,1525280431.885405203,,2018-05-02_19-00-31.891884605,1525280431.893371438,1.76,0.70,0.31,216366774320,131728824,1109,8094,70,2700896,1055,3218296,2311719,94295,1491,0,20526,712795,2890,0,7658,0,0,0,32805052,31808972,31693184,948,159572
2018-05-02_19-00-31.928190775,1525280431.929648582,,2018-05-02_19-00-31.936209690,1525280431.937682722,1.76,0.70,0.31,216366774386,131728884,1109,8094,70,2700896,1055,3218296,2311719,94297,1493,0,20530,712825,2890,0,7658,0,0,0,32805052,31809888,31693820,948,159572
2018-05-02_19-00-31.972662592,1525280431.974138302,,2018-05-02_19-00-31.980667771,1525280431.982169640,1.76,0.70,0.31,216366774452,131728944,1109,8094,70,2700896,1057,3218296,2311719,94297,1494,0,20533,712856,2890,0,7658,0,0,0,32805052,31809256,31693468,948,159572
2018-05-02_19-00-32.017094568,1525280432.018555608,,2018-05-02_19-00-32.025091524,1525280432.026574563,1.76,0.70,0.31,216366774518,131729004,1109,8094,70,2700896,1059,3218296,2311719,94297,1495,0,20537,712886,2890,0,7658,0,0,0,32805052,31809076,31692748,948,159572
2018-05-02_19-00-32.061613703,1525280432.063079551,,2018-05-02_19-00-32.069560598,1525280432.071062735,1.76,0.70,0.31,216366774584,131729064,1109,8094,70,2700896,1059,3218296,2311719,94299,1498,0,20540,712917,2890,0,7658,0,0,0,32805052,31809168,31692840,948,159572
2018-05-02_19-00-32.106011019,1525280432.107467874,,2018-05-02_19-00-32.114018527,1525280432.115558174,1.76,0.70,0.31,216366774650,131729124,1109,8096,70,2700896,1059,3218296,2311719,94299,1499,0,20544,712947,2890,0,7658,0,0,0,32805052,31808400,31692872,948,159572
2018-05-02_19-00-32.150649218,1525280432.152127479,,2018-05-02_19-00-32.158653589,1525280432.160129547,1.76,0.70,0.31,216366774716,131729184,1109,8096,72,2700896,1059,3218296,2311719,94299,1500,0,20548,712978,2890,0,7658,0,0,0,32805052,31809728,31693368,948,159572
2018-05-02_19-00-32.194989523,1525280432.196539322,,2018-05-02_19-00-32.203088772,1525280432.204537158,1.76,0.70,0.31,216366774782,131729244,1109,8096,72,2700896,1061,3218296,2311719,94299,1501,0,20552,713008,2890,0,7658,0,0,0,32805052,31809188,31693380,948,159572
2018-05-02_19-00-32.239219937,1525280432.240675355,,2018-05-02_19-00-32.247211007,1525280432.248700283,1.76,0.70,0.31,216366774848,131729304,1109,8096,72,2700896,1061,3218296,2311719,94301,1503,0,20555,713039,2890,0,7658,0,0,0,32805052,31809304,31692976,948,159572
2018-05-02_19-00-32.283747234,1525280432.285204264,,2018-05-02_19-00-32.291708207,1525280432.293236309,1.76,0.70,0.31,216366774914,131729364,1109,8098,72,2700896,1061,3218296,2311719,94301,1505,0,20558,713069,2890,0,7658,0,0,0,32805052,31810420,31694320,948,159572
2018-05-02_19-00-32.328199225,1525280432.329643019,,2018-05-02_19-00-32.336045237,1525280432.337529613,1.76,0.70,0.31,216366774980,131729424,1109,8098,74,2700896,1061,3218296,2311719,94301,1506,0,20562,713099,2890,0,7658,0,0,0,32805052,31810080,31693992,948,159572
2018-05-02_19-00-32.372400144,1525280432.373857696,,2018-05-02_19-00-32.380506700,1525280432.382001417,1.76,0.70,0.31,216366775046,131729484,1109,8098,76,2700896,1061,3218296,2311719,94301,1507,0,20566,713130,2890,0,7658,0,0,0,32805052,31809540,31693212,948,159572
2018-05-02_19-00-32.417165737,1525280432.418638329,,2018-05-02_19-00-32.425167719,1525280432.426643379,1.76,0.70,0.31,216366775046,131729544,1109,8100,76,2700896,1061,3218296,2311719,94301,1508,0,20569,713160,2890,0,7658,0,0,0,32805052,31810780,31694712,948,159576
2018-05-02_19-00-32.461410038,1525280432.462854930,,2018-05-02_19-00-32.469426560,1525280432.470915410,1.76,0.70,0.31,216366775112,131729604,1109,8100,76,2700896,1061,3218296,2311719,94303,1510,0,20572,713191,2890,0,7658,0,0,0,32805052,31810128,31693552,948,159576
2018-05-02_19-00-32.506000102,1525280432.507467180,,2018-05-02_19-00-32.513933848,1525280432.515431098,1.76,0.70,0.31,216366775178,131729664,1109,8100,76,2700896,1063,3218296,2311719,94303,1512,0,20576,713221,2890,0,7658,0,0,0,32805052,31810096,31694028,948,159576
2018-05-02_19-00-32.550344928,1525280432.551803086,,2018-05-02_19-00-32.558351796,1525280432.559831692,1.76,0.70,0.31,216366775244,131729724,1109,8100,76,2700896,1063,3218296,2311719,94305,1513,0,20579,713252,2890,0,7658,0,0,0,32805052,31810348,31694264,948,159576
2018-05-02_19-00-32.594895937,1525280432.596363108,,2018-05-02_19-00-32.602863771,1525280432.604342298,1.76,0.70,0.31,216366775310,131729784,1109,8100,76,2700896,1065,3218296,2311719,94305,1515,0,20582,713282,2890,0,7658,0,0,0,32805052,31810428,31694084,948,159576
2018-05-02_19-00-32.639270588,1525280432.640729330,,2018-05-02_19-00-32.647287787,1525280432.648769353,1.76,0.70,0.31,216366775376,131729844,1109,8100,78,2700896,1065,3218296,2311719,94305,1517,0,20585,713313,2890,0,7658,0,0,0,32805052,31809300,31693772,948,159576
2018-05-02_19-00-32.683870729,1525280432.685348292,,2018-05-02_19-00-32.691841639,1525280432.693323237,1.76,0.70,0.31,216366775442,131729904,1109,8102,78,2700896,1065,3218296,2311719,94305,1518,0,20588,713343,2890,0,7658,0,0,0,32805052,31809316,31693268,948,159576
2018-05-02_19-00-32.728174345,1525280432.729614376,,2018-05-02_19-00-32.736186692,1525280432.737716746,1.76,0.70,0.31,216366775508,131729964,1109,8104,78,2700896,1065,3218296,2311719,94305,1519,0,20593,713374,2890,0,7658,0,0,0,32805052,31810576,31694264,948,159576
2018-05-02_19-00-32.772573738,1525280432.774022818,,2018-05-02_19-00-32.780453823,1525280432.781927467,1.76,0.70,0.31,216366775574,131729964,1109,8104,80,2700896,1065,3218296,2311719,94305,1521,0,20596,713404,2890,0,7658,0,0,0,32805052,31810216,31694424,948,159576
2018-05-02_19-00-32.817002261,1525280432.818480823,,2018-05-02_19-00-32.825049241,1525280432.826536498,1.76,0.70,0.31,216366775640,131730024,1109,8104,80,2700896,1067,3218296,2311719,94305,1523,0,20599,713435,2890,0,7658,0,0,0,32805052,31810088,31694020,948,159576
2018-05-02_19-00-32.861463069,1525280432.862925856,,2018-05-02_19-00-32.869492962,1525280432.870979994,1.76,0.70,0.31,216366775706,131730084,1109,8104,80,2700896,1067,3218296,2311719,94307,1524,0,20603,713465,2890,0,7658,0,0,0,32805052,31810024,31693936,948,159576
2018-05-02_19-00-32.906171803,1525280432.907641149,,2018-05-02_19-00-32.914100744,1525280432.915581870,1.76,0.70,0.31,216366775772,131730144,1109,8104,80,2700896,1067,3218298,2311719,94307,1525,0,20607,713496,2890,0,7658,0,0,0,32805052,31809828,31693612,948,159576
2018-05-02_19-00-32.950706284,1525280432.952197099,,2018-05-02_19-00-32.958711132,1525280432.960191553,1.76,0.70,0.31,216366775838,131730204,1109,8104,80,2700896,1067,3218298,2311721,94307,1526,0,20611,713526,2890,0,7658,0,0,0,32805052,31809400,31693352,948,159576
2018-05-02_19-00-32.995156800,1525280432.996630888,,2018-05-02_19-00-33.003232938,1525280433.004765651,1.76,0.70,0.31,216366775904,131730264,1111,8104,80,2700896,1067,3218298,2311721,94307,1527,0,20615,713557,2890,0,7658,0,0,0,32805052,31809452,31693660,948,159576
2018-05-02_19-00-33.039846529,1525280433.041331733,,2018-05-02_19-00-33.047810353,1525280433.049288280,1.76,0.70,0.31,216366775970,131730324,1111,8104,80,2700898,1067,3218298,2311721,94307,1528,0,20619,713587,2890,0,7658,0,0,0,32805052,31809280,31693472,948,159576
2018-05-02_19-00-33.084158309,1525280433.085614971,,2018-05-02_19-00-33.092168930,1525280433.093656835,1.76,0.70,0.31,216366776036,131730384,1111,8104,80,2700900,1067,3218298,2311721,94307,1530,0,20623,713618,2890,0,7658,0,0,0,32805052,31808672,31692884,948,159576
2018-05-02_19-00-33.128760515,1525280433.130237148,,2018-05-02_19-00-33.136791540,1525280433.138283828,1.76,0.70,0.31,216366776102,131730444,1113,8104,80,2700900,1067,3218298,2311721,94307,1531,0,20626,713649,2890,0,7658,0,0,0,32805052,31809712,31694188,948,159576
2018-05-02_19-00-33.173251509,1525280433.174698251,,2018-05-02_19-00-33.181275875,1525280433.182773464,1.76,0.70,0.31,216366776168,131730504,1113,8104,80,2700900,1067,3218298,2311723,94307,1532,0,20630,713679,2890,0,7658,0,0,0,32805052,31809364,31693312,948,159576
2018-05-02_19-00-33.217764668,1525280433.219231769,,2018-05-02_19-00-33.225690569,1525280433.227171140,1.76,0.70,0.31,216366776234,131730564,1113,8104,80,2700900,1067,3218300,2311723,94307,1534,0,20633,713710,2890,0,7658,0,0,0,32805052,31809424,31693376,948,159576
2018-05-02_19-00-33.262168046,1525280433.263619291,,2018-05-02_19-00-33.270202347,1525280433.271690279,1.76,0.70,0.31,216366776300,131730624,1113,8104,80,2700900,1067,3218300,2311725,94307,1535,0,20637,713740,2890,0,7658,0,0,0,32805052,31809160,31693316,948,159576
2018-05-02_19-00-33.306741349,1525280433.308205613,,2018-05-02_19-00-33.314705608,1525280433.316180558,1.76,0.70,0.31,216366776366,131730684,1113,8104,80,2700900,1067,3218302,2311725,94307,1537,0,20640,713771,2890,0,7658,0,0,0,32805052,31809884,31694032,948,159576
2018-05-02_19-00-33.351034937,1525280433.352505524,,2018-05-02_19-00-33.359088114,1525280433.360579994,1.76,0.70,0.31,216366776432,131730744,1113,8104,80,2700902,1067,3218302,2311725,94307,1538,0,20644,713801,2890,0,7658,0,0,0,32805052,31808872,31693476,948,159576
2018-05-02_19-00-33.395937374,1525280433.397403469,,2018-05-02_19-00-33.403952757,1525280433.405449287,1.76,0.70,0.31,216366776498,131730804,1113,8104,80,2700902,1067,3218302,2311725,94307,1540,0,20648,713832,2890,0,7658,0,0,0,32805052,31809508,31693444,948,159580
2018-05-02_19-00-33.440870417,1525280433.442346721,,2018-05-02_19-00-33.449000498,1525280433.450509458,1.76,0.70,0.31,216366776564,131730864,1115,8104,80,2700902,1067,3218302,2311725,94307,1542,0,20651,713863,2890,0,7658,0,0,0,32805052,31811152,31695080,948,159584
2018-05-02_19-00-33.485510626,1525280433.486975990,,2018-05-02_19-00-33.493507564,1525280433.494985340,1.76,0.70,0.31,216366776630,131730924,1117,8104,80,2700904,1067,3218302,2311725,94307,1543,0,20655,713893,2890,0,7658,0,0,0,32805052,31811772,31695704,948,159584
2018-05-02_19-00-33.530137362,1525280433.531617105,,2018-05-02_19-00-33.538102765,1525280433.539592663,1.76,0.70,0.31,216366776696,131730984,1117,8104,80,2700904,1067,3218304,2311725,94307,1544,0,20659,713924,2890,0,7658,0,0,0,32805052,31810628,31694304,948,159584
2018-05-02_19-00-33.574383823,1525280433.575826262,,2018-05-02_19-00-33.582406693,1525280433.583899758,1.76,0.70,0.31,216366776762,131731044,1117,8104,80,2700904,1067,3218304,2311727,94307,1545,0,20662,713954,2890,0,7658,0,0,0,32805052,31810472,31694148,948,159584
2018-05-02_19-00-33.618877876,1525280433.620355256,,2018-05-02_19-00-33.626867853,1525280433.628379665,1.76,0.70,0.31,216366776828,131731104,1117,8104,82,2700904,1067,3218304,2311727,94307,1547,0,20665,713985,2890,0,7658,0,0,0,32805052,31810456,31694668,948,159584
2018-05-02_19-00-33.663239642,1525280433.664700211,,2018-05-02_19-00-33.671319335,1525280433.672817610,1.76,0.70,0.31,216366776894,131731164,1117,8106,82,2700904,1067,3218304,2311727,94307,1548,0,20669,714015,2890,0,7658,0,0,0,32805052,31810416,31694108,948,159584
2018-05-02_19-00-33.708024151,1525280433.709490253,,2018-05-02_19-00-33.715976752,1525280433.717461434,1.76,0.70,0.31,216366776960,131731224,1117,8106,82,2700904,1067,3218304,2311727,94309,1550,0,20672,714046,2890,0,7658,0,0,0,32805052,31809272,31693684,948,159584
2018-05-02_19-00-33.752432703,1525280433.753891012,,2018-05-02_19-00-33.760488106,1525280433.761992223,1.76,0.70,0.31,216366777026,131731284,1117,8106,82,2700904,1069,3218304,2311727,94309,1552,0,20675,714076,2890,0,7658,0,0,0,32805052,31809708,31693880,948,159584
2018-05-02_19-00-33.797071094,1525280433.798530553,,2018-05-02_19-00-33.805017124,1525280433.806483563,1.76,0.70,0.31,216366777092,131731344,1117,8106,82,2700904,1071,3218304,2311727,94309,1554,0,20678,714107,2890,0,7658,0,0,0,32805052,31809504,31693436,948,159584
2018-05-02_19-00-33.841395598,1525280433.842849392,,2018-05-02_19-00-33.849416232,1525280433.850927248,1.76,0.70,0.31,216366777158,131731404,1117,8106,82,2700904,1071,3218304,2311727,94311,1555,0,20681,714137,2890,0,7658,0,0,0,32805052,31809396,31693088,948,159584
2018-05-02_19-00-33.885915260,1525280433.887399338,,2018-05-02_19-00-33.893904046,1525280433.895393606,1.76,0.70,0.31,216366777224,131731464,1117,8106,82,2700904,1071,3218304,2311727,94311,1557,0,20685,714168,2890,0,7658,0,0,0,32805052,31808944,31693680,948,159584
2018-05-02_19-00-33.930234325,1525280433.931695071,,2018-05-02_19-00-33.938219635,1525280433.939714968,1.70,0.70,0.32,216366777290,131731524,1117,8108,84,2700904,1071,3218304,2311727,94311,1559,0,20688,714198,2890,0,7658,0,0,0,32805052,31809536,31693212,948,159584
2018-05-02_19-00-33.974764112,1525280433.976258764,,2018-05-02_19-00-33.982753118,1525280433.984239527,1.70,0.70,0.32,216366777356,131731584,1117,8108,84,2700904,1071,3218304,2311727,94311,1561,0,20691,714229,2890,0,7658,0,0,0,32805052,31809704,31694180,948,159584
2018-05-02_19-00-34.019156742,1525280434.020620682,,2018-05-02_19-00-34.027222279,1525280434.028700290,1.70,0.70,0.32,216366777422,131731644,1117,8110,86,2700904,1071,3218304,2311727,94311,1562,0,20695,714259,2890,0,7658,0,0,0,32805052,31809500,31693140,948,159584
2018-05-02_19-00-34.063821703,1525280434.065289987,,2018-05-02_19-00-34.071767431,1525280434.073277187,1.70,0.70,0.32,216366777488,131731704,1117,8110,86,2700904,1073,3218304,2311727,94311,1564,0,20698,714290,2890,0,7658,0,0,0,32805052,31809760,31693956,948,159584
2018-05-02_19-00-34.108177017,1525280434.109659311,,2018-05-02_19-00-34.116197421,1525280434.117682092,1.70,0.70,0.32,216366777554,131731764,1117,8110,86,2700904,1073,3218304,2311727,94313,1565,0,20702,714320,2890,0,7658,0,0,0,32805052,31808920,31692856,948,159584
2018-05-02_19-00-34.152640402,1525280434.154117372,,2018-05-02_19-00-34.160678019,1525280434.162185987,1.70,0.70,0.32,216366777620,131731824,1117,8110,86,2700904,1073,3218304,2311727,94315,1567,0,20705,714351,2890,0,7658,0,0,0,32805052,31809516,31693432,948,159584
2018-05-02_19-00-34.197229197,1525280434.198724135,,2018-05-02_19-00-34.205260849,1525280434.206725720,1.70,0.70,0.32,216366777686,131731884,1117,8110,86,2700904,1075,3218304,2311727,94315,1569,0,20708,714381,2890,0,7658,0,0,0,32805052,31809528,31693200,948,159584
2018-05-02_19-00-34.241587936,1525280434.243064345,,2018-05-02_19-00-34.249661003,1525280434.251150899,1.70,0.70,0.32,216366777752,131731944,1117,8110,86,2700904,1075,3218304,2311727,94315,1570,0,20712,714412,2890,0,7658,0,0,0,32805052,31809448,31693104,948,159584
2018-05-02_19-00-34.286290693,1525280434.287754200,,2018-05-02_19-00-34.294205553,1525280434.295686048,1.70,0.70,0.32,216366777818,131732004,1117,8110,88,2700904,1075,3218304,2311727,94315,1572,0,20715,714442,2890,0,7658,0,0,0,32805052,31809516,31692912,948,159584
2018-05-02_19-00-34.330641137,1525280434.332104461,,2018-05-02_19-00-34.338669512,1525280434.340172657,1.70,0.70,0.32,216366777884,131732064,1117,8112,88,2700906,1075,3218304,2311727,94315,1573,0,20718,714473,2890,0,7658,0,0,0,32805052,31809184,31693104,948,159584
2018-05-02_19-00-34.375246757,1525280434.376722888,,2018-05-02_19-00-34.383215402,1525280434.384687142,1.70,0.70,0.32,216366777950,131732124,1117,8112,88,2700906,1075,3218304,2311727,94315,1574,0,20722,714503,2890,0,7658,0,0,0,32805052,31809524,31693180,948,159584
2018-05-02_19-00-34.419985049,1525280434.421463021,,2018-05-02_19-00-34.427967211,1525280434.429492508,1.70,0.70,0.32,216366778016,131732184,1119,8112,88,2700906,1075,3218304,2311729,94315,1576,0,20726,714534,2890,0,7658,0,0,0,32805052,31810168,31693844,948,159588
2018-05-02_19-00-34.464506619,1525280434.465976919,,2018-05-02_19-00-34.472378381,1525280434.473859419,1.70,0.70,0.32,216366778082,131732244,1119,8112,88,2700906,1075,3218306,2311729,94315,1577,0,20730,714564,2890,0,7658,0,0,0,32805052,31808848,31693048,948,159588
2018-05-02_19-00-34.508805117,1525280434.510287912,,2018-05-02_19-00-34.516894989,1525280434.518372645,1.70,0.70,0.32,216366778148,131732304,1119,8112,88,2700906,1075,3218308,2311729,94315,1579,0,20733,714595,2890,0,7658,0,0,0,32805052,31809340,31693264,948,159588
2018-05-02_19-00-34.553414568,1525280434.554963993,,2018-05-02_19-00-34.561439210,1525280434.562926456,1.70,0.70,0.32,216366778214,131732364,1119,8112,88,2700906,1075,3218308,2311731,94315,1580,0,20736,714625,2890,0,7658,0,0,0,32805052,31809876,31693528,948,159588
2018-05-02_19-00-34.597860530,1525280434.599329558,,2018-05-02_19-00-34.605852096,1525280434.607332407,1.70,0.70,0.32,216366778280,131732424,1119,8112,88,2700906,1075,3218308,2311731,94315,1582,0,20740,714656,2890,0,7658,0,0,0,32805052,31809436,31693116,948,159588
2018-05-02_19-00-34.642211649,1525280434.643668083,,2018-05-02_19-00-34.650232600,1525280434.651698547,1.70,0.70,0.32,216366778346,131732484,1121,8112,88,2700906,1075,3218308,2311731,94315,1583,0,20744,714686,2890,0,7658,0,0,0,32805052,31809232,31693452,948,159588
2018-05-02_19-00-34.686681822,1525280434.688174936,,2018-05-02_19-00-34.694702334,1525280434.696166512,1.70,0.70,0.32,216366778412,131732544,1121,8112,88,2700908,1075,3218308,2311731,94315,1584,0,20747,714717,2890,0,7658,0,0,0,32805052,31809592,31693272,948,159588
2018-05-02_19-00-34.731094207,1525280434.732537790,,2018-05-02_19-00-34.739104261,1525280434.740582386,1.70,0.70,0.32,216366778478,131732604,1123,8112,88,2700908,1075,3218308,2311731,94315,1586,0,20751,714747,2890,0,7658,0,0,0,32805052,31808872,31693348,948,159588
2018-05-02_19-00-34.775609027,1525280434.777070668,,2018-05-02_19-00-34.783532911,1525280434.785012751,1.70,0.70,0.32,216366778544,131732664,1123,8112,88,2700910,1075,3218310,2311731,94315,1587,0,20754,714778,2890,0,7658,0,0,0,32805052,31809860,31693540,948,159588
2018-05-02_19-00-34.820044150,1525280434.821506673,,2018-05-02_19-00-34.828074409,1525280434.829549796,1.70,0.70,0.32,216366778610,131732724,1123,8112,88,2700910,1075,3218310,2311733,94315,1588,0,20758,714808,2890,0,7658,0,0,0,32805052,31810192,31694112,948,159588
2018-05-02_19-00-34.864496019,1525280434.865953403,,2018-05-02_19-00-34.872467905,1525280434.873954394,1.70,0.70,0.32,216366778676,131732784,1123,8112,88,2700910,1075,3218310,2311735,94315,1590,0,20761,714839,2890,0,7658,0,0,0,32805052,31810252,31693652,948,159588
2018-05-02_19-00-34.908991460,1525280434.910483535,,2018-05-02_19-00-34.917022561,1525280434.918500387,1.70,0.70,0.32,216366778742,131732844,1123,8112,88,2700910,1075,3218312,2311735,94315,1592,0,20765,714869,2890,0,7658,0,0,0,32805052,31810112,31693988,948,159588
2018-05-02_19-00-34.953554277,1525280434.954995648,,2018-05-02_19-00-34.961497041,1525280434.962969977,1.70,0.70,0.32,216366778808,131732904,1123,8112,88,2700910,1075,3218312,2311735,94315,1593,0,20768,714900,2890,0,7658,0,0,0,32805052,31809524,31693480,948,159588
2018-05-02_19-00-34.997758915,1525280434.999211985,,2018-05-02_19-00-35.005821063,1525280435.007349166,1.70,0.70,0.32,216366778874,131732964,1123,8112,88,2700912,1075,3218312,2311735,94315,1595,0,20772,714930,2890,0,7658,0,0,0,32805052,31809932,31693628,948,159588
2018-05-02_19-00-35.042426263,1525280435.043892346,,2018-05-02_19-00-35.050366750,1525280435.051860503,1.70,0.70,0.32,216366778940,131733024,1125,8112,88,2700912,1075,3218312,2311737,94315,1596,0,20775,714961,2890,0,7658,0,0,0,32805052,31810432,31694112,948,159588
2018-05-02_19-00-35.086595302,1525280435.088062628,,2018-05-02_19-00-35.094598060,1525280435.096071837,1.70,0.70,0.32,216366779006,131733084,1125,8112,88,2700912,1075,3218314,2311737,94315,1597,0,20779,714991,2890,0,7658,0,0,0,32805052,31810600,31694280,948,159588
2018-05-02_19-00-35.130985655,1525280435.132469182,,2018-05-02_19-00-35.138984544,1525280435.140486338,1.70,0.70,0.32,216366779072,131733144,1125,8112,88,2700912,1075,3218314,2311737,94315,1598,0,20783,715021,2890,0,7658,0,0,0,32805052,31810216,31694172,948,159588
2018-05-02_19-00-35.175259480,1525280435.176698907,,2018-05-02_19-00-35.183216430,1525280435.184710743,1.70,0.70,0.32,216366779138,131733204,1125,8112,88,2700914,1075,3218314,2311737,94315,1599,0,20787,715052,2890,0,7658,0,0,0,32805052,31810124,31693488,948,159588
2018-05-02_19-00-35.219716733,1525280435.221172527,,2018-05-02_19-00-35.227616138,1525280435.229096858,1.70,0.70,0.32,216366779204,131733264,1127,8112,88,2700914,1075,3218314,2311737,94315,1601,0,20790,715082,2890,0,7658,0,0,0,32805052,31810804,31694480,948,159588
2018-05-02_19-00-35.263878569,1525280435.265350774,,2018-05-02_19-00-35.271939530,1525280435.273413154,1.70,0.70,0.32,216366779270,131733324,1129,8112,88,2700914,1075,3218314,2311737,94315,1602,0,20794,715113,2890,0,7658,0,0,0,32805052,31810508,31693940,948,159588
2018-05-02_19-00-35.308536009,1525280435.310020042,,2018-05-02_19-00-35.316557134,1525280435.318057253,1.70,0.70,0.32,216366779336,131733384,1129,8112,88,2700916,1075,3218314,2311737,94315,1603,0,20798,715143,2890,0,7658,0,0,0,32805052,31809940,31693584,948,159588
2018-05-02_19-00-35.353077578,1525280435.354541776,,2018-05-02_19-00-35.361072583,1525280435.362569081,1.70,0.70,0.32,216366779402,131733444,1129,8112,88,2700916,1075,3218316,2311739,94315,1605,0,20801,715174,2890,0,7658,0,0,0,32805052,31809704,31693644,948,159588
2018-05-02_19-00-35.397455385,1525280435.398890924,,2018-05-02_19-00-35.405872083,1525280435.407353945,1.70,0.70,0.32,216366779468,131733504,1129,8112,88,2700916,1075,3218316,2311739,94315,1606,0,20804,715205,2890,0,7658,0,0,0,32805052,31810776,31694736,948,159592
2018-05-02_19-00-35.442702775,1525280435.444171672,,2018-05-02_19-00-35.450705989,1525280435.452205511,1.70,0.70,0.32,216366779534,131733564,1129,8112,88,2700916,1075,3218318,2311741,94315,1608,0,20808,715235,2890,0,7658,0,0,0,32805052,31810904,31694552,948,159592
2018-05-02_19-00-35.487210642,1525280435.488669562,,2018-05-02_19-00-35.495243026,1525280435.496734967,1.70,0.70,0.32,216366779600,131733624,1129,8112,88,2700916,1075,3218318,2311741,94315,1609,0,20812,715266,2890,0,7658,0,0,0,32805052,31809796,31693756,948,159592
2018-05-02_19-00-35.531704882,1525280435.533188026,,2018-05-02_19-00-35.539754088,1525280435.541224276,1.70,0.70,0.32,216366779666,131733684,1131,8112,88,2700916,1075,3218318,2311741,94315,1611,0,20815,715296,2890,0,7658,0,0,0,32805052,31810268,31693948,948,159592
