StartTime,StartEpoch,EndTime,EndEpoch,CPULoad1m,CPULoad5m,CPULoad5m,NetDevRX,NetDevTX,IRQens2-0,IRQens2-1,IRQens2-2,IRQens2-3,IRQens2-4,IRQens2-5,IRQens2-6,IRQens2-7,user,nice,system,idle,iowait,irq,softirq,steal,guest,guest_nice,MemTotal,MemFree,MemAvailable,Buffers,Cached
2018-05-10_19-23-46.188098420,1525973026.189837380,2018-05-10_19-23-46.193660796,1525973026.195340646,0.34,0.25,0.30,296152084,343995130528,603963,1061252,16175,1310339,499530,372918,2834,1176366,558997,170,91242,66442500,18411,0,3015,0,540452,0,32804244,12852292,14433580,1080,1892132
2018-05-10_19-24-16.238110201,1525973056.240221783,2018-05-10_19-24-16.244195613,1525973056.245918264,0.68,0.34,0.33,296152084,343995130528,603963,1061252,16175,1310339,499530,372918,2834,1176366,562009,170,91257,66463490,18416,0,3015,0,543460,0,32804244,12851732,14433024,1080,1892136
2018-05-10_19-24-46.288843845,1525973086.290579822,2018-05-10_19-24-46.294369792,1525973086.296068992,0.72,0.39,0.34,296152084,343995130528,603963,1061252,16175,1310339,499530,372918,2834,1176366,565014,170,91272,66484487,18419,0,3015,0,546462,0,32804244,12852276,14433472,1080,1892136
2018-05-10_19-25-16.338841461,1525973116.340589402,2018-05-10_19-25-16.344395168,1525973116.346084703,0.83,0.44,0.36,296152084,343995130528,603963,1061252,16175,1310339,499530,372918,2834,1176366,568020,170,91293,66505480,18419,0,3015,0,549464,0,32804244,12853404,14434956,1080,1892136
2018-05-10_19-25-46.388860537,1525973146.390598933,2018-05-10_19-25-46.394393516,1525973146.396085881,0.90,0.50,0.38,296152084,343995130528,603963,1061252,16175,1310339,499530,372918,2834,1176366,571029,170,91304,66526482,18419,0,3015,0,552469,0,32804244,12853388,14434940,1080,1892136
2018-05-10_19-26-16.438804140,1525973176.440569284,2018-05-10_19-26-16.444381255,1525973176.446084100,0.88,0.53,0.40,296152084,343995130528,603963,1061252,16175,1310339,499530,372918,2834,1176366,574038,170,91318,66547479,18420,0,3015,0,555474,0,32804244,12852428,14433720,1080,1892136
2018-05-10_19-26-46.488791939,1525973206.490540311,2018-05-10_19-26-46.494301546,1525973206.495998306,0.87,0.56,0.41,296152084,343995130528,603963,1061252,16175,1310339,499530,372918,2834,1176366,577046,170,91328,66568482,18420,0,3015,0,558479,0,32804244,12852556,14433848,1080,1892136
2018-05-10_19-27-16.538689521,1525973236.540447491,2018-05-10_19-27-16.544280749,1525973236.545977231,0.92,0.60,0.43,296152084,343995130528,603963,1061252,16175,1310339,499530,372918,2834,1176366,580061,170,91353,66589462,18421,0,3015,0,561487,0,32804244,12839452,14420568,1080,1892144
2018-05-10_19-27-46.588790432,1525973266.590537168,2018-05-10_19-27-46.594314778,1525973266.596016648,0.88,0.62,0.44,296152084,343995130528,603963,1061252,16175,1310339,499530,372918,2834,1176366,583079,170,91371,66610442,18425,0,3015,0,564501,0,32804244,12839700,14421000,1080,1892148
2018-05-10_19-28-16.638794095,1525973296.640562230,2018-05-10_19-28-16.644380609,1525973296.646080577,0.93,0.66,0.46,296152084,343995130528,603963,1061252,16175,1310339,499530,372918,2834,1176366,586097,170,91389,66631426,18425,0,3015,0,567512,0,32804244,12839056,14420616,1080,1892148
2018-05-10_19-28-46.689020536,1525973326.690792934,2018-05-10_19-28-46.694677060,1525973326.696382118,0.95,0.69,0.48,296152084,343995130528,603963,1061252,16175,1310339,499530,372918,2834,1176366,589112,170,91404,66652414,18427,0,3015,0,570522,0,32804244,12839196,14420500,1080,1892152
2018-05-10_19-29-16.739560539,1525973356.741393350,2018-05-10_19-29-16.745245158,1525973356.746939965,0.97,0.72,0.50,296152084,343995130528,603963,1061252,16175,1310339,499530,372918,2834,1176366,592120,170,91420,66673405,18435,0,3015,0,573526,0,32804244,12839384,14420688,1080,1892152
2018-05-10_19-29-46.789959768,1525973386.791749272,2018-05-10_19-29-46.795652430,1525973386.797364393,1.05,0.76,0.52,296152084,343995130528,603963,1061252,16175,1310339,499530,372918,2834,1176366,595136,170,91439,66694390,18436,0,3016,0,576536,0,32804244,12839816,14420764,1080,1892156
2018-05-10_19-30-16.840622890,1525973416.842384745,2018-05-10_19-30-16.846264903,1525973416.847968401,1.03,0.79,0.53,296152084,343995130528,603963,1061252,16175,1310339,499530,372918,2834,1176366,598155,170,91479,66715350,18439,0,3016,0,579549,0,32804244,12851372,14432684,1080,1892156
2018-05-10_19-30-46.890927377,1525973446.892684893,2018-05-10_19-30-46.896488737,1525973446.898179106,0.97,0.79,0.54,296152084,343995130528,603963,1061252,16175,1310339,499530,372918,2834,1176366,601160,170,91493,66736348,18443,0,3016,0,582552,0,32804244,12851680,14433004,1080,1892168
2018-05-10_19-31-16.940980899,1525973476.942734011,2018-05-10_19-31-16.946537744,1525973476.948236594,1.06,0.83,0.56,296152084,343995130528,603963,1061252,16175,1310339,499530,372918,2834,1176366,604164,170,91511,66757347,18444,0,3016,0,585551,0,32804244,12851628,14432952,1080,1892168
2018-05-10_19-31-46.991145084,1525973506.992876915,2018-05-10_19-31-46.996659597,1525973506.998351003,1.04,0.85,0.58,296152084,343995130528,603963,1061252,16175,1310339,499530,372918,2834,1176366,607181,170,91532,66778330,18444,0,3016,0,588564,0,32804244,12851996,14433320,1080,1892168
2018-05-10_19-32-17.041074049,1525973537.042840553,2018-05-10_19-32-17.046650499,1525973537.048349371,0.96,0.84,0.59,296152084,343995130528,603963,1061252,16175,1310339,499530,372918,2834,1176366,610190,170,91544,66799328,18446,0,3016,0,591569,0,32804244,12851388,14432976,1080,1892168
2018-05-10_19-32-47.091169854,1525973567.092908765,2018-05-10_19-32-47.096692960,1525973567.098382104,0.98,0.86,0.60,296152084,343995130528,603963,1061252,16175,1310339,499530,372918,2834,1176366,613198,170,91555,66820331,18448,0,3016,0,594573,0,32804244,12851332,14432656,1080,1892168
2018-05-10_19-33-17.141862639,1525973597.143634336,2018-05-10_19-33-17.147449591,1525973597.149150561,0.99,0.87,0.61,296152084,343995130528,603963,1061252,16175,1310339,499530,372918,2834,1176366,616208,170,91570,66841329,18450,0,3016,0,597577,0,32804244,12850732,14432056,1080,1892168
2018-05-10_19-33-47.192240009,1525973627.193983879,2018-05-10_19-33-47.197775090,1525973627.199480429,0.99,0.88,0.62,296152084,343995130528,603963,1061252,16175,1310339,499530,372918,2834,1176366,619213,170,91587,66862330,18450,0,3017,0,600578,0,32804244,12851244,14432568,1080,1892168
2018-05-10_19-34-17.242301075,1525973657.244069986,2018-05-10_19-34-17.247862558,1525973657.249553971,1.00,0.90,0.63,296152084,343995130528,603963,1061252,16175,1310339,499530,372918,2834,1176366,622218,170,91609,66883325,18451,0,3017,0,603579,0,32804244,12851172,14432496,1080,1892168
2018-05-10_19-34-47.292315611,1525973687.294068082,2018-05-10_19-34-47.297875586,1525973687.299582422,1.00,0.91,0.65,296152084,343995130528,603963,1061252,16175,1310339,499530,372918,2834,1176366,625221,170,91624,66904328,18451,0,3017,0,606578,0,32804244,12851212,14432796,1080,1892168
2018-05-10_19-35-17.342628181,1525973717.344421230,2018-05-10_19-35-17.348305179,1525973717.350010731,1.00,0.91,0.66,296152084,343995130528,603963,1061252,16175,1310339,499530,372918,2834,1176366,628240,170,91651,66925303,18451,0,3017,0,609591,0,32804244,12838292,14419620,1080,1892176
2018-05-10_19-35-47.393093587,1525973747.394852738,2018-05-10_19-35-47.398643204,1525973747.400341428,1.00,0.92,0.67,296152084,343995130528,603963,1061252,16175,1310339,499530,372918,2834,1176366,631249,170,91661,66946305,18451,0,3017,0,612596,0,32804244,12838580,14419600,1080,1892176
2018-05-10_19-36-17.443227579,1525973777.445000610,2018-05-10_19-36-17.448875583,1525973777.450592564,1.00,0.93,0.68,296152084,343995130528,603963,1061252,16175,1310339,499530,372918,2834,1176366,634266,170,91678,66967289,18453,0,3017,0,615608,0,32804244,12837836,14419168,1080,1892180
2018-05-10_19-36-47.494125563,1525973807.496031092,2018-05-10_19-36-47.499954028,1525973807.501672769,0.94,0.92,0.69,296152084,343995130528,603963,1061252,16175,1310339,499530,372918,2834,1176366,637295,170,91700,66988259,18453,0,3017,0,618630,0,32804244,12838268,14419604,1080,1892184
2018-05-10_19-37-17.544833557,1525973837.546597548,2018-05-10_19-37-17.550451734,1525973837.552160427,0.96,0.93,0.69,296152084,343995130528,603963,1061252,16175,1310339,499530,372918,2834,1176366,640302,170,91715,67009250,18462,0,3017,0,621633,0,32804244,12838832,14420168,1080,1892184
2018-05-10_19-37-47.595843260,1525973867.597709423,2018-05-10_19-37-47.601616985,1525973867.603325759,0.98,0.93,0.70,296152084,343995130528,603963,1061252,16175,1310339,499530,372918,2834,1176366,643317,170,91738,67030230,18465,0,3017,0,624644,0,32804244,12839188,14420528,1080,1892188
2018-05-10_19-38-17.646696001,1525973897.648556558,2018-05-10_19-38-17.652432495,1525973897.654136378,0.99,0.94,0.71,296152084,343995130528,603963,1061252,16175,1310339,499530,372918,2834,1176366,646322,170,91763,67051221,18467,0,3018,0,627645,0,32804244,12851592,14432652,1080,1892184
2018-05-10_19-38-47.697289915,1525973927.699051990,2018-05-10_19-38-47.702902299,1525973927.704619605,0.99,0.95,0.72,296152084,343995130528,603963,1061252,16175,1310339,499530,372918,2834,1176366,649323,170,91780,67072220,18472,0,3018,0,630643,0,32804244,12851716,14433056,1080,1892184
2018-05-10_19-39-17.747775591,1525973957.749613894,2018-05-10_19-39-17.753493877,1525973957.755194401,1.00,0.95,0.73,296152084,343995130528,603963,1061252,16175,1310339,499530,372918,2834,1176366,652331,170,91794,67093218,18475,0,3018,0,633647,0,32804244,12852040,14433380,1080,1892184
2018-05-10_19-39-47.798146455,1525973987.799874619,2018-05-10_19-39-47.803658848,1525973987.805354349,1.00,0.96,0.74,296152084,343995130528,603963,1061252,16175,1310339,499530,372918,2834,1176366,655337,170,91806,67114221,18476,0,3018,0,636650,0,32804244,12852108,14433448,1080,1892184
2018-05-10_19-40-17.848197764,1525974017.849976589,2018-05-10_19-40-17.853824275,1525974017.855533089,1.00,0.96,0.75,296152084,343995130528,603963,1061252,16175,1310339,499530,372918,2834,1176366,658353,170,91838,67135193,18479,0,3018,0,639661,0,32804244,12851808,14433156,1080,1892192
2018-05-10_19-40-47.898880815,1525974047.900637871,2018-05-10_19-40-47.904456290,1525974047.906154952,1.00,0.96,0.76,296152084,343995130528,603963,1061252,16175,1310339,499530,372918,2834,1176366,661367,170,91868,67156167,18481,0,3018,0,642672,0,32804244,12851544,14432896,1080,1892196
2018-05-10_19-41-17.950484738,1525974077.952311984,2018-05-10_19-41-17.956172407,1525974077.957885846,0.94,0.95,0.76,296152084,343995130528,603963,1061252,16175,1310339,499530,372918,2834,1176366,664375,170,91883,67177164,18485,0,3018,0,645676,0,32804244,12852292,14433644,1080,1892196
2018-05-10_19-41-48.000717649,1525974108.002464845,2018-05-10_19-41-48.006258065,1525974108.007957225,0.96,0.96,0.77,296152084,343995130528,603963,1061252,16175,1310339,499530,372918,2834,1176366,667376,170,91900,67198165,18488,0,3018,0,648674,0,32804244,12852160,14433512,1080,1892196
2018-05-10_19-42-18.050782662,1525974138.052559705,2018-05-10_19-42-18.056389229,1525974138.058102377,0.98,0.96,0.78,296152084,343995130528,603963,1061252,16175,1310339,499530,372918,2834,1176366,670385,170,91914,67219160,18492,0,3018,0,651678,0,32804244,12851816,14433168,1080,1892196
2018-05-10_19-42-48.101253907,1525974168.102991959,2018-05-10_19-42-48.106794500,1525974168.108498332,0.99,0.96,0.78,296152084,343995130528,603963,1061252,16175,1310339,499530,372918,2834,1176366,673392,170,91925,67240161,18494,0,3018,0,654682,0,32804244,12852056,14433408,1080,1892196
2018-05-10_19-43-18.151452742,1525974198.153212733,2018-05-10_19-43-18.157111223,1525974198.158825411,0.99,0.97,0.79,296152084,343995130528,603963,1061252,16175,1310339,499530,372918,2834,1176366,676407,170,91953,67261140,18494,0,3018,0,657691,0,32804244,12839408,14420764,1080,1892204
2018-05-10_19-43-48.201744947,1525974228.203491418,2018-05-10_19-43-48.207301041,1525974228.209004983,1.00,0.97,0.79,296152084,343995130528,603963,1061252,16175,1310339,499530,372918,2834,1176366,679410,170,91973,67282135,18498,0,3018,0,660691,0,32804244,12839112,14420172,1080,1892204
2018-05-10_19-44-18.252008908,1525974258.253793430,2018-05-10_19-44-18.257666351,1525974258.259373523,1.00,0.97,0.80,296152084,343995130528,603963,1061252,16175,1310339,499530,372918,2834,1176366,682427,170,92002,67303109,18499,0,3019,0,663702,0,32804244,12839292,14420652,1080,1892208
2018-05-10_19-44-48.302830755,1525974288.304723421,2018-05-10_19-44-48.308670659,1525974288.310382371,0.88,0.94,0.79,296152084,343995130528,603963,1061252,16175,1310339,499530,372918,2834,1176366,685449,170,92030,67324077,18500,0,3019,0,666717,0,32804244,12838780,14420404,1080,1892212
2018-05-10_19-45-18.353444824,1525974318.355197618,2018-05-10_19-45-18.359053044,1525974318.360764374,0.87,0.93,0.79,296152084,343995130528,603963,1061252,16175,1310339,499530,372918,2834,1176366,688460,170,92045,67345070,18504,0,3019,0,669723,0,32804244,12839368,14420736,1080,1892216
2018-05-10_19-45-48.403818719,1525974348.405596339,2018-05-10_19-45-48.409481081,1525974348.411174518,0.92,0.94,0.80,296152084,343995130528,603963,1061252,16175,1310339,499530,372918,2834,1176366,691477,170,92061,67366054,18509,0,3019,0,672734,0,32804244,12839076,14420448,1080,1892220
2018-05-10_19-46-18.454461616,1525974378.456218059,2018-05-10_19-46-18.460093820,1525974378.461798688,0.95,0.94,0.81,296152084,343995130528,603963,1061252,16175,1310339,499530,372918,2834,1176366,694486,170,92083,67387041,18514,0,3019,0,675739,0,32804244,12851256,14432628,1080,1892216
2018-05-10_19-46-48.504664147,1525974408.506401227,2018-05-10_19-46-48.510524378,1525974408.512224451,0.97,0.95,0.81,296152084,343995130528,603963,1061252,16175,1310339,499530,372918,2834,1176366,697490,170,92100,67408035,18520,0,3019,0,678739,0,32804244,12851996,14433368,1080,1892216
2018-05-10_19-47-18.555316965,1525974438.557074281,2018-05-10_19-47-18.560912661,1525974438.562620817,0.98,0.96,0.82,296152084,343995130528,603963,1061252,16175,1310339,499530,372918,2834,1176366,700495,170,92122,67429027,18522,0,3019,0,681740,0,32804244,12851160,14432532,1080,1892216
2018-05-10_19-47-48.606155166,1525974468.607918943,2018-05-10_19-47-48.611732847,1525974468.613449977,0.99,0.96,0.82,296152084,343995130528,603963,1061252,16175,1310339,499530,372918,2834,1176366,703499,170,92137,67450030,18523,0,3019,0,684742,0,32804244,12851604,14432976,1080,1892216
2018-05-10_19-48-18.656397151,1525974498.658183954,2018-05-10_19-48-18.662042579,1525974498.663754048,0.99,0.96,0.83,296152084,343995130528,603963,1061252,16175,1310339,499530,372918,2834,1176366,706509,170,92154,67471022,18525,0,3020,0,687747,0,32804244,12851936,14433308,1080,1892216
2018-05-10_19-48-48.706633338,1525974528.708367426,2018-05-10_19-48-48.712151282,1525974528.713853808,1.05,0.98,0.84,296152084,343995130528,603963,1061252,16175,1310339,499530,372918,2834,1176366,709516,170,92167,67492025,18526,0,3020,0,690751,0,32804244,12852340,14433372,1080,1892216
2018-05-10_19-49-18.756775041,1525974558.758553887,2018-05-10_19-49-18.762432928,1525974558.764133243,1.03,0.98,0.85,296152084,343995130528,603963,1061252,16175,1310339,499530,372918,2834,1176366,712523,170,92186,67513021,18527,0,3020,0,693754,0,32804244,12852244,14433616,1080,1892216
2018-05-10_19-49-48.807134638,1525974588.808877587,2018-05-10_19-49-48.812701393,1525974588.814420695,1.02,0.99,0.85,296152084,343995130528,603963,1061252,16175,1310339,499530,372918,2834,1176366,715537,170,92220,67533991,18529,0,3020,0,696763,0,32804244,12852264,14433636,1080,1892216
2018-05-10_19-50-18.857425589,1525974618.859188746,2018-05-10_19-50-18.863045407,1525974618.864758361,1.01,0.99,0.86,296152084,343995130528,603963,1061252,16175,1310339,499530,372918,2834,1176366,718551,170,92243,67554973,18531,0,3020,0,699771,0,32804244,12852192,14433836,1080,1892224
2018-05-10_19-50-48.908071297,1525974648.909836685,2018-05-10_19-50-48.913643488,1525974648.915353532,1.01,0.99,0.86,296152084,343995130528,603963,1061252,16175,1310339,499530,372918,2834,1176366,721557,170,92256,67575969,18537,0,3021,0,702774,0,32804244,12851852,14433236,1080,1892228
2018-05-10_19-51-18.958613481,1525974678.960397520,2018-05-10_19-51-18.964305928,1525974678.966020568,1.00,0.99,0.87,296152084,343995130528,603963,1061252,16175,1310339,499530,372918,2834,1176366,724573,170,92277,67596952,18538,0,3021,0,705785,0,32804244,12838952,14420340,1080,1892236
2018-05-10_19-51-49.009506430,1525974709.011247530,2018-05-10_19-51-49.015045171,1525974709.016737049,1.00,0.99,0.87,296152084,343995130528,603963,1061252,16175,1310339,499530,372918,2834,1176366,727581,170,92289,67617944,18548,0,3021,0,708788,0,32804244,12839284,14420400,1080,1892236
2018-05-10_19-52-19.060051216,1525974739.061811555,2018-05-10_19-52-19.065674995,1525974739.067376756,1.00,0.99,0.87,296152084,343995130528,603963,1061252,16175,1310339,499530,372918,2834,1176366,730597,170,92320,67638914,18550,0,3021,0,711798,0,32804244,12838592,14419716,1080,1892244
2018-05-10_19-52-49.110874333,1525974769.112647628,2018-05-10_19-52-49.116548223,1525974769.118249993,1.00,0.99,0.88,296152084,343995130528,603963,1061252,16175,1310339,499530,372918,2834,1176366,733612,170,92343,67659895,18551,0,3021,0,714807,0,32804244,12838964,14420360,1080,1892244
2018-05-10_19-53-19.161380788,1525974799.163147155,2018-05-10_19-53-19.166998962,1525974799.168708570,1.00,0.99,0.88,296152084,343995130528,603963,1061252,16175,1310339,499530,372918,2834,1176366,736615,170,92363,67680891,18553,0,3021,0,717806,0,32804244,12838728,14420124,1080,1892244
2018-05-10_19-53-49.211874819,1525974829.213652283,2018-05-10_19-53-49.217546084,1525974829.219250755,0.95,0.97,0.88,296152084,343995130528,603963,1061252,16175,1310339,499530,372918,2834,1176366,739632,170,92380,67701876,18555,0,3021,0,720817,0,32804244,12839528,14420928,1080,1892248
2018-05-10_19-54-19.262511862,1525974859.264276144,2018-05-10_19-54-19.268140239,1525974859.269850679,0.97,0.97,0.88,296152084,343995130528,603963,1061252,16175,1310339,499530,372918,2834,1176366,742643,170,92395,67722870,18557,0,3021,0,723824,0,32804244,12851512,14432908,1080,1892240
2018-05-10_19-54-49.312863104,1525974889.314622641,2018-05-10_19-54-49.318432252,1525974889.320133851,0.98,0.98,0.88,296152084,343995130528,603963,1061252,16175,1310339,499530,372918,2834,1176366,745659,170,92417,67743846,18564,0,3021,0,726837,0,32804244,12850940,14432336,1080,1892240
2018-05-10_19-55-19.363599167,1525974919.365594017,2018-05-10_19-55-19.369783069,1525974919.371516340,0.99,0.98,0.89,296152084,343995130528,603963,1061252,16175,1310339,499530,372918,2834,1176366,748668,170,92432,67764843,18565,0,3021,0,729841,0,32804244,12851376,14432772,1080,1892240
2018-05-10_19-55-49.414318572,1525974949.416062190,2018-05-10_19-55-49.419856638,1525974949.421563848,0.99,0.98,0.89,296152084,343995130528,603963,1061252,16175,1310339,499530,372918,2834,1176366,751670,170,92451,67785837,18571,0,3022,0,732841,0,32804244,12852240,14433312,1080,1892240
2018-05-10_19-56-19.464562690,1525974979.466312652,2018-05-10_19-56-19.470151510,1525974979.471858204,1.00,0.99,0.89,296152084,343995130528,603963,1061252,16175,1310339,499530,372918,2834,1176366,754678,170,92466,67806835,18571,0,3022,0,735845,0,32804244,12851684,14433080,1080,1892240
2018-05-10_19-56-49.514812229,1525975009.516572310,2018-05-10_19-56-49.520361336,1525975009.522063450,1.00,0.99,0.89,296152084,343995130528,603963,1061252,16175,1310339,499530,372918,2834,1176366,757684,170,92481,67827834,18574,0,3022,0,738847,0,32804244,12852108,14433504,1080,1892240
2018-05-10_19-57-19.564905709,1525975039.566685546,2018-05-10_19-57-19.570540252,1525975039.572240401,1.00,0.99,0.90,296152084,343995130528,603963,1061252,16175,1310339,499530,372918,2834,1176366,760691,170,92498,67848832,18577,0,3022,0,741848,0,32804244,12852304,14433700,1080,1892240
2018-05-10_19-57-49.615292692,1525975069.617049601,2018-05-10_19-57-49.620909042,1525975069.622632946,1.00,0.99,0.90,296152084,343995130528,603963,1061252,16175,1310339,499530,372918,2834,1176366,763699,170,92509,67869834,18579,0,3022,0,744852,0,32804244,12852092,14433488,1080,1892240
2018-05-10_19-58-19.665737734,1525975099.667585463,2018-05-10_19-58-19.671451852,1525975099.673148555,1.00,0.99,0.90,296152084,343995130528,603963,1061252,16175,1310339,499530,372918,2834,1176366,766706,170,92524,67890834,18579,0,3022,0,747855,0,32804244,12852072,14433728,1080,1892240
2018-05-10_19-58-49.716159917,1525975129.717914643,2018-05-10_19-58-49.721724326,1525975129.723444642,1.00,0.99,0.91,296152084,343995130528,603963,1061252,16175,1310339,499530,372918,2834,1176366,769710,170,92540,67911836,18579,0,3022,0,750856,0,32804244,12852448,14433844,1080,1892240
2018-05-10_19-59-19.766909463,1525975159.768740575,2018-05-10_19-59-19.772664990,1525975159.774366396,1.00,0.99,0.91,296152084,343995130528,603963,1061252,16175,1310339,499530,372918,2834,1176366,772736,170,92583,67932788,18580,0,3023,0,753876,0,32804244,12839320,14420364,1080,1892256
2018-05-10_19-59-49.817422412,1525975189.819153235,2018-05-10_19-59-49.822947035,1525975189.824649200,1.00,0.99,0.91,296152084,343995130528,603963,1061252,16175,1310339,499530,372918,2834,1176366,775741,170,92602,67953785,18582,0,3023,0,756876,0,32804244,12839552,14420696,1080,1892256
2018-05-10_20-00-19.867525298,1525975219.869276413,2018-05-10_20-00-19.873145265,1525975219.874849498,1.00,0.99,0.91,296152084,343995130528,603963,1061252,16175,1310339,499530,372918,2834,1176366,778769,170,92625,67974752,18587,0,3023,0,759895,0,32804244,12839036,14420452,1080,1892264
2018-05-10_20-00-49.917922067,1525975249.919708633,2018-05-10_20-00-49.923599356,1525975249.925302653,1.00,0.99,0.92,296152084,343995130528,603963,1061252,16175,1310339,499530,372918,2834,1176366,781787,170,92643,67995732,18591,0,3023,0,762908,0,32804244,12838664,14420092,1080,1892276
2018-05-10_20-01-19.968269644,1525975279.970008945,2018-05-10_20-01-19.973813393,1525975279.975513483,1.00,0.99,0.92,296152084,343995130528,603963,1061252,16175,1310339,499530,372918,2834,1176366,784803,170,92669,68016704,18599,0,3023,0,765919,0,32804244,12838968,14420400,1080,1892280
2018-05-10_20-01-50.018793024,1525975310.020564468,2018-05-10_20-01-50.024437632,1525975310.026141532,1.00,0.99,0.92,296152084,343995130528,603963,1061252,16175,1310339,499530,372918,2834,1176366,787821,170,92696,68037676,18602,0,3023,0,768930,0,32804244,12839032,14420728,1080,1892284
2018-05-10_20-02-20.070118788,1525975340.071892788,2018-05-10_20-02-20.075726439,1525975340.077433358,1.07,1.00,0.93,296152084,343995130528,603963,1061252,16175,1310339,499530,372918,2834,1176366,790832,170,92712,68058668,18606,0,3024,0,771936,0,32804244,12851720,14433152,1080,1892276
2018-05-10_20-02-50.120286988,1525975370.122032867,2018-05-10_20-02-50.125839400,1525975370.127544169,0.96,0.99,0.93,296152084,343995130528,603963,1061252,16175,1310339,499530,372918,2834,1176366,793835,170,92732,68079669,18606,0,3024,0,774935,0,32804244,12851644,14433076,1080,1892276
2018-05-10_20-03-20.170523666,1525975400.172267840,2018-05-10_20-03-20.176094913,1525975400.177806098,0.92,0.97,0.93,296152084,343995130528,603963,1061252,16175,1310339,499530,372918,2834,1176366,796843,170,92748,68100665,18609,0,3024,0,777938,0,32804244,12851928,14433360,1080,1892276
2018-05-10_20-03-50.220553249,1525975430.222280763,2018-05-10_20-03-50.226071932,1525975430.227771819,0.95,0.97,0.93,296152084,343995130528,603963,1061252,16175,1310339,499530,372918,2834,1176366,799849,170,92759,68121669,18610,0,3024,0,780942,0,32804244,12851928,14433360,1080,1892276
2018-05-10_20-04-20.270444076,1525975460.272188676,2018-05-10_20-04-20.275995723,1525975460.277707477,0.97,0.98,0.93,296152084,343995130528,603963,1061252,16175,1310339,499530,372918,2834,1176366,802870,170,92780,68142648,18610,0,3024,0,783958,0,32804244,12852100,14433532,1080,1892276
2018-05-10_20-04-50.320453634,1525975490.322187129,2018-05-10_20-04-50.325980894,1525975490.327675203,0.98,0.98,0.94,296152084,343995130528,603963,1061252,16175,1310339,499530,372918,2834,1176366,805877,170,92793,68163648,18613,0,3024,0,786961,0,32804244,12852016,14433448,1080,1892276
2018-05-10_20-05-20.370405101,1525975520.372161815,2018-05-10_20-05-20.375995157,1525975520.377699497,0.99,0.98,0.94,296152084,343995130528,603963,1061252,16175,1310339,499530,372918,2834,1176366,808881,170,92815,68184643,18614,0,3024,0,789960,0,32804244,12852068,14433500,1080,1892276
2018-05-10_20-05-50.420501622,1525975550.422232858,2018-05-10_20-05-50.426012720,1525975550.427708861,0.92,0.97,0.94,296152084,343995130528,603963,1061252,16175,1310339,499530,372918,2834,1176366,811887,170,92828,68205646,18615,0,3024,0,792962,0,32804244,12852328,14433760,1080,1892276
2018-05-10_20-06-20.470361941,1525975580.472118508,2018-05-10_20-06-20.475929310,1525975580.477635124,0.95,0.97,0.94,296152084,343995130528,603963,1061252,16175,1310339,499530,372918,2834,1176366,814894,170,92852,68226636,18616,0,3024,0,795965,0,32804244,12852256,14433692,1080,1892280
2018-05-10_20-06-50.520435625,1525975610.522175584,2018-05-10_20-06-50.525947960,1525975610.527644239,0.90,0.96,0.94,296152084,343995130528,603963,1061252,16175,1310339,499530,372918,2834,1176366,817900,170,92865,68247638,18617,0,3024,0,798968,0,32804244,12852244,14433680,1080,1892280
2018-05-10_20-07-20.570445611,1525975640.572202139,2018-05-10_20-07-20.576051731,1525975640.577756544,0.94,0.96,0.94,296152084,343995130528,603963,1061252,16175,1310339,499530,372918,2834,1176366,820917,170,92891,68268614,18617,0,3024,0,801979,0,32804244,12839164,14420608,1080,1892292
2018-05-10_20-07-50.620712584,1525975670.622521080,2018-05-10_20-07-50.626300412,1525975670.628008180,0.96,0.96,0.94,296152084,343995130528,603963,1061252,16175,1310339,499530,372918,2834,1176366,823935,170,92912,68289593,18621,0,3025,0,804994,0,32804244,12839372,14420452,1080,1892292
2018-05-10_20-08-20.670666459,1525975700.672420250,2018-05-10_20-08-20.676239188,1525975700.678161979,0.93,0.95,0.94,296152084,343995130528,603963,1061252,16175,1310339,499530,372918,2834,1176366,826954,170,92930,68310571,18625,0,3025,0,808006,0,32804244,12838916,14420360,1080,1892292
2018-05-10_20-08-50.721754027,1525975730.723642740,2018-05-10_20-08-50.727532462,1525975730.729238502,0.95,0.96,0.94,296152084,343995130528,603963,1061252,16175,1310339,499530,372918,2834,1176366,829971,170,92966,68331535,18629,0,3025,0,811017,0,32804244,12838560,14420008,1080,1892296
2018-05-10_20-09-20.772330488,1525975760.774345901,2018-05-10_20-09-20.778597241,1525975760.780500855,0.97,0.96,0.95,296152084,343995130528,603963,1061252,16175,1310339,499530,372918,2834,1176366,832987,170,92983,68352518,18636,0,3025,0,814027,0,32804244,12836760,14418208,1080,1892296
2018-05-10_20-09-50.825297932,1525975790.827076843,2018-05-10_20-09-50.830980594,1525975790.832686591,0.98,0.96,0.95,296152084,343995130528,603963,1061252,16175,1310339,499530,372918,2834,1176366,835992,170,93002,68373513,18638,0,3025,0,817026,0,32804244,12838272,14419984,1080,1892300
2018-05-10_20-10-20.875956821,1525975820.877729848,2018-05-10_20-10-20.881592268,1525975820.883288422,0.99,0.97,0.95,296152084,343995130528,603963,1061252,16175,1310339,499530,372918,2834,1176366,839010,170,93025,68394490,18641,0,3026,0,820038,0,32804244,12851344,14433060,1080,1892300
2018-05-10_20-10-50.926233911,1525975850.927973039,2018-05-10_20-10-50.931766296,1525975850.933468182,0.99,0.97,0.95,296152084,343995130528,603963,1061252,16175,1310339,499530,372918,2834,1176366,842017,170,93038,68415484,18650,0,3026,0,823042,0,32804244,12851856,14433316,1080,1892304
2018-05-10_20-11-20.976211691,1525975880.977967017,2018-05-10_20-11-20.981820813,1525975880.983525965,1.00,0.97,0.95,296152084,343995130528,603963,1061252,16175,1310339,499530,372918,2834,1176366,845021,170,93061,68436471,18656,0,3026,0,826042,0,32804244,12852088,14433548,1080,1892304
2018-05-10_20-11-51.026405649,1525975911.028147031,2018-05-10_20-11-51.031935544,1525975911.033637139,1.00,0.97,0.95,296152084,343995130528,603963,1061252,16175,1310339,499530,372918,2834,1176366,848028,170,93074,68457471,18658,0,3026,0,829046,0,32804244,12851944,14433404,1080,1892304
2018-05-10_20-12-21.076493168,1525975941.078247277,2018-05-10_20-12-21.082092642,1525975941.083798606,0.89,0.95,0.95,296152084,343995130528,603963,1061252,16175,1310339,499530,372918,2834,1176366,851049,170,93103,68478439,18662,0,3026,0,832062,0,32804244,12852104,14433824,1080,1892304
2018-05-10_20-12-51.126642272,1525975971.128378096,2018-05-10_20-12-51.132167748,1525975971.133865546,0.93,0.95,0.95,296152084,343995130528,603963,1061252,16175,1310339,499530,372918,2834,1176366,854051,170,93121,68499435,18669,0,3026,0,835061,0,32804244,12851924,14433384,1080,1892304
2018-05-10_20-13-21.176686569,1525976001.178446813,2018-05-10_20-13-21.182302725,1525976001.184010744,0.96,0.96,0.95,296152084,343995130528,603963,1061252,16175,1310339,499530,372918,2834,1176366,857057,170,93136,68520433,18672,0,3027,0,838064,0,32804244,12852184,14433296,1080,1892304
2018-05-10_20-13-51.226892622,1525976031.228632594,2018-05-10_20-13-51.232443390,1525976031.234145941,0.97,0.96,0.95,296152084,343995130528,603963,1061252,16175,1310339,499530,372918,2834,1176366,860064,170,93148,68541434,18675,0,3027,0,841067,0,32804244,12851868,14433332,1080,1892308
2018-05-10_20-14-21.277188956,1525976061.278940424,2018-05-10_20-14-21.282773478,1525976061.284487560,0.98,0.96,0.95,296152084,343995130528,603963,1061252,16175,1310339,499530,372918,2834,1176366,863071,170,93163,68562430,18677,0,3027,0,844071,0,32804244,12851304,14432768,1080,1892308
2018-05-10_20-14-51.327433484,1525976091.329164226,2018-05-10_20-14-51.332971630,1525976091.334686344,0.99,0.97,0.95,296152084,343995130528,603963,1061252,16175,1310339,499530,372918,2834,1176366,866074,170,93181,68583431,18678,0,3027,0,847069,0,32804244,12851648,14433112,1080,1892308
2018-05-10_20-15-21.377700750,1525976121.379501538,2018-05-10_20-15-21.383375359,1525976121.385085757,0.99,0.97,0.95,296152084,343995130528,603963,1061252,16175,1310339,499530,372918,2834,1176366,869089,170,93217,68604401,18679,0,3027,0,850078,0,32804244,12839052,14420520,1080,1892316
2018-05-10_20-15-51.428339632,1525976151.430117902,2018-05-10_20-15-51.434005879,1525976151.435714994,1.00,0.97,0.95,296152084,343995130528,603963,1061252,16175,1310339,499530,372918,2834,1176366,872103,170,93235,68625391,18680,0,3027,0,853086,0,32804244,12838264,14419732,1080,1892316
2018-05-10_20-16-21.478777920,1525976181.480556317,2018-05-10_20-16-21.484425885,1525976181.486121636,0.81,0.93,0.94,296152084,343995130528,603963,1061252,16175,1310339,499530,372918,2834,1176366,875124,170,93257,68646365,18685,0,3027,0,856102,0,32804244,12839052,14420152,1080,1892320
2018-05-10_20-16-51.529194323,1525976211.530962165,2018-05-10_20-16-51.534843378,1525976211.536558880,0.89,0.93,0.94,296152084,343995130528,603963,1061252,16175,1310339,499530,372918,2834,1176366,878141,170,93275,68667348,18688,0,3028,0,859113,0,32804244,12839376,14420852,1080,1892324
2018-05-10_20-17-21.579755915,1525976241.581544764,2018-05-10_20-17-21.585438039,1525976241.587148666,0.93,0.94,0.95,296152084,343995130528,603963,1061252,16175,1310339,499530,372918,2834,1176366,881155,170,93312,68688309,18696,0,3028,0,862121,0,32804244,12838548,14420020,1080,1892324
2018-05-10_20-17-51.630125621,1525976271.631891761,2018-05-10_20-17-51.635723004,1525976271.637427595,0.96,0.95,0.95,296152084,343995130528,603963,1061252,16175,1310339,499530,372918,2834,1176366,884164,170,93325,68709309,18699,0,3028,0,865124,0,32804244,12838880,14420356,1080,1892324
2018-05-10_20-18-21.680320530,1525976301.682091570,2018-05-10_20-18-21.685963519,1525976301.687661046,0.97,0.95,0.95,296152084,343995130528,603963,1061252,16175,1310339,499530,372918,2834,1176366,887170,170,93344,68730304,18700,0,3028,0,868125,0,32804244,12851672,14433148,1080,1892320
2018-05-10_20-18-51.730643256,1525976331.732373303,2018-05-10_20-18-51.736177473,1525976331.737867953,0.98,0.96,0.95,296152084,343995130528,603963,1061252,16175,1310339,499530,372918,2834,1176366,890176,170,93359,68751301,18706,0,3028,0,871127,0,32804244,12851864,14433340,1080,1892320
