StartTime,StartEpoch,BW,EndTime,EndEpoch,CPULoad1m,CPULoad5m,CPULoad5m,NetDevRX,NetDevTX,IRQens2-0,IRQens2-1,IRQens2-2,IRQens2-3,IRQens2-4,IRQens2-5,IRQens2-6,IRQens2-7,user,nice,system,idle,iowait,irq,softirq,steal,guest,guest_nice,MemTotal,MemFree,MemAvailable,Buffers,Cached
2018-05-02_18-08-19.644907149,1525277299.646445925,16623140334,2018-05-02_18-08-49.698798321,1525277329.700318802,0.01,0.06,0.05,38143302,64650426786,8,903391,18,0,0,0,0,0,1007,0,3196,421221,2880,0,125,0,0,0,32805052,31870828,31752180,948,157200
2018-05-02_18-08-49.735816030,1525277329.737298489,16511103659,2018-05-02_18-09-19.773150109,1525277359.774667593,0.20,0.10,0.06,75413836,128870722918,10,1793513,29,5,0,0,0,0,1026,0,3968,443526,2881,0,234,0,0,0,32805052,31869412,31750996,948,157200
2018-05-02_18-09-19.810088975,1525277359.811569736,16470790798,2018-05-02_18-09-49.846083311,1525277389.847594523,0.19,0.11,0.06,112907410,193411056988,12,1793515,29,426522,0,0,0,0,1035,0,4703,465855,2881,0,310,0,0,0,32805052,31867408,31749604,948,157208
2018-05-02_18-09-49.883237959,1525277389.884739959,16596033886,2018-05-02_18-10-19.920675428,1525277419.922216938,0.31,0.15,0.08,150475992,258018923472,13,1793519,894350,426571,0,0,0,0,1050,0,5463,488142,2883,0,416,0,0,0,32805052,31877904,31760376,948,157220
2018-05-02_18-10-19.957758685,1525277419.959238099,16536499581,2018-05-02_18-10-38.353624303,1525277438.355172275,0.36,0.17,0.08,173495134,297573463676,265123,1793637,894389,426571,0,0,0,0,1057,0,5911,501827,2883,0,460,0,0,0,32805052,31877084,31758756,948,157220
2018-05-02_18-10-38.390809189,1525277438.392279689,,2018-05-02_18-10-38.399109478,1525277438.400632750,0.36,0.17,0.08,173495134,297573463676,265123,1793638,894389,426572,0,0,0,0,1059,0,5915,501858,2883,0,460,0,0,0,32805052,31874872,31757348,948,157220
2018-05-02_18-10-38.435993903,1525277438.437466536,,2018-05-02_18-10-38.444150112,1525277438.445672639,0.36,0.17,0.08,173495134,297573463676,265123,1793638,894389,426572,0,0,0,0,1060,0,5919,501889,2883,0,460,0,0,0,32805052,31874624,31756540,948,157220
2018-05-02_18-10-38.481026139,1525277438.482497193,,2018-05-02_18-10-38.489104688,1525277438.490606737,0.36,0.17,0.08,173495134,297573463676,265124,1793639,894389,426572,0,0,0,0,1061,0,5922,501920,2883,0,460,0,0,0,32805052,31873896,31755832,948,157220
2018-05-02_18-10-38.525762966,1525277438.527238382,,2018-05-02_18-10-38.533911989,1525277438.535400430,0.36,0.17,0.08,173495134,297573463676,265124,1793639,894389,426572,0,0,0,0,1063,0,5925,501951,2883,0,460,0,0,0,32805052,31873452,31755032,948,157220
2018-05-02_18-10-38.570652159,1525277438.572114065,,2018-05-02_18-10-38.578703306,1525277438.580192190,0.36,0.17,0.08,173495134,297573463676,265124,1793640,894389,426572,0,0,0,0,1064,0,5929,501981,2883,0,460,0,0,0,32805052,31872652,31754244,948,157220
2018-05-02_18-10-38.615423451,1525277438.616893945,,2018-05-02_18-10-38.623503807,1525277438.625000904,0.36,0.17,0.08,173495454,297573464026,265125,1793640,894389,426572,0,0,0,0,1066,0,5932,502012,2883,0,460,0,0,0,32805052,31872044,31753916,948,157220
2018-05-02_18-10-38.660299575,1525277438.661794164,,2018-05-02_18-10-38.668385198,1525277438.669877572,0.36,0.17,0.08,173495454,297573464026,265125,1793641,894389,426572,0,0,0,0,1067,0,5936,502043,2883,0,460,0,0,0,32805052,31872056,31753728,948,157220
2018-05-02_18-10-38.704961680,1525277438.706433917,,2018-05-02_18-10-38.712962391,1525277438.714507880,0.36,0.17,0.08,173495454,297573464026,265125,1793641,894389,426573,0,0,0,0,1069,0,5939,502074,2883,0,460,0,0,0,32805052,31871488,31753964,948,157220
2018-05-02_18-10-38.749777123,1525277438.751246838,,2018-05-02_18-10-38.757796564,1525277438.759310973,0.36,0.17,0.08,173495454,297573464026,265125,1793642,894389,426573,0,0,0,0,1070,0,5942,502104,2883,0,460,0,0,0,32805052,31871516,31753740,948,157220
2018-05-02_18-10-38.794335969,1525277438.795809416,,2018-05-02_18-10-38.802355592,1525277438.803881832,0.36,0.17,0.08,173495454,297573464026,265125,1793642,894389,426574,0,0,0,0,1072,0,5946,502135,2883,0,460,0,0,0,32805052,31872004,31753904,948,157220
2018-05-02_18-10-38.839105484,1525277438.840604445,,2018-05-02_18-10-38.847049515,1525277438.848531646,0.36,0.17,0.08,173495774,297573464376,265125,1793642,894389,426574,0,0,0,0,1073,0,5949,502166,2883,0,460,0,0,0,32805052,31871840,31753532,948,157220
2018-05-02_18-10-38.883727362,1525277438.885202973,,2018-05-02_18-10-38.891756589,1525277438.893261479,0.36,0.17,0.08,173495774,297573464376,265126,1793643,894389,426574,0,0,0,0,1075,0,5953,502196,2883,0,460,0,0,0,32805052,31871416,31753108,948,157220
2018-05-02_18-10-38.928389902,1525277438.929865361,,2018-05-02_18-10-38.936435283,1525277438.937971484,0.36,0.17,0.08,173495774,297573464376,265127,1793643,894389,426574,0,0,0,0,1076,0,5956,502227,2883,0,460,0,0,0,32805052,31871836,31753788,948,157220
2018-05-02_18-10-38.973130133,1525277438.974612815,,2018-05-02_18-10-38.981190763,1525277438.982692746,0.36,0.17,0.08,173495774,297573464376,265127,1793644,894389,426574,0,0,0,0,1078,0,5959,502258,2883,0,460,0,0,0,32805052,31871616,31753532,948,157220
2018-05-02_18-10-39.017822408,1525277439.019284755,,2018-05-02_18-10-39.025809668,1525277439.027339371,0.36,0.17,0.08,173495774,297573464376,265127,1793644,894389,426575,0,0,0,0,1080,0,5962,502288,2883,0,460,0,0,0,32805052,31871808,31754020,948,157220
2018-05-02_18-10-39.062630513,1525277439.064123114,,2018-05-02_18-10-39.070664054,1525277439.072157938,0.36,0.17,0.08,173495774,297573464376,265127,1793645,894389,426575,0,0,0,0,1081,0,5966,502319,2883,0,460,0,0,0,32805052,31871772,31753672,948,157220
2018-05-02_18-10-39.107230221,1525277439.108703494,,2018-05-02_18-10-39.115236326,1525277439.116756656,0.36,0.17,0.08,173496158,297573464796,265128,1793645,894389,426575,0,0,0,0,1084,0,5968,502350,2883,0,460,0,0,0,32805052,31871336,31753516,948,157220
2018-05-02_18-10-39.152085323,1525277439.153561249,,2018-05-02_18-10-39.160134064,1525277439.161631851,0.36,0.17,0.08,173496158,297573464796,265128,1793646,894389,426575,0,0,0,0,1085,0,5972,502380,2883,0,460,0,0,0,32805052,31871820,31753460,948,157220
2018-05-02_18-10-39.196702517,1525277439.198176413,,2018-05-02_18-10-39.204726604,1525277439.206227178,0.36,0.17,0.08,173496158,297573464796,265128,1793646,894389,426576,0,0,0,0,1086,0,5976,502411,2883,0,460,0,0,0,32805052,31871372,31752988,948,157220
2018-05-02_18-10-39.241501765,1525277439.242967785,,2018-05-02_18-10-39.249485537,1525277439.250954111,0.36,0.17,0.08,173496158,297573464796,265128,1793647,894389,426576,0,0,0,0,1087,0,5980,502442,2883,0,460,0,0,0,32805052,31870860,31753336,948,157220
2018-05-02_18-10-39.286050899,1525277439.287529917,,2018-05-02_18-10-39.294081311,1525277439.295585737,0.36,0.17,0.08,173496158,297573464796,265128,1793647,894389,426576,0,0,0,0,1089,0,5984,502473,2883,0,460,0,0,0,32805052,31871404,31753620,948,157220
2018-05-02_18-10-39.330855475,1525277439.332326464,,2018-05-02_18-10-39.338809417,1525277439.340307513,0.36,0.17,0.08,173496542,297573465216,265128,1793648,894389,426577,0,0,0,0,1090,0,5988,502503,2883,0,460,0,0,0,32805052,31871684,31753440,948,157220
2018-05-02_18-10-39.375344027,1525277439.376821773,,2018-05-02_18-10-39.383357803,1525277439.384859879,0.36,0.17,0.08,173496542,297573465216,265128,1793648,894389,426577,0,0,0,0,1091,0,5991,502534,2883,0,460,0,0,0,32805052,31872128,31754084,948,157220
2018-05-02_18-10-39.420191434,1525277439.421679345,,2018-05-02_18-10-39.428190282,1525277439.429684601,0.36,0.17,0.08,173496542,297573465216,265129,1793648,894389,426577,0,0,0,0,1092,0,5994,502564,2883,0,460,0,0,0,32805052,31871808,31754288,948,157224
2018-05-02_18-10-39.464872257,1525277439.466344290,,2018-05-02_18-10-39.472891347,1525277439.474392818,0.36,0.17,0.08,173496542,297573465216,265129,1793649,894389,426577,0,0,0,0,1094,0,5998,502595,2883,0,460,0,0,0,32805052,31872180,31753532,948,157224
2018-05-02_18-10-39.509558385,1525277439.511037389,,2018-05-02_18-10-39.517641005,1525277439.519149880,0.36,0.17,0.08,173496542,297573465216,265130,1793649,894389,426577,0,0,0,0,1095,0,6002,502626,2883,0,460,0,0,0,32805052,31871328,31753548,948,157224
2018-05-02_18-10-39.554362528,1525277439.555812953,,2018-05-02_18-10-39.562333459,1525277439.563848944,0.36,0.17,0.08,173496542,297573465216,265130,1793650,894389,426577,0,0,0,0,1096,0,6005,502657,2883,0,460,0,0,0,32805052,31871088,31752784,948,157224
2018-05-02_18-10-39.599005322,1525277439.600485513,,2018-05-02_18-10-39.607034425,1525277439.608540104,0.36,0.17,0.08,173496862,297573465566,265130,1793650,894389,426578,0,0,0,0,1098,0,6008,502687,2883,0,460,0,0,0,32805052,31871076,31753048,948,157224
2018-05-02_18-10-39.643859653,1525277439.645363685,,2018-05-02_18-10-39.651855017,1525277439.653367487,0.36,0.17,0.08,173496862,297573465566,265130,1793650,894389,426579,0,0,0,0,1100,0,6012,502718,2883,0,460,0,0,0,32805052,31870984,31753464,948,157224
2018-05-02_18-10-39.688468158,1525277439.689945474,,2018-05-02_18-10-39.696518211,1525277439.698008135,0.36,0.17,0.08,173496862,297573465566,265130,1793651,894389,426579,0,0,0,0,1101,0,6015,502749,2883,0,460,0,0,0,32805052,31871516,31753212,948,157224
2018-05-02_18-10-39.733130221,1525277439.734622720,,2018-05-02_18-10-39.741219274,1525277439.742742508,0.36,0.17,0.08,173496862,297573465566,265131,1793651,894389,426579,0,0,0,0,1103,0,6018,502779,2883,0,460,0,0,0,32805052,31870852,31753340,948,157224
2018-05-02_18-10-39.777989521,1525277439.779456714,,2018-05-02_18-10-39.785997640,1525277439.787511717,0.36,0.17,0.08,173496862,297573465566,265131,1793652,894389,426579,0,0,0,0,1105,0,6021,502810,2883,0,460,0,0,0,32805052,31871068,31753548,948,157224
2018-05-02_18-10-39.822556461,1525277439.824025653,,2018-05-02_18-10-39.830563396,1525277439.832060835,0.36,0.17,0.08,173496862,297573465566,265131,1793652,894389,426579,0,0,0,0,1106,0,6025,502841,2883,0,460,0,0,0,32805052,31872392,31754068,948,157224
2018-05-02_18-10-39.867242877,1525277439.868730137,,2018-05-02_18-10-39.875254913,1525277439.876762773,0.36,0.17,0.08,173497246,297573465986,265132,1793653,894389,426579,0,0,0,0,1108,0,6029,502871,2883,0,460,0,0,0,32805052,31872000,31753904,948,157224
2018-05-02_18-10-39.911910036,1525277439.913388916,,2018-05-02_18-10-39.919897181,1525277439.921407091,0.36,0.17,0.08,173497246,297573465986,265132,1793653,894389,426579,0,0,0,0,1109,0,6032,502902,2883,0,460,0,0,0,32805052,31871512,31753416,948,157224
2018-05-02_18-10-39.956696134,1525277439.958190524,,2018-05-02_18-10-39.964720363,1525277439.966205451,0.36,0.17,0.08,173497246,297573465986,265132,1793654,894389,426580,0,0,0,0,1111,0,6036,502933,2883,0,460,0,0,0,32805052,31871984,31754204,948,157224
2018-05-02_18-10-40.001380313,1525277440.002855110,,2018-05-02_18-10-40.009387535,1525277440.010903088,0.36,0.17,0.08,173497246,297573465986,265132,1793655,894389,426581,0,0,0,0,1112,0,6039,502963,2883,0,460,0,0,0,32805052,31871136,31753612,948,157224
2018-05-02_18-10-40.046067999,1525277440.047541681,,2018-05-02_18-10-40.053997054,1525277440.055511569,0.36,0.17,0.08,173497246,297573465986,265132,1793656,894389,426581,0,0,0,0,1114,0,6042,502994,2883,0,460,0,0,0,32805052,31872180,31754136,948,157224
2018-05-02_18-10-40.090757927,1525277440.092295574,,2018-05-02_18-10-40.098803944,1525277440.100280885,0.36,0.17,0.08,173497566,297573466336,265133,1793657,894389,426581,0,0,0,0,1116,0,6045,503024,2883,0,460,0,0,0,32805052,31872556,31754512,948,157224
2018-05-02_18-10-40.135318714,1525277440.136803132,,2018-05-02_18-10-40.143387347,1525277440.144870122,0.36,0.17,0.08,173497566,297573466336,265133,1793657,894389,426581,0,0,0,0,1117,0,6049,503055,2883,0,460,0,0,0,32805052,31872272,31754492,948,157224
2018-05-02_18-10-40.180041412,1525277440.181507145,,2018-05-02_18-10-40.188048900,1525277440.189552398,0.36,0.17,0.08,173497566,297573466336,265134,1793658,894389,426581,0,0,0,0,1118,0,6053,503086,2883,0,460,0,0,0,32805052,31872800,31754760,948,157224
2018-05-02_18-10-40.224697636,1525277440.226160254,,2018-05-02_18-10-40.232791758,1525277440.234271159,0.36,0.17,0.08,173497566,297573466336,265134,1793658,894389,426581,0,0,0,0,1120,0,6056,503116,2883,0,460,0,0,0,32805052,31871600,31753688,948,157224
2018-05-02_18-10-40.269460669,1525277440.270941320,,2018-05-02_18-10-40.277495049,1525277440.279002123,0.36,0.17,0.08,173497566,297573466336,265134,1793659,894389,426582,0,0,0,0,1122,0,6059,503147,2883,0,460,0,0,0,32805052,31872168,31754056,948,157224
2018-05-02_18-10-40.314107378,1525277440.315581605,,2018-05-02_18-10-40.322130532,1525277440.323645520,0.36,0.17,0.08,173497566,297573466336,265134,1793659,894389,426582,0,0,0,0,1124,0,6063,503178,2883,0,460,0,0,0,32805052,31871920,31753360,948,157224
2018-05-02_18-10-40.358950000,1525277440.360451649,,2018-05-02_18-10-40.366948154,1525277440.368457358,0.36,0.17,0.08,173497950,297573466756,265134,1793660,894389,426582,0,0,0,0,1125,0,6066,503209,2883,0,460,0,0,0,32805052,31872344,31753712,948,157224
2018-05-02_18-10-40.403564275,1525277440.405027902,,2018-05-02_18-10-40.411595672,1525277440.413088340,0.36,0.17,0.08,173497950,297573466756,265134,1793660,894389,426583,0,0,0,0,1126,0,6070,503239,2883,0,460,0,0,0,32805052,31872696,31754376,948,157232
2018-05-02_18-10-40.448359071,1525277440.449851720,,2018-05-02_18-10-40.456355576,1525277440.457859389,0.36,0.17,0.08,173497950,297573466756,265134,1793661,894389,426583,0,0,0,0,1128,0,6073,503270,2883,0,460,0,0,0,32805052,31872476,31754420,948,157232
2018-05-02_18-10-40.492940026,1525277440.494416066,,2018-05-02_18-10-40.500970020,1525277440.502478544,0.36,0.17,0.08,173497950,297573466756,265135,1793661,894389,426583,0,0,0,0,1129,0,6076,503301,2883,0,460,0,0,0,32805052,31871508,31753956,948,157232
2018-05-02_18-10-40.537752155,1525277440.539226116,,2018-05-02_18-10-40.545751278,1525277440.547256927,0.36,0.17,0.08,173497950,297573466756,265135,1793662,894389,426583,0,0,0,0,1131,0,6079,503331,2883,0,460,0,0,0,32805052,31871748,31754232,948,157232
2018-05-02_18-10-40.582395421,1525277440.583877170,,2018-05-02_18-10-40.590453221,1525277440.591970150,0.36,0.17,0.08,173498334,297573467176,265135,1793662,894389,426584,0,0,0,0,1132,0,6083,503362,2883,0,460,0,0,0,32805052,31872028,31753692,948,157232
2018-05-02_18-10-40.627183135,1525277440.628662565,,2018-05-02_18-10-40.635159513,1525277440.636672202,0.36,0.17,0.08,173498334,297573467176,265135,1793663,894389,426584,0,0,0,0,1134,0,6086,503393,2883,0,460,0,0,0,32805052,31871420,31753580,948,157232
2018-05-02_18-10-40.671904034,1525277440.673380551,,2018-05-02_18-10-40.679867727,1525277440.681375203,0.36,0.17,0.08,173498334,297573467176,265136,1793663,894389,426584,0,0,0,0,1134,0,6090,503423,2883,0,460,0,0,0,32805052,31870236,31752408,948,157232
2018-05-02_18-10-40.716675933,1525277440.718142134,,2018-05-02_18-10-40.724698118,1525277440.726173726,0.36,0.17,0.08,173498334,297573467176,265137,1793664,894389,426584,0,0,0,0,1136,0,6094,503454,2883,0,460,0,0,0,32805052,31870516,31752900,948,157232
2018-05-02_18-10-40.761208102,1525277440.762697451,,2018-05-02_18-10-40.769308874,1525277440.770819612,0.36,0.17,0.08,173498334,297573467176,265137,1793664,894389,426584,0,0,0,0,1137,0,6098,503485,2883,0,460,0,0,0,32805052,31872260,31754676,948,157232
2018-05-02_18-10-40.805978166,1525277440.807446915,,2018-05-02_18-10-40.813978268,1525277440.815470702,0.36,0.17,0.08,173498334,297573467176,265137,1793665,894389,426585,0,0,0,0,1138,0,6101,503515,2883,0,460,0,0,0,32805052,31871688,31754172,948,157232
2018-05-02_18-10-40.850630899,1525277440.852102718,,2018-05-02_18-10-40.858653868,1525277440.860186701,0.36,0.17,0.08,173498654,297573467526,265137,1793665,894389,426585,0,0,0,0,1140,0,6104,503546,2883,0,460,0,0,0,32805052,31871508,31752912,948,157232
2018-05-02_18-10-40.895543732,1525277440.897034762,,2018-05-02_18-10-40.903625083,1525277440.905123466,0.36,0.17,0.08,173498654,297573467526,265137,1793666,894389,426586,0,0,0,0,1141,0,6108,503577,2883,0,460,0,0,0,32805052,31871196,31752896,948,157232
2018-05-02_18-10-40.940160916,1525277440.941636589,,2018-05-02_18-10-40.948113094,1525277440.949644040,0.36,0.17,0.08,173498654,297573467526,265137,1793666,894389,426586,0,0,0,0,1143,0,6111,503608,2883,0,460,0,0,0,32805052,31870648,31752592,948,157232
2018-05-02_18-10-40.984989851,1525277440.986477036,,2018-05-02_18-10-40.993045777,1525277440.994535771,0.36,0.17,0.08,173498654,297573467526,265138,1793667,894389,426586,0,0,0,0,1145,0,6114,503638,2883,0,460,0,0,0,32805052,31872248,31754208,948,157232
2018-05-02_18-10-41.029642630,1525277441.031102872,,2018-05-02_18-10-41.037615458,1525277441.039092799,0.36,0.17,0.08,173498654,297573467526,265138,1793667,894389,426586,0,0,0,0,1146,0,6118,503669,2883,0,460,0,0,0,32805052,31871776,31753960,948,157232
2018-05-02_18-10-41.074277795,1525277441.075755442,,2018-05-02_18-10-41.082257059,1525277441.083740135,0.36,0.17,0.08,173498654,297573467526,265138,1793668,894389,426586,0,0,0,0,1148,0,6121,503700,2883,0,460,0,0,0,32805052,31871824,31754028,948,157232
2018-05-02_18-10-41.119149504,1525277441.120620329,,2018-05-02_18-10-41.127115985,1525277441.128603896,0.36,0.17,0.08,173499038,297573467946,265139,1793669,894389,426586,0,0,0,0,1150,0,6124,503730,2883,0,460,0,0,0,32805052,31871612,31753816,948,157232
2018-05-02_18-10-41.163757312,1525277441.165243674,,2018-05-02_18-10-41.171839912,1525277441.173354832,0.36,0.17,0.08,173499038,297573467946,265139,1793669,894389,426586,0,0,0,0,1151,0,6127,503761,2883,0,460,0,0,0,32805052,31872152,31754112,948,157232
2018-05-02_18-10-41.208624806,1525277441.210098445,,2018-05-02_18-10-41.216575678,1525277441.218061052,0.36,0.17,0.08,173499038,297573467946,265139,1793670,894389,426587,0,0,0,0,1152,0,6132,503792,2883,0,460,0,0,0,32805052,31871236,31752640,948,157232
2018-05-02_18-10-41.253228959,1525277441.254709491,,2018-05-02_18-10-41.261256364,1525277441.262758242,0.36,0.17,0.08,173499038,297573467946,265139,1793671,894389,426587,0,0,0,0,1154,0,6135,503822,2883,0,460,0,0,0,32805052,31870328,31752716,948,157232
2018-05-02_18-10-41.297966688,1525277441.299428959,,2018-05-02_18-10-41.305955371,1525277441.307458939,0.36,0.17,0.08,173499038,297573467946,265139,1793672,894389,426587,0,0,0,0,1155,0,6138,503853,2883,0,460,0,0,0,32805052,31870860,31752820,948,157232
2018-05-02_18-10-41.342599895,1525277441.344049742,,2018-05-02_18-10-41.350655075,1525277441.352186374,0.36,0.17,0.08,173499358,297573468296,265139,1793672,894390,426587,0,0,0,0,1156,0,6142,503884,2883,0,460,0,0,0,32805052,31871424,31754144,948,157232
2018-05-02_18-10-41.387410310,1525277441.388881671,,2018-05-02_18-10-41.395420903,1525277441.396920008,0.36,0.17,0.08,173499358,297573468296,265139,1793673,894390,426587,0,0,0,0,1158,0,6145,503915,2883,0,460,0,0,0,32805052,31872132,31753504,948,157236
2018-05-02_18-10-41.432085933,1525277441.433556319,,2018-05-02_18-10-41.440096522,1525277441.441605325,0.36,0.17,0.08,173499358,297573468296,265139,1793673,894390,426587,0,0,0,0,1160,0,6148,503945,2883,0,460,0,0,0,32805052,31872548,31754196,948,157236
2018-05-02_18-10-41.476848325,1525277441.478320884,,2018-05-02_18-10-41.484817484,1525277441.486332051,0.36,0.17,0.08,173499358,297573468296,265139,1793674,894391,426587,0,0,0,0,1162,0,6151,503976,2883,0,460,0,0,0,32805052,31872388,31754332,948,157236
2018-05-02_18-10-41.521500619,1525277441.522976577,,2018-05-02_18-10-41.529594126,1525277441.531073744,0.36,0.17,0.08,173499358,297573468296,265139,1793674,894391,426587,0,0,0,0,1164,0,6155,504007,2883,0,460,0,0,0,32805052,31872680,31754596,948,157236
2018-05-02_18-10-41.566410464,1525277441.567889046,,2018-05-02_18-10-41.574386282,1525277441.575877999,0.36,0.17,0.08,173499358,297573468296,265139,1793675,894391,426587,0,0,0,0,1164,0,6159,504037,2883,0,460,0,0,0,32805052,31872160,31754124,948,157236
2018-05-02_18-10-41.610976022,1525277441.612463549,,2018-05-02_18-10-41.619042959,1525277441.620537982,0.36,0.17,0.08,173499742,297573468716,265139,1793675,894391,426587,0,0,0,0,1166,0,6162,504068,2883,0,460,0,0,0,32805052,31872520,31754480,948,157236
2018-05-02_18-10-41.655807898,1525277441.657272798,,2018-05-02_18-10-41.663801688,1525277441.665325130,0.36,0.17,0.08,173499742,297573468716,265139,1793676,894391,426587,0,0,0,0,1167,0,6166,504099,2883,0,460,0,0,0,32805052,31872328,31754816,948,157236
2018-05-02_18-10-41.700479414,1525277441.701959580,,2018-05-02_18-10-41.708514073,1525277441.710018056,0.36,0.17,0.08,173499742,297573468716,265139,1793676,894391,426587,0,0,0,0,1168,0,6170,504129,2883,0,460,0,0,0,32805052,31872396,31755120,948,157236
2018-05-02_18-10-41.745153649,1525277441.746627615,,2018-05-02_18-10-41.753081545,1525277441.754566041,0.36,0.17,0.08,173499742,297573468716,265139,1793676,894392,426587,0,0,0,0,1169,0,6173,504160,2883,0,460,0,0,0,32805052,31872976,31754920,948,157236
2018-05-02_18-10-41.789823335,1525277441.791295265,,2018-05-02_18-10-41.797859627,1525277441.799352348,0.36,0.17,0.08,173499742,297573468716,265139,1793677,894393,426587,0,0,0,0,1171,0,6177,504191,2883,0,460,0,0,0,32805052,31873044,31754448,948,157236
2018-05-02_18-10-41.834527070,1525277441.835997828,,2018-05-02_18-10-41.842558640,1525277441.844068749,0.36,0.17,0.08,173500126,297573469136,265139,1793677,894393,426587,0,0,0,0,1172,0,6181,504221,2883,0,460,0,0,0,32805052,31872076,31754020,948,157236
2018-05-02_18-10-41.879235161,1525277441.880721514,,2018-05-02_18-10-41.887248439,1525277441.888780232,0.36,0.17,0.08,173500126,297573469136,265139,1793678,894393,426587,0,0,0,0,1174,0,6184,504252,2883,0,460,0,0,0,32805052,31871244,31753200,948,157236
2018-05-02_18-10-41.924182737,1525277441.925661077,,2018-05-02_18-10-41.932260575,1525277441.933776398,0.36,0.17,0.08,173500126,297573469136,265139,1793679,894393,426587,0,0,0,0,1176,0,6187,504283,2883,0,460,0,0,0,32805052,31871232,31753416,948,157236
2018-05-02_18-10-41.968887466,1525277441.970365497,,2018-05-02_18-10-41.976907047,1525277441.978413256,0.36,0.17,0.08,173500126,297573469136,265139,1793679,894394,426587,0,0,0,0,1178,0,6190,504314,2883,0,460,0,0,0,32805052,31871900,31753860,948,157236
2018-05-02_18-10-42.013574229,1525277442.015032378,,2018-05-02_18-10-42.021561059,1525277442.023055668,0.36,0.17,0.08,173500126,297573469136,265139,1793680,894394,426587,0,0,0,0,1179,0,6194,504344,2883,0,460,0,0,0,32805052,31871504,31753464,948,157236
2018-05-02_18-10-42.058093198,1525277442.059573523,,2018-05-02_18-10-42.067191199,1525277442.068724067,0.36,0.17,0.08,173500126,297573469136,265139,1793681,894394,426587,0,0,0,0,1181,0,6198,504376,2883,0,460,0,0,0,32805052,31871440,31753628,948,157236
2018-05-02_18-10-42.104176249,1525277442.105654064,,2018-05-02_18-10-42.112214151,1525277442.113713593,0.36,0.17,0.08,173500446,297573469486,265139,1793682,894394,426587,0,0,0,0,1182,0,6201,504406,2883,0,460,0,0,0,32805052,31870960,31752884,948,157236
2018-05-02_18-10-42.148769838,1525277442.150225282,,2018-05-02_18-10-42.156775742,1525277442.158273239,0.36,0.17,0.08,173500446,297573469486,265139,1793682,894394,426587,0,0,0,0,1184,0,6204,504437,2883,0,460,0,0,0,32805052,31871596,31753280,948,157236
2018-05-02_18-10-42.193492758,1525277442.194986512,,2018-05-02_18-10-42.201512801,1525277442.202997204,0.36,0.17,0.08,173500446,297573469486,265139,1793683,894394,426587,0,0,0,0,1186,0,6207,504468,2883,0,460,0,0,0,32805052,31872052,31753752,948,157236
2018-05-02_18-10-42.238018072,1525277442.239476610,,2018-05-02_18-10-42.246011682,1525277442.247517653,0.36,0.17,0.08,173500446,297573469486,265139,1793683,894394,426587,0,0,0,0,1187,0,6210,504498,2883,0,460,0,0,0,32805052,31871052,31752752,948,157236
2018-05-02_18-10-42.282742738,1525277442.284201739,,2018-05-02_18-10-42.290756955,1525277442.292241407,0.36,0.17,0.08,173500446,297573469486,265139,1793684,894395,426587,0,0,0,0,1188,0,6214,504529,2883,0,460,0,0,0,32805052,31871536,31753496,948,157236
2018-05-02_18-10-42.327367883,1525277442.328843307,,2018-05-02_18-10-42.335400544,1525277442.336903720,0.36,0.17,0.08,173500446,297573469486,265139,1793684,894395,426587,0,0,0,0,1190,0,6218,504560,2883,0,460,0,0,0,32805052,31870760,31752720,948,157236
2018-05-02_18-10-42.372172935,1525277442.373657065,,2018-05-02_18-10-42.380225245,1525277442.381718599,0.36,0.17,0.08,173500830,297573469906,265139,1793685,894396,426587,0,0,0,0,1192,0,6221,504591,2883,0,460,0,0,0,32805052,31871100,31753044,948,157236
2018-05-02_18-10-42.417130466,1525277442.418626554,,2018-05-02_18-10-42.425107396,1525277442.426610206,0.36,0.17,0.08,173500830,297573469906,265139,1793686,894396,426587,0,0,0,0,1194,0,6224,504621,2883,0,460,0,0,0,32805052,31871156,31753072,948,157240
2018-05-02_18-10-42.461763112,1525277442.463230458,,2018-05-02_18-10-42.469834668,1525277442.471326738,0.36,0.17,0.08,173500830,297573469906,265139,1793687,894396,426587,0,0,0,0,1196,0,6227,504652,2883,0,460,0,0,0,32805052,31871240,31753188,948,157240
2018-05-02_18-10-42.506629611,1525277442.508099828,,2018-05-02_18-10-42.514586827,1525277442.516097092,0.36,0.17,0.08,173500830,297573469906,265139,1793688,894396,426587,0,0,0,0,1197,0,6231,504683,2883,0,460,0,0,0,32805052,31871492,31753652,948,157240
2018-05-02_18-10-42.551234596,1525277442.552723169,,2018-05-02_18-10-42.559243181,1525277442.560754079,0.36,0.17,0.08,173500830,297573469906,265139,1793688,894396,426587,0,0,0,0,1198,0,6234,504713,2883,0,460,0,0,0,32805052,31871048,31752752,948,157240
2018-05-02_18-10-42.596039442,1525277442.597518118,,2018-05-02_18-10-42.604051210,1525277442.605540939,0.36,0.17,0.08,173501150,297573470256,265139,1793689,894397,426587,0,0,0,0,1200,0,6238,504744,2883,0,460,0,0,0,32805052,31871128,31752536,948,157240
2018-05-02_18-10-42.640672038,1525277442.642146883,,2018-05-02_18-10-42.648760681,1525277442.650265871,0.36,0.17,0.08,173501150,297573470256,265139,1793689,894397,426587,0,0,0,0,1201,0,6241,504775,2883,0,460,0,0,0,32805052,31870844,31752728,948,157240
2018-05-02_18-10-42.685589281,1525277442.687065501,,2018-05-02_18-10-42.693588553,1525277442.695100722,0.36,0.17,0.08,173501150,297573470256,265139,1793690,894397,426587,0,0,0,0,1202,0,6245,504805,2883,0,460,0,0,0,32805052,31870088,31752036,948,157240
2018-05-02_18-10-42.730070465,1525277442.731536649,,2018-05-02_18-10-42.738082926,1525277442.739604745,0.36,0.17,0.08,173501150,297573470256,265139,1793690,894398,426587,0,0,0,0,1205,0,6248,504836,2883,0,460,0,0,0,32805052,31871848,31754296,948,157240
2018-05-02_18-10-42.774808772,1525277442.776271114,,2018-05-02_18-10-42.782800689,1525277442.784304363,0.36,0.17,0.08,173501150,297573470256,265139,1793691,894398,426587,0,0,0,0,1206,0,6252,504867,2883,0,460,0,0,0,32805052,31871512,31753744,948,157240
2018-05-02_18-10-42.819370244,1525277442.820829941,,2018-05-02_18-10-42.827376975,1525277442.828874427,0.36,0.17,0.08,173501150,297573470256,265139,1793692,894398,426587,0,0,0,0,1207,0,6255,504897,2883,0,460,0,0,0,32805052,31871448,31753412,948,157240
2018-05-02_18-10-42.864038223,1525277442.865526877,,2018-05-02_18-10-42.872096014,1525277442.873580487,0.41,0.18,0.09,173501534,297573470676,265139,1793693,894398,426587,0,0,0,0,1209,0,6258,504928,2883,0,460,0,0,0,32805052,31872032,31753424,948,157240
2018-05-02_18-10-42.908630229,1525277442.910097301,,2018-05-02_18-10-42.916606646,1525277442.918092658,0.41,0.18,0.09,173501534,297573470676,265139,1793693,894398,426587,0,0,0,0,1211,0,6262,504959,2883,0,460,0,0,0,32805052,31871328,31753296,948,157240
2018-05-02_18-10-42.953385567,1525277442.954856712,,2018-05-02_18-10-42.961381651,1525277442.962872002,0.41,0.18,0.09,173501534,297573470676,265139,1793694,894399,426587,0,0,0,0,1212,0,6266,504989,2883,0,460,0,0,0,32805052,31872124,31754352,948,157240
2018-05-02_18-10-42.997975317,1525277442.999460781,,2018-05-02_18-10-43.005995266,1525277443.007487951,0.41,0.18,0.09,173501534,297573470676,265139,1793694,894399,426587,0,0,0,0,1213,0,6269,505020,2883,0,460,0,0,0,32805052,31871336,31753564,948,157240
2018-05-02_18-10-43.042703807,1525277443.044175129,,2018-05-02_18-10-43.050701443,1525277443.052185931,0.41,0.18,0.09,173501534,297573470676,265139,1793695,894400,426587,0,0,0,0,1214,0,6273,505050,2883,0,460,0,0,0,32805052,31871036,31753004,948,157240
2018-05-02_18-10-43.087234897,1525277443.088722516,,2018-05-02_18-10-43.095203131,1525277443.096719751,0.41,0.18,0.09,173501918,297573471096,265139,1793695,894400,426587,0,0,0,0,1216,0,6276,505081,2883,0,460,0,0,0,32805052,31871404,31753368,948,157240
2018-05-02_18-10-43.131966067,1525277443.133445972,,2018-05-02_18-10-43.140021309,1525277443.141512889,0.41,0.18,0.09,173501918,297573471096,265139,1793697,894400,426587,0,0,0,0,1218,0,6280,505112,2883,0,460,0,0,0,32805052,31871516,31752892,948,157240
2018-05-02_18-10-43.176611817,1525277443.178096249,,2018-05-02_18-10-43.184764242,1525277443.186271065,0.41,0.18,0.09,173501918,297573471096,265139,1793697,894400,426587,0,0,0,0,1219,0,6283,505143,2883,0,460,0,0,0,32805052,31870924,31752628,948,157240
2018-05-02_18-10-43.221509387,1525277443.222981001,,2018-05-02_18-10-43.229524772,1525277443.231021978,0.41,0.18,0.09,173501918,297573471096,265139,1793698,894400,426587,0,0,0,0,1220,0,6287,505173,2883,0,460,0,0,0,32805052,31871200,31752608,948,157240
2018-05-02_18-10-43.266098175,1525277443.267568566,,2018-05-02_18-10-43.274097871,1525277443.275610763,0.41,0.18,0.09,173501918,297573471096,265139,1793699,894400,426587,0,0,0,0,1222,0,6290,505204,2883,0,460,0,0,0,32805052,31870664,31752888,948,157240
2018-05-02_18-10-43.310935501,1525277443.312397664,,2018-05-02_18-10-43.318940863,1525277443.320422401,0.41,0.18,0.09,173501918,297573471096,265139,1793700,894400,426587,0,0,0,0,1223,0,6293,505235,2883,0,460,0,0,0,32805052,31870692,31752656,948,157240
2018-05-02_18-10-43.355570662,1525277443.357037381,,2018-05-02_18-10-43.363535095,1525277443.365017499,0.41,0.18,0.09,173502238,297573471446,265139,1793700,894401,426587,0,0,0,0,1224,0,6297,505265,2883,0,460,0,0,0,32805052,31872012,31753684,948,157240
2018-05-02_18-10-43.400206815,1525277443.401687583,,2018-05-02_18-10-43.408184010,1525277443.409690128,0.41,0.18,0.09,173502238,297573471446,265139,1793701,894401,426587,0,0,0,0,1226,0,6300,505296,2883,0,460,0,0,0,32805052,31873244,31755212,948,157248
2018-05-02_18-10-43.444820534,1525277443.446287749,,2018-05-02_18-10-43.452856774,1525277443.454375724,0.41,0.18,0.09,173502238,297573471446,265139,1793702,894401,426587,0,0,0,0,1227,0,6304,505327,2883,0,460,0,0,0,32805052,31872244,31754192,948,157248
2018-05-02_18-10-43.489927647,1525277443.491415981,,2018-05-02_18-10-43.497938481,1525277443.499427465,0.41,0.18,0.09,173502238,297573471446,265139,1793703,894401,426587,0,0,0,0,1228,0,6307,505358,2883,0,460,0,0,0,32805052,31872032,31753692,948,157248
2018-05-02_18-10-43.534782450,1525277443.536260492,,2018-05-02_18-10-43.542776346,1525277443.544261109,0.41,0.18,0.09,173502238,297573471446,265139,1793704,894402,426587,0,0,0,0,1230,0,6311,505388,2883,0,460,0,0,0,32805052,31872008,31754156,948,157248
2018-05-02_18-10-43.579427128,1525277443.580892480,,2018-05-02_18-10-43.587482385,1525277443.588989433,0.41,0.18,0.09,173502238,297573471446,265139,1793704,894403,426587,0,0,0,0,1231,0,6314,505419,2883,0,460,0,0,0,32805052,31871040,31753464,948,157248
2018-05-02_18-10-43.624330749,1525277443.625814194,,2018-05-02_18-10-43.632371511,1525277443.633869136,0.41,0.18,0.09,173502622,297573471866,265139,1793705,894403,426587,0,0,0,0,1232,0,6318,505450,2883,0,460,0,0,0,32805052,31871492,31753200,948,157248
2018-05-02_18-10-43.669044874,1525277443.670504844,,2018-05-02_18-10-43.677089150,1525277443.678629176,0.41,0.18,0.09,173502622,297573471866,265139,1793706,894403,426587,0,0,0,0,1234,0,6321,505480,2883,0,460,0,0,0,32805052,31870940,31752908,948,157248
2018-05-02_18-10-43.713995769,1525277443.715480813,,2018-05-02_18-10-43.722004299,1525277443.723506915,0.41,0.18,0.09,173502622,297573471866,265139,1793706,894403,426587,0,0,0,0,1236,0,6324,505511,2883,0,460,0,0,0,32805052,31870976,31753124,948,157248
2018-05-02_18-10-43.758919030,1525277443.760405404,,2018-05-02_18-10-43.766988750,1525277443.768482125,0.41,0.18,0.09,173502622,297573471866,265139,1793707,894403,426587,0,0,0,0,1238,0,6327,505542,2883,0,460,0,0,0,32805052,31870976,31753188,948,157248
2018-05-02_18-10-43.803636400,1525277443.805103716,,2018-05-02_18-10-43.811602621,1525277443.813114849,0.41,0.18,0.09,173502622,297573471866,265139,1793707,894403,426587,0,0,0,0,1239,0,6330,505573,2883,0,460,0,0,0,32805052,31870612,31752856,948,157248
2018-05-02_18-10-43.848390729,1525277443.849870304,,2018-05-02_18-10-43.856424184,1525277443.857908493,0.41,0.18,0.09,173502942,297573472216,265139,1793707,894404,426587,0,0,0,0,1241,0,6334,505603,2883,0,460,0,0,0,32805052,31871556,31753704,948,157248
2018-05-02_18-10-43.892934519,1525277443.894405550,,2018-05-02_18-10-43.900962681,1525277443.902464853,0.41,0.18,0.09,173502942,297573472216,265139,1793708,894404,426587,0,0,0,0,1243,0,6336,505634,2883,0,460,0,0,0,32805052,31871960,31753912,948,157248
2018-05-02_18-10-43.937538910,1525277443.939000671,,2018-05-02_18-10-43.945566934,1525277443.947103522,0.41,0.18,0.09,173502942,297573472216,265139,1793708,894404,426587,0,0,0,0,1244,0,6340,505665,2883,0,460,0,0,0,32805052,31871768,31753736,948,157248
2018-05-02_18-10-43.982326300,1525277443.983810827,,2018-05-02_18-10-43.990340459,1525277443.991844597,0.41,0.18,0.09,173502942,297573472216,265139,1793709,894405,426587,0,0,0,0,1246,0,6343,505695,2883,0,460,0,0,0,32805052,31871252,31753204,948,157248
2018-05-02_18-10-44.027068100,1525277444.028557407,,2018-05-02_18-10-44.035027719,1525277444.036517882,0.41,0.18,0.09,173502942,297573472216,265139,1793710,894405,426587,0,0,0,0,1247,0,6346,505726,2883,0,460,0,0,0,32805052,31871328,31753200,948,157248
2018-05-02_18-10-44.071728423,1525277444.073202020,,2018-05-02_18-10-44.079848951,1525277444.081341258,0.41,0.18,0.09,173502942,297573472216,265139,1793711,894405,426587,0,0,0,0,1249,0,6350,505757,2883,0,460,0,0,0,32805052,31871440,31753604,948,157248
2018-05-02_18-10-44.116654001,1525277444.118126643,,2018-05-02_18-10-44.124679703,1525277444.126187839,0.41,0.18,0.09,173503326,297573472636,265140,1793712,894405,426587,0,0,0,0,1250,0,6354,505788,2883,0,460,0,0,0,32805052,31870912,31752864,948,157248
2018-05-02_18-10-44.161315772,1525277444.162794464,,2018-05-02_18-10-44.169301541,1525277444.170808022,0.41,0.18,0.09,173503326,297573472636,265140,1793712,894405,426587,0,0,0,0,1251,0,6358,505818,2883,0,460,0,0,0,32805052,31872116,31754052,948,157248
2018-05-02_18-10-44.205949076,1525277444.207425072,,2018-05-02_18-10-44.213938908,1525277444.215443093,0.41,0.18,0.09,173503326,297573472636,265140,1793713,894405,426588,0,0,0,0,1253,0,6361,505849,2883,0,460,0,0,0,32805052,31871728,31753696,948,157248
2018-05-02_18-10-44.250550714,1525277444.252003568,,2018-05-02_18-10-44.258556636,1525277444.260063897,0.41,0.18,0.09,173503326,297573472636,265140,1793713,894405,426588,0,0,0,0,1254,0,6365,505880,2883,0,460,0,0,0,32805052,31871928,31753340,948,157248
2018-05-02_18-10-44.295365277,1525277444.296831610,,2018-05-02_18-10-44.303387824,1525277444.304876115,0.41,0.18,0.09,173503326,297573472636,265140,1793714,894405,426588,0,0,0,0,1255,0,6369,505910,2883,0,460,0,0,0,32805052,31871352,31753060,948,157248
2018-05-02_18-10-44.340016445,1525277444.341492103,,2018-05-02_18-10-44.348052575,1525277444.349544388,0.41,0.18,0.09,173503646,297573472986,265140,1793714,894405,426589,0,0,0,0,1257,0,6372,505941,2883,0,460,0,0,0,32805052,31871696,31753388,948,157248
2018-05-02_18-10-44.384862835,1525277444.386337322,,2018-05-02_18-10-44.392882239,1525277444.394395892,0.41,0.18,0.09,173503646,297573472986,265140,1793715,894405,426589,0,0,0,0,1258,0,6375,505972,2883,0,460,0,0,0,32805052,31872652,31754360,948,157252
2018-05-02_18-10-44.429587848,1525277444.431059851,,2018-05-02_18-10-44.437611311,1525277444.439123129,0.41,0.18,0.09,173503646,297573472986,265141,1793715,894405,426589,0,0,0,0,1260,0,6379,506002,2883,0,460,0,0,0,32805052,31872952,31754628,948,157252
2018-05-02_18-10-44.474298295,1525277444.475771314,,2018-05-02_18-10-44.482327341,1525277444.483841875,0.41,0.18,0.09,173503646,297573472986,265141,1793716,894405,426589,0,0,0,0,1262,0,6382,506033,2883,0,460,0,0,0,32805052,31872764,31754472,948,157252
2018-05-02_18-10-44.519041942,1525277444.520513745,,2018-05-02_18-10-44.527061144,1525277444.528580140,0.41,0.18,0.09,173503646,297573472986,265142,1793716,894405,426589,0,0,0,0,1263,0,6386,506064,2883,0,460,0,0,0,32805052,31872704,31754116,948,157252
2018-05-02_18-10-44.563940755,1525277444.565429012,,2018-05-02_18-10-44.571975621,1525277444.573475234,0.41,0.18,0.09,173503646,297573472986,265142,1793717,894405,426589,0,0,0,0,1264,0,6389,506095,2883,0,460,0,0,0,32805052,31872820,31754216,948,157252
2018-05-02_18-10-44.608614329,1525277444.610099461,,2018-05-02_18-10-44.616692013,1525277444.618193435,0.41,0.18,0.09,173504030,297573473406,265142,1793717,894405,426590,0,0,0,0,1266,0,6393,506125,2883,0,460,0,0,0,32805052,31871668,31753572,948,157252
2018-05-02_18-10-44.653405499,1525277444.654903199,,2018-05-02_18-10-44.661501111,1525277444.662972232,0.41,0.18,0.09,173504030,297573473406,265142,1793717,894405,426591,0,0,0,0,1267,0,6396,506156,2883,0,460,0,0,0,32805052,31871292,31753168,948,157252
2018-05-02_18-10-44.698110593,1525277444.699592056,,2018-05-02_18-10-44.706119546,1525277444.707624789,0.41,0.18,0.09,173504030,297573473406,265142,1793718,894405,426591,0,0,0,0,1268,0,6400,506187,2883,0,460,0,0,0,32805052,31871452,31753044,948,157252
2018-05-02_18-10-44.742787329,1525277444.744258131,,2018-05-02_18-10-44.750760958,1525277444.752267133,0.41,0.18,0.09,173504030,297573473406,265143,1793718,894405,426591,0,0,0,0,1270,0,6403,506218,2883,0,460,0,0,0,32805052,31871900,31753312,948,157252
2018-05-02_18-10-44.787689342,1525277444.789178633,,2018-05-02_18-10-44.795746466,1525277444.797235044,0.41,0.18,0.09,173504030,297573473406,265143,1793719,894405,426591,0,0,0,0,1271,0,6407,506248,2883,0,460,0,0,0,32805052,31871472,31753684,948,157252
2018-05-02_18-10-44.832290412,1525277444.833782958,,2018-05-02_18-10-44.840417566,1525277444.841915973,0.41,0.18,0.09,173504414,297573473826,265143,1793719,894405,426592,0,0,0,0,1273,0,6410,506279,2883,0,460,0,0,0,32805052,31870992,31753224,948,157252
2018-05-02_18-10-44.877180158,1525277444.878654056,,2018-05-02_18-10-44.885194395,1525277444.886690575,0.41,0.18,0.09,173504414,297573473826,265143,1793720,894405,426592,0,0,0,0,1274,0,6414,506310,2883,0,460,0,0,0,32805052,31871108,31752536,948,157252
2018-05-02_18-10-44.921740335,1525277444.923202605,,2018-05-02_18-10-44.929727977,1525277444.931240984,0.41,0.18,0.09,173504414,297573473826,265144,1793720,894405,426592,0,0,0,0,1275,0,6418,506340,2883,0,460,0,0,0,32805052,31870996,31753228,948,157252
2018-05-02_18-10-44.966540056,1525277444.968018911,,2018-05-02_18-10-44.974561649,1525277444.976052170,0.41,0.18,0.09,173504414,297573473826,265144,1793721,894405,426592,0,0,0,0,1276,0,6422,506371,2883,0,460,0,0,0,32805052,31870776,31752712,948,157252
2018-05-02_18-10-45.011207405,1525277445.012684921,,2018-05-02_18-10-45.019214158,1525277445.020706353,0.41,0.18,0.09,173504414,297573473826,265144,1793721,894405,426592,0,0,0,0,1278,0,6426,506402,2883,0,460,0,0,0,32805052,31871148,31753104,948,157252
2018-05-02_18-10-45.055938568,1525277445.057420526,,2018-05-02_18-10-45.063980980,1525277445.065484440,0.41,0.18,0.09,173504414,297573473826,265145,1793722,894405,426592,0,0,0,0,1279,0,6429,506432,2883,0,460,0,0,0,32805052,31871940,31753892,948,157252
2018-05-02_18-10-45.100838319,1525277445.102299723,,2018-05-02_18-10-45.108817420,1525277445.110290387,0.41,0.18,0.09,173504734,297573474176,265145,1793723,894405,426592,0,0,0,0,1280,0,6433,506463,2883,0,460,0,0,0,32805052,31871956,31754104,948,157252
2018-05-02_18-10-45.145397475,1525277445.146879078,,2018-05-02_18-10-45.153437932,1525277445.154935566,0.41,0.18,0.09,173504734,297573474176,265145,1793723,894405,426593,0,0,0,0,1281,0,6436,506494,2883,0,460,0,0,0,32805052,31871832,31753784,948,157252
2018-05-02_18-10-45.190317016,1525277445.191809831,,2018-05-02_18-10-45.198341177,1525277445.199860497,0.41,0.18,0.09,173504734,297573474176,265145,1793724,894405,426593,0,0,0,0,1283,0,6440,506524,2883,0,460,0,0,0,32805052,31871972,31753336,948,157252
2018-05-02_18-10-45.234819133,1525277445.236291540,,2018-05-02_18-10-45.242913806,1525277445.244423483,0.41,0.18,0.09,173504734,297573474176,265145,1793724,894405,426594,0,0,0,0,1285,0,6443,506555,2883,0,460,0,0,0,32805052,31870864,31753092,948,157252
2018-05-02_18-10-45.279768804,1525277445.281244979,,2018-05-02_18-10-45.287770743,1525277445.289270094,0.41,0.18,0.09,173504734,297573474176,265145,1793725,894405,426594,0,0,0,0,1286,0,6446,506586,2883,0,460,0,0,0,32805052,31870892,31753120,948,157252
2018-05-02_18-10-45.324445752,1525277445.325917362,,2018-05-02_18-10-45.332458785,1525277445.333975786,0.41,0.18,0.09,173504734,297573474176,265146,1793725,894405,426594,0,0,0,0,1288,0,6450,506617,2883,0,460,0,0,0,32805052,31871584,31753812,948,157252
2018-05-02_18-10-45.369246486,1525277445.370740166,,2018-05-02_18-10-45.377285793,1525277445.378782938,0.41,0.18,0.09,173505118,297573474596,265147,1793726,894405,426594,0,0,0,0,1289,0,6453,506647,2883,0,460,0,0,0,32805052,31870956,31752928,948,157252
2018-05-02_18-10-45.413897310,1525277445.415389411,,2018-05-02_18-10-45.421933047,1525277445.423419647,0.41,0.18,0.09,173505118,297573474596,265147,1793726,894405,426594,0,0,0,0,1291,0,6456,506678,2883,0,460,0,0,0,32805052,31871536,31753512,948,157260
2018-05-02_18-10-45.458587672,1525277445.460066602,,2018-05-02_18-10-45.466575737,1525277445.468057385,0.41,0.18,0.09,173505118,297573474596,265147,1793726,894405,426595,0,0,0,0,1292,0,6461,506709,2883,0,460,0,0,0,32805052,31871456,31753412,948,157260
2018-05-02_18-10-45.503255953,1525277445.504724928,,2018-05-02_18-10-45.511303709,1525277445.512808516,0.41,0.18,0.09,173505118,297573474596,265147,1793727,894405,426595,0,0,0,0,1293,0,6465,506739,2883,0,460,0,0,0,32805052,31871520,31753752,948,157260
2018-05-02_18-10-45.547881025,1525277445.549367716,,2018-05-02_18-10-45.555956226,1525277445.557463801,0.41,0.18,0.09,173505118,297573474596,265147,1793727,894405,426595,0,0,0,0,1295,0,6468,506770,2883,0,460,0,0,0,32805052,31870484,31752180,948,157260
2018-05-02_18-10-45.592828948,1525277445.594302108,,2018-05-02_18-10-45.600840334,1525277445.602335160,0.41,0.18,0.09,173505438,297573474946,265147,1793728,894405,426596,0,0,0,0,1296,0,6471,506801,2883,0,460,0,0,0,32805052,31870208,31752420,948,157260
2018-05-02_18-10-45.637334398,1525277445.638810469,,2018-05-02_18-10-45.645334994,1525277445.646847640,0.41,0.18,0.09,173505438,297573474946,265147,1793728,894405,426596,0,0,0,0,1298,0,6475,506831,2883,0,460,0,0,0,32805052,31871024,31752944,948,157260
2018-05-02_18-10-45.682144547,1525277445.683616534,,2018-05-02_18-10-45.690091231,1525277445.691591747,0.41,0.18,0.09,173505438,297573474946,265148,1793728,894405,426596,0,0,0,0,1299,0,6478,506862,2883,0,460,0,0,0,32805052,31870964,31752936,948,157260
2018-05-02_18-10-45.726863394,1525277445.728356932,,2018-05-02_18-10-45.734975780,1525277445.736481292,0.41,0.18,0.09,173505438,297573474946,265149,1793729,894405,426596,0,0,0,0,1301,0,6481,506893,2883,0,460,0,0,0,32805052,31871240,31753716,948,157260
2018-05-02_18-10-45.771698623,1525277445.773160927,,2018-05-02_18-10-45.779733182,1525277445.781212198,0.41,0.18,0.09,173505438,297573474946,265149,1793729,894405,426596,0,0,0,0,1302,0,6484,506924,2883,0,460,0,0,0,32805052,31872428,31754400,948,157260
2018-05-02_18-10-45.816417699,1525277445.817896982,,2018-05-02_18-10-45.824446004,1525277445.825921930,0.41,0.18,0.09,173505438,297573474946,265149,1793730,894405,426597,0,0,0,0,1304,0,6488,506954,2883,0,460,0,0,0,32805052,31872020,31753696,948,157260
2018-05-02_18-10-45.861103821,1525277445.862598586,,2018-05-02_18-10-45.869121839,1525277445.870634729,0.41,0.18,0.09,173505822,297573475366,265149,1793730,894405,426597,0,0,0,0,1305,0,6492,506985,2883,0,460,0,0,0,32805052,31871504,31753216,948,157260
2018-05-02_18-10-45.905968757,1525277445.907442918,,2018-05-02_18-10-45.914029968,1525277445.915530932,0.41,0.18,0.09,173505822,297573475366,265149,1793731,894405,426598,0,0,0,0,1306,0,6495,507016,2883,0,460,0,0,0,32805052,31871308,31754000,948,157260
2018-05-02_18-10-45.950707782,1525277445.952172366,,2018-05-02_18-10-45.958721872,1525277445.960219241,0.41,0.18,0.09,173505822,297573475366,265149,1793731,894405,426598,0,0,0,0,1307,0,6499,507046,2883,0,460,0,0,0,32805052,31871264,31752960,948,157260
2018-05-02_18-10-45.995326540,1525277445.996796976,,2018-05-02_18-10-46.003289165,1525277446.004776807,0.41,0.18,0.09,173505822,297573475366,265150,1793731,894405,426598,0,0,0,0,1309,0,6503,507077,2883,0,460,0,0,0,32805052,31871468,31753704,948,157260
2018-05-02_18-10-46.040086062,1525277446.041561791,,2018-05-02_18-10-46.048139041,1525277446.049630195,0.41,0.18,0.09,173505822,297573475366,265150,1793732,894405,426598,0,0,0,0,1311,0,6506,507108,2883,0,460,0,0,0,32805052,31871636,31753312,948,157260
2018-05-02_18-10-46.084740063,1525277446.086192813,,2018-05-02_18-10-46.092743220,1525277446.094227740,0.41,0.18,0.09,173506206,297573475786,265150,1793732,894405,426598,0,0,0,0,1312,0,6510,507138,2883,0,460,0,0,0,32805052,31871668,31753328,948,157260
2018-05-02_18-10-46.129390185,1525277446.130857297,,2018-05-02_18-10-46.137355419,1525277446.138846975,0.41,0.18,0.09,173506206,297573475786,265151,1793733,894405,426598,0,0,0,0,1313,0,6514,507169,2883,0,460,0,0,0,32805052,31871272,31753764,948,157260
2018-05-02_18-10-46.174014012,1525277446.175496709,,2018-05-02_18-10-46.182080828,1525277446.183599027,0.41,0.18,0.09,173506206,297573475786,265151,1793733,894405,426598,0,0,0,0,1315,0,6517,507200,2883,0,460,0,0,0,32805052,31871880,31753556,948,157260
2018-05-02_18-10-46.218929742,1525277446.220417272,,2018-05-02_18-10-46.226937251,1525277446.228450604,0.41,0.18,0.09,173506206,297573475786,265151,1793734,894405,426599,0,0,0,0,1317,0,6519,507231,2883,0,460,0,0,0,32805052,31871380,31753560,948,157260
2018-05-02_18-10-46.263575840,1525277446.265043433,,2018-05-02_18-10-46.271557048,1525277446.273049420,0.41,0.18,0.09,173506206,297573475786,265151,1793734,894405,426599,0,0,0,0,1319,0,6523,507261,2883,0,460,0,0,0,32805052,31872248,31754204,948,157260
2018-05-02_18-10-46.308286421,1525277446.309789888,,2018-05-02_18-10-46.316359908,1525277446.317861283,0.41,0.18,0.09,173506206,297573475786,265152,1793735,894405,426599,0,0,0,0,1319,0,6528,507292,2883,0,460,0,0,0,32805052,31872792,31754768,948,157260
2018-05-02_18-10-46.352929269,1525277446.354408781,,2018-05-02_18-10-46.361025068,1525277446.362533967,0.41,0.18,0.09,173506526,297573476136,265152,1793735,894405,426599,0,0,0,0,1322,0,6530,507323,2883,0,460,0,0,0,32805052,31872272,31754768,948,157260
2018-05-02_18-10-46.397866519,1525277446.399352858,,2018-05-02_18-10-46.405891248,1525277446.407391451,0.41,0.18,0.09,173506526,297573476136,265152,1793736,894405,426600,0,0,0,0,1324,0,6533,507353,2883,0,460,0,0,0,32805052,31873128,31755088,948,157264
2018-05-02_18-10-46.442514757,1525277446.443988739,,2018-05-02_18-10-46.450552556,1525277446.452061651,0.41,0.18,0.09,173506526,297573476136,265152,1793736,894405,426601,0,0,0,0,1325,0,6537,507384,2883,0,460,0,0,0,32805052,31872264,31754240,948,157264
2018-05-02_18-10-46.487332454,1525277446.488807064,,2018-05-02_18-10-46.495373397,1525277446.496861258,0.41,0.18,0.09,173506526,297573476136,265152,1793737,894405,426601,0,0,0,0,1326,0,6541,507415,2883,0,460,0,0,0,32805052,31872292,31753992,948,157264
2018-05-02_18-10-46.531928917,1525277446.533392039,,2018-05-02_18-10-46.539912457,1525277446.541412528,0.41,0.18,0.09,173506526,297573476136,265153,1793737,894405,426601,0,0,0,0,1328,0,6543,507445,2883,0,460,0,0,0,32805052,31872528,31754488,948,157264
2018-05-02_18-10-46.576651333,1525277446.578144154,,2018-05-02_18-10-46.584677139,1525277446.586151072,0.41,0.18,0.09,173506526,297573476136,265153,1793738,894405,426601,0,0,0,0,1329,0,6548,507476,2883,0,460,0,0,0,32805052,31871464,31753704,948,157264
2018-05-02_18-10-46.621217869,1525277446.622687329,,2018-05-02_18-10-46.629241020,1525277446.630747845,0.41,0.18,0.09,173506910,297573476556,265154,1793738,894405,426601,0,0,0,0,1330,0,6551,507507,2883,0,460,0,0,0,32805052,31871488,31753688,948,157264
2018-05-02_18-10-46.666078042,1525277446.667577414,,2018-05-02_18-10-46.674076183,1525277446.675579317,0.41,0.18,0.09,173506910,297573476556,265154,1793739,894405,426601,0,0,0,0,1332,0,6555,507537,2883,0,460,0,0,0,32805052,31871532,31753732,948,157264
2018-05-02_18-10-46.710679968,1525277446.712155752,,2018-05-02_18-10-46.718705420,1525277446.720202268,0.41,0.18,0.09,173506910,297573476556,265154,1793739,894405,426602,0,0,0,0,1333,0,6558,507568,2883,0,460,0,0,0,32805052,31871900,31753880,948,157264
2018-05-02_18-10-46.755543847,1525277446.757018848,,2018-05-02_18-10-46.763528123,1525277446.765016773,0.41,0.18,0.09,173506910,297573476556,265154,1793740,894405,426602,0,0,0,0,1334,0,6562,507599,2883,0,460,0,0,0,32805052,31870892,31752848,948,157264
2018-05-02_18-10-46.800113542,1525277446.801582639,,2018-05-02_18-10-46.808130391,1525277446.809646309,0.41,0.18,0.09,173506910,297573476556,265154,1793740,894405,426602,0,0,0,0,1336,0,6565,507630,2883,0,460,0,0,0,32805052,31870876,31752540,948,157264
2018-05-02_18-10-46.844950706,1525277446.846413566,,2018-05-02_18-10-46.852942991,1525277446.854451507,0.41,0.18,0.09,173507230,297573476906,265154,1793741,894405,426603,0,0,0,0,1338,0,6568,507660,2883,0,460,0,0,0,32805052,31870816,31752992,948,157264
2018-05-02_18-10-46.889611919,1525277446.891088202,,2018-05-02_18-10-46.897696326,1525277446.899207843,0.41,0.18,0.09,173507230,297573476906,265154,1793741,894405,426603,0,0,0,0,1339,0,6572,507691,2883,0,460,0,0,0,32805052,31871244,31752876,948,157264
2018-05-02_18-10-46.934514034,1525277446.935977307,,2018-05-02_18-10-46.942483520,1525277446.943968283,0.41,0.18,0.09,173507230,297573476906,265155,1793741,894405,426603,0,0,0,0,1340,0,6576,507722,2883,0,460,0,0,0,32805052,31871324,31753036,948,157264
2018-05-02_18-10-46.979219545,1525277446.980689371,,2018-05-02_18-10-46.987234831,1525277446.988734942,0.41,0.18,0.09,173507230,297573476906,265155,1793742,894406,426603,0,0,0,0,1342,0,6579,507752,2883,0,460,0,0,0,32805052,31870360,31752860,948,157264
2018-05-02_18-10-47.023867511,1525277447.025339935,,2018-05-02_18-10-47.031961940,1525277447.033460749,0.41,0.18,0.09,173507230,297573476906,265155,1793742,894406,426603,0,0,0,0,1343,0,6582,507783,2883,0,460,0,0,0,32805052,31871436,31753676,948,157264
2018-05-02_18-10-47.068735035,1525277447.070200949,,2018-05-02_18-10-47.076740156,1525277447.078237896,0.41,0.18,0.09,173507230,297573476906,265155,1793743,894406,426603,0,0,0,0,1344,0,6586,507814,2883,0,460,0,0,0,32805052,31870924,31753144,948,157264
2018-05-02_18-10-47.113327269,1525277447.114799433,,2018-05-02_18-10-47.121352485,1525277447.122868874,0.41,0.18,0.09,173507614,297573477326,265155,1793743,894406,426603,0,0,0,0,1346,0,6590,507845,2883,0,460,0,0,0,32805052,31870976,31753212,948,157264
2018-05-02_18-10-47.158165806,1525277447.159652693,,2018-05-02_18-10-47.166148005,1525277447.167646858,0.41,0.18,0.09,173507614,297573477326,265155,1793744,894406,426603,0,0,0,0,1347,0,6593,507875,2883,0,460,0,0,0,32805052,31870888,31753124,948,157264
2018-05-02_18-10-47.202740873,1525277447.204203899,,2018-05-02_18-10-47.210735107,1525277447.212208930,0.41,0.18,0.09,173507614,297573477326,265155,1793745,894406,426603,0,0,0,0,1349,0,6596,507906,2883,0,460,0,0,0,32805052,31871032,31752728,948,157264
2018-05-02_18-10-47.247442525,1525277447.248942669,,2018-05-02_18-10-47.255507459,1525277447.256992734,0.41,0.18,0.09,173507614,297573477326,265155,1793746,894406,426603,0,0,0,0,1350,0,6600,507936,2883,0,460,0,0,0,32805052,31870528,31752768,948,157264
2018-05-02_18-10-47.292043612,1525277447.293516185,,2018-05-02_18-10-47.300039029,1525277447.301533857,0.41,0.18,0.09,173507614,297573477326,265155,1793746,894407,426603,0,0,0,0,1352,0,6604,507967,2883,0,460,0,0,0,32805052,31871556,31752976,948,157264
2018-05-02_18-10-47.336631331,1525277447.338101040,,2018-05-02_18-10-47.344605428,1525277447.346093178,0.41,0.18,0.09,173507998,297573477746,265155,1793747,894407,426603,0,0,0,0,1353,0,6607,507998,2883,0,460,0,0,0,32805052,31871096,31753076,948,157264
2018-05-02_18-10-47.381229232,1525277447.382713384,,2018-05-02_18-10-47.389274590,1525277447.390770108,0.41,0.18,0.09,173507998,297573477746,265155,1793747,894408,426603,0,0,0,0,1354,0,6611,508028,2883,0,460,0,0,0,32805052,31871468,31753968,948,157268
2018-05-02_18-10-47.425948919,1525277447.427411109,,2018-05-02_18-10-47.433961960,1525277447.435457820,0.41,0.18,0.09,173507998,297573477746,265155,1793748,894408,426603,0,0,0,0,1356,0,6614,508059,2883,0,460,0,0,0,32805052,31872532,31754852,948,157268
2018-05-02_18-10-47.470472776,1525277447.471931399,,2018-05-02_18-10-47.478459483,1525277447.479964882,0.41,0.18,0.09,173507998,297573477746,265155,1793749,894408,426603,0,0,0,0,1357,0,6617,508090,2883,0,460,0,0,0,32805052,31871660,31754160,948,157268
2018-05-02_18-10-47.515283007,1525277447.516756651,,2018-05-02_18-10-47.523323886,1525277447.524825247,0.41,0.18,0.09,173507998,297573477746,265155,1793750,894408,426603,0,0,0,0,1359,0,6621,508120,2883,0,460,0,0,0,32805052,31871468,31753420,948,157268
2018-05-02_18-10-47.559901248,1525277447.561374528,,2018-05-02_18-10-47.567968118,1525277447.569457488,0.41,0.18,0.09,173507998,297573477746,265155,1793750,894408,426603,0,0,0,0,1360,0,6624,508151,2883,0,460,0,0,0,32805052,31871332,31753576,948,157268
2018-05-02_18-10-47.604757667,1525277447.606223946,,2018-05-02_18-10-47.612776899,1525277447.614280478,0.41,0.18,0.09,173508318,297573478096,265155,1793751,894409,426603,0,0,0,0,1361,0,6627,508182,2883,0,460,0,0,0,32805052,31870952,31753188,948,157268
2018-05-02_18-10-47.649333356,1525277447.650815890,,2018-05-02_18-10-47.657371683,1525277447.658867767,0.41,0.18,0.09,173508318,297573478096,265155,1793751,894409,426603,0,0,0,0,1363,0,6631,508212,2883,0,460,0,0,0,32805052,31871232,31752892,948,157268
2018-05-02_18-10-47.694169385,1525277447.695668801,,2018-05-02_18-10-47.702178472,1525277447.703678073,0.41,0.18,0.09,173508318,297573478096,265155,1793752,894409,426603,0,0,0,0,1364,0,6634,508243,2883,0,460,0,0,0,32805052,31871460,31753696,948,157268
2018-05-02_18-10-47.738758761,1525277447.740231882,,2018-05-02_18-10-47.746771226,1525277447.748271667,0.41,0.18,0.09,173508318,297573478096,265155,1793752,894409,426603,0,0,0,0,1366,0,6638,508274,2883,0,460,0,0,0,32805052,31870852,31752828,948,157268
2018-05-02_18-10-47.783592555,1525277447.785073770,,2018-05-02_18-10-47.791619501,1525277447.793112065,0.41,0.18,0.09,173508318,297573478096,265155,1793753,894410,426603,0,0,0,0,1366,0,6642,508304,2883,0,460,0,0,0,32805052,31870476,31751896,948,157268
2018-05-02_18-10-47.828203557,1525277447.829679181,,2018-05-02_18-10-47.836225901,1525277447.837723316,0.41,0.18,0.09,173508318,297573478096,265155,1793753,894410,426603,0,0,0,0,1367,0,6646,508335,2883,0,460,0,0,0,32805052,31870012,31752252,948,157268
2018-05-02_18-10-47.873005462,1525277447.874482219,,2018-05-02_18-10-47.881005747,1525277447.882521201,0.46,0.20,0.09,173508702,297573478516,265155,1793754,894410,426603,0,0,0,0,1370,0,6648,508366,2883,0,460,0,0,0,32805052,31870244,31752480,948,157268
2018-05-02_18-10-47.917661358,1525277447.919133966,,2018-05-02_18-10-47.925701056,1525277447.927189564,0.46,0.20,0.09,173508702,297573478516,265155,1793754,894411,426603,0,0,0,0,1371,0,6652,508397,2883,0,460,0,0,0,32805052,31871416,31753392,948,157268
2018-05-02_18-10-47.962389818,1525277447.963869391,,2018-05-02_18-10-47.970395525,1525277447.971889058,0.46,0.20,0.09,173508702,297573478516,265155,1793755,894411,426603,0,0,0,0,1373,0,6655,508427,2883,0,460,0,0,0,32805052,31872584,31754496,948,157268
2018-05-02_18-10-48.007103511,1525277448.008578392,,2018-05-02_18-10-48.015154822,1525277448.016666997,0.46,0.20,0.09,173508702,297573478516,265155,1793756,894411,426603,0,0,0,0,1374,0,6658,508458,2883,0,460,0,0,0,32805052,31871352,31753312,948,157268
2018-05-02_18-10-48.052096460,1525277448.053570568,,2018-05-02_18-10-48.060093299,1525277448.061592893,0.46,0.20,0.09,173508702,297573478516,265155,1793757,894411,426603,0,0,0,0,1376,0,6662,508489,2883,0,460,0,0,0,32805052,31870872,31753372,948,157268
2018-05-02_18-10-48.096642542,1525277448.098109174,,2018-05-02_18-10-48.104691465,1525277448.106201972,0.46,0.20,0.09,173509022,297573478866,265155,1793758,894411,426603,0,0,0,0,1377,0,6665,508519,2883,0,460,0,0,0,32805052,31871516,31753496,948,157268
2018-05-02_18-10-48.141218423,1525277448.142683049,,2018-05-02_18-10-48.149137277,1525277448.150644909,0.46,0.20,0.09,173509022,297573478866,265155,1793758,894411,426603,0,0,0,0,1378,0,6669,508550,2883,0,460,0,0,0,32805052,31871336,31753032,948,157268
2018-05-02_18-10-48.185952206,1525277448.187447943,,2018-05-02_18-10-48.194070362,1525277448.195561558,0.46,0.20,0.09,173509022,297573478866,265155,1793759,894412,426603,0,0,0,0,1380,0,6673,508581,2883,0,460,0,0,0,32805052,31871388,31753068,948,157268
2018-05-02_18-10-48.230693286,1525277448.232173665,,2018-05-02_18-10-48.238686199,1525277448.240172283,0.46,0.20,0.09,173509022,297573478866,265155,1793759,894413,426603,0,0,0,0,1381,0,6676,508611,2883,0,460,0,0,0,32805052,31872084,31753796,948,157268
2018-05-02_18-10-48.275283294,1525277448.276756306,,2018-05-02_18-10-48.283242518,1525277448.284727204,0.46,0.20,0.09,173509022,297573478866,265155,1793760,894413,426603,0,0,0,0,1383,0,6679,508642,2883,0,460,0,0,0,32805052,31871992,31753704,948,157268
2018-05-02_18-10-48.319834297,1525277448.321300253,,2018-05-02_18-10-48.328367681,1525277448.329889847,0.46,0.20,0.09,173509022,297573478866,265155,1793761,894413,426603,0,0,0,0,1385,0,6682,508673,2883,0,460,0,0,0,32805052,31871432,31753116,948,157268
2018-05-02_18-10-48.365248544,1525277448.366727044,,2018-05-02_18-10-48.373227333,1525277448.374738458,0.46,0.20,0.09,173509406,297573479286,265155,1793762,894413,426603,0,0,0,0,1386,0,6686,508704,2883,0,460,0,0,0,32805052,31871164,31752844,948,157268
2018-05-02_18-10-48.409896872,1525277448.411374840,,2018-05-02_18-10-48.417929380,1525277448.419425566,0.46,0.20,0.09,173509406,297573479286,265155,1793762,894413,426603,0,0,0,0,1388,0,6689,508734,2883,0,460,0,0,0,32805052,31872564,31754284,948,157276
2018-05-02_18-10-48.454695891,1525277448.456154858,,2018-05-02_18-10-48.462683264,1525277448.464173538,0.46,0.20,0.09,173509406,297573479286,265155,1793763,894413,426603,0,0,0,0,1389,0,6693,508765,2883,0,460,0,0,0,32805052,31872120,31754560,948,157276
2018-05-02_18-10-48.499266723,1525277448.500757594,,2018-05-02_18-10-48.507315574,1525277448.508824897,0.46,0.20,0.09,173509406,297573479286,265155,1793763,894413,426603,0,0,0,0,1390,0,6697,508796,2883,0,460,0,0,0,32805052,31872072,31754052,948,157276
2018-05-02_18-10-48.544180657,1525277448.545666605,,2018-05-02_18-10-48.552182399,1525277448.553689852,0.46,0.20,0.09,173509406,297573479286,265155,1793764,894414,426603,0,0,0,0,1391,0,6701,508827,2883,0,460,0,0,0,32805052,31871896,31753320,948,157276
2018-05-02_18-10-48.588941289,1525277448.590419654,,2018-05-02_18-10-48.596864453,1525277448.598361413,0.46,0.20,0.09,173509790,297573479706,265155,1793765,894415,426603,0,0,0,0,1392,0,6704,508857,2883,0,460,0,0,0,32805052,31871956,31753820,948,157276
2018-05-02_18-10-48.633427330,1525277448.634898711,,2018-05-02_18-10-48.641549272,1525277448.643046340,0.46,0.20,0.09,173509790,297573479706,265155,1793765,894415,426603,0,0,0,0,1393,0,6708,508888,2883,0,460,0,0,0,32805052,31871092,31752532,948,157276
2018-05-02_18-10-48.678351110,1525277448.679829458,,2018-05-02_18-10-48.686355435,1525277448.687854485,0.46,0.20,0.09,173509790,297573479706,265155,1793766,894415,426603,0,0,0,0,1395,0,6712,508919,2883,0,460,0,0,0,32805052,31871132,31753076,948,157276
2018-05-02_18-10-48.722941334,1525277448.724424868,,2018-05-02_18-10-48.730937916,1525277448.732446136,0.46,0.20,0.09,173509790,297573479706,265155,1793766,894415,426603,0,0,0,0,1396,0,6715,508949,2883,0,460,0,0,0,32805052,31870876,31753116,948,157276
2018-05-02_18-10-48.767661134,1525277448.769146642,,2018-05-02_18-10-48.775700419,1525277448.777192454,0.46,0.20,0.09,173509790,297573479706,265155,1793768,894415,426603,0,0,0,0,1398,0,6719,508980,2883,0,460,0,0,0,32805052,31871048,31753252,948,157276
2018-05-02_18-10-48.812243994,1525277448.813706128,,2018-05-02_18-10-48.820202121,1525277448.821700717,0.46,0.20,0.09,173509790,297573479706,265155,1793768,894415,426603,0,0,0,0,1399,0,6723,509011,2883,0,460,0,0,0,32805052,31870928,31753176,948,157276
2018-05-02_18-10-48.856961616,1525277448.858462544,,2018-05-02_18-10-48.865035261,1525277448.866539105,0.46,0.20,0.09,173510110,297573480056,265155,1793769,894416,426603,0,0,0,0,1400,0,6727,509041,2883,0,460,0,0,0,32805052,31870708,31752428,948,157276
2018-05-02_18-10-48.901687425,1525277448.903129670,,2018-05-02_18-10-48.909670533,1525277448.911148784,0.46,0.20,0.09,173510110,297573480056,265155,1793769,894416,426603,0,0,0,0,1402,0,6730,509072,2883,0,460,0,0,0,32805052,31871260,31752652,948,157276
2018-05-02_18-10-48.946640346,1525277448.948120971,,2018-05-02_18-10-48.954681182,1525277448.956183619,0.46,0.20,0.09,173510110,297573480056,265155,1793769,894416,426603,0,0,0,0,1403,0,6733,509103,2883,0,460,0,0,0,32805052,31870920,31753160,948,157276
2018-05-02_18-10-48.991460796,1525277448.992938673,,2018-05-02_18-10-48.999499052,1525277449.000975698,0.46,0.20,0.09,173510110,297573480056,265155,1793770,894417,426603,0,0,0,0,1404,0,6737,509134,2883,0,460,0,0,0,32805052,31871592,31753536,948,157276
2018-05-02_18-10-49.036140571,1525277449.037628354,,2018-05-02_18-10-49.044154541,1525277449.045657905,0.46,0.20,0.09,173510110,297573480056,265155,1793770,894417,426603,0,0,0,0,1406,0,6740,509164,2883,0,460,0,0,0,32805052,31871400,31753120,948,157276
2018-05-02_18-10-49.080976940,1525277449.082450321,,2018-05-02_18-10-49.089009706,1525277449.090523246,0.46,0.20,0.09,173510110,297573480056,265155,1793771,894417,426603,0,0,0,0,1407,0,6743,509195,2883,0,460,0,0,0,32805052,31871196,31753420,948,157276
2018-05-02_18-10-49.125716386,1525277449.127181408,,2018-05-02_18-10-49.133744456,1525277449.135222324,0.46,0.20,0.09,173510494,297573480476,265155,1793771,894417,426603,0,0,0,0,1409,0,6747,509226,2883,0,460,0,0,0,32805052,31871140,31753380,948,157276
2018-05-02_18-10-49.170494176,1525277449.171975859,,2018-05-02_18-10-49.178492134,1525277449.180002800,0.46,0.20,0.09,173510494,297573480476,265155,1793772,894418,426603,0,0,0,0,1410,0,6750,509256,2883,0,460,0,0,0,32805052,31871796,31753416,948,157276
2018-05-02_18-10-49.215116922,1525277449.216589354,,2018-05-02_18-10-49.223096594,1525277449.224620945,0.46,0.20,0.09,173510494,297573480476,265155,1793772,894418,426603,0,0,0,0,1412,0,6754,509287,2883,0,460,0,0,0,32805052,31870796,31752744,948,157276
2018-05-02_18-10-49.259949473,1525277449.261422451,,2018-05-02_18-10-49.267969651,1525277449.269469240,0.46,0.20,0.09,173510494,297573480476,265155,1793773,894418,426603,0,0,0,0,1413,0,6757,509318,2883,0,460,0,0,0,32805052,31871076,31753040,948,157276
2018-05-02_18-10-49.304555336,1525277449.306017875,,2018-05-02_18-10-49.312588203,1525277449.314101134,0.46,0.20,0.09,173510494,297573480476,265155,1793774,894418,426603,0,0,0,0,1414,0,6761,509349,2883,0,460,0,0,0,32805052,31871060,31753040,948,157276
2018-05-02_18-10-49.349361106,1525277449.350834924,,2018-05-02_18-10-49.357321090,1525277449.358823665,0.46,0.20,0.09,173510814,297573480826,265155,1793775,894418,426603,0,0,0,0,1416,0,6764,509379,2883,0,460,0,0,0,32805052,31871500,31753740,948,157276
2018-05-02_18-10-49.394178756,1525277449.395652982,,2018-05-02_18-10-49.402120171,1525277449.403614473,0.46,0.20,0.09,173510814,297573480826,265155,1793776,894419,426603,0,0,0,0,1418,0,6767,509410,2883,0,460,0,0,0,32805052,31872568,31754816,948,157280
2018-05-02_18-10-49.438710832,1525277449.440168091,,2018-05-02_18-10-49.446744621,1525277449.448251531,0.46,0.20,0.09,173510814,297573480826,265155,1793776,894419,426603,0,0,0,0,1419,0,6771,509441,2883,0,460,0,0,0,32805052,31871300,31753284,948,157280
2018-05-02_18-10-49.483595614,1525277449.485068917,,2018-05-02_18-10-49.491602793,1525277449.493108480,0.46,0.20,0.09,173510814,297573480826,265155,1793777,894420,426603,0,0,0,0,1420,0,6774,509471,2883,0,460,0,0,0,32805052,31871088,31753344,948,157280
2018-05-02_18-10-49.528166905,1525277449.529629556,,2018-05-02_18-10-49.536175986,1525277449.537687352,0.46,0.20,0.09,173510814,297573480826,265155,1793777,894420,426603,0,0,0,0,1422,0,6778,509502,2883,0,460,0,0,0,32805052,31872172,31754152,948,157280
2018-05-02_18-10-49.572943163,1525277449.574434060,,2018-05-02_18-10-49.580998300,1525277449.582502473,0.46,0.20,0.09,173510814,297573480826,265155,1793779,894420,426603,0,0,0,0,1423,0,6781,509533,2883,0,460,0,0,0,32805052,31871148,31752872,948,157280
2018-05-02_18-10-49.617650932,1525277449.619112834,,2018-05-02_18-10-49.625674114,1525277449.627169277,0.46,0.20,0.09,173511198,297573481246,265155,1793779,894420,426603,0,0,0,0,1424,0,6785,509564,2883,0,460,0,0,0,32805052,31870440,31752388,948,157280
2018-05-02_18-10-49.662495069,1525277449.663971685,,2018-05-02_18-10-49.670524979,1525277449.672033272,0.46,0.20,0.09,173511198,297573481246,265155,1793780,894420,426603,0,0,0,0,1426,0,6789,509594,2883,0,460,0,0,0,32805052,31871128,31753096,948,157280
2018-05-02_18-10-49.707196366,1525277449.708670103,,2018-05-02_18-10-49.715133650,1525277449.716628572,0.46,0.20,0.09,173511198,297573481246,265155,1793782,894420,426603,0,0,0,0,1428,0,6792,509625,2883,0,460,0,0,0,32805052,31885080,31767588,948,157280
2018-05-02_18-10-49.752508386,1525277449.753864771,,2018-05-02_18-10-49.759835659,1525277449.761144066,0.46,0.20,0.09,173511198,297573481246,265155,1793782,894420,426604,0,0,0,0,1431,0,6797,509651,2883,0,460,0,0,0,32805052,31872688,31754396,948,157280
2018-05-02_18-10-49.796519225,1525277449.798011896,,2018-05-02_18-10-49.804712528,1525277449.806209691,0.46,0.20,0.09,173511198,297573481246,265155,1793782,894421,426604,0,0,0,0,1432,0,6801,509682,2883,0,460,0,0,0,32805052,31872456,31754180,948,157280
2018-05-02_18-10-49.841573156,1525277449.843037356,,2018-05-02_18-10-49.849746726,1525277449.851255118,0.46,0.20,0.09,173511582,297573481666,265155,1793783,894421,426604,0,0,0,0,1433,0,6804,509713,2883,0,460,0,0,0,32805052,31871472,31753456,948,157280
2018-05-02_18-10-49.886424255,1525277449.887895446,,2018-05-02_18-10-49.894509440,1525277449.896032517,0.46,0.20,0.09,173511582,297573481666,265155,1793783,894421,426605,0,0,0,0,1435,0,6807,509744,2883,0,460,0,0,0,32805052,31872312,31753984,948,157280
2018-05-02_18-10-49.931360940,1525277449.932847827,,2018-05-02_18-10-49.939450116,1525277449.940949470,0.46,0.20,0.09,173511582,297573481666,265155,1793784,894421,426605,0,0,0,0,1436,0,6811,509775,2883,0,460,0,0,0,32805052,31871612,31753300,948,157280
2018-05-02_18-10-49.976063946,1525277449.977544558,,2018-05-02_18-10-49.984135721,1525277449.985628447,0.46,0.20,0.09,173511582,297573481666,265156,1793784,894421,426605,0,0,0,0,1438,0,6814,509806,2883,0,460,0,0,0,32805052,31870728,31752956,948,157280
2018-05-02_18-10-50.020963465,1525277450.022455876,,2018-05-02_18-10-50.029031881,1525277450.030539745,0.46,0.20,0.09,173511582,297573481666,265157,1793785,894421,426605,0,0,0,0,1441,0,6817,509836,2883,0,460,0,0,0,32805052,31871332,31753804,948,157280
2018-05-02_18-10-50.065658300,1525277450.067121477,,2018-05-02_18-10-50.073682508,1525277450.075152817,0.46,0.20,0.09,173511582,297573481666,265157,1793785,894421,426605,0,0,0,0,1442,0,6820,509867,2883,0,460,0,0,0,32805052,31872236,31754220,948,157280
2018-05-02_18-10-50.110383944,1525277450.111845973,,2018-05-02_18-10-50.118443152,1525277450.119947968,0.46,0.20,0.09,173511902,297573482016,265157,1793786,894421,426606,0,0,0,0,1443,0,6824,509898,2883,0,460,0,0,0,32805052,31871824,31753252,948,157280
2018-05-02_18-10-50.155069917,1525277450.156536282,,2018-05-02_18-10-50.163113590,1525277450.164620156,0.46,0.20,0.09,173511902,297573482016,265157,1793786,894421,426606,0,0,0,0,1445,0,6828,509928,2883,0,460,0,0,0,32805052,31870988,31753216,948,157280
2018-05-02_18-10-50.199892108,1525277450.201369168,,2018-05-02_18-10-50.207953228,1525277450.209455478,0.46,0.20,0.09,173511902,297573482016,265157,1793787,894421,426607,0,0,0,0,1447,0,6830,509959,2883,0,460,0,0,0,32805052,31870844,31753092,948,157280
2018-05-02_18-10-50.244607908,1525277450.246067540,,2018-05-02_18-10-50.252656695,1525277450.254163546,0.46,0.20,0.09,173511902,297573482016,265157,1793787,894421,426607,0,0,0,0,1448,0,6835,509990,2883,0,460,0,0,0,32805052,31870856,31752824,948,157280
2018-05-02_18-10-50.289422295,1525277450.290904030,,2018-05-02_18-10-50.297490617,1525277450.298990891,0.46,0.20,0.09,173511902,297573482016,265158,1793788,894421,426607,0,0,0,0,1450,0,6838,510021,2883,0,460,0,0,0,32805052,31871600,31754044,948,157280
2018-05-02_18-10-50.334124234,1525277450.335606467,,2018-05-02_18-10-50.342881720,1525277450.344367284,0.46,0.20,0.09,173511902,297573482436,265158,1793788,894421,426607,0,0,0,0,1451,0,6841,510052,2883,0,460,0,0,0,32805052,31870808,31752448,948,157280
2018-05-02_18-10-50.379468465,1525277450.380941596,,2018-05-02_18-10-50.387504161,1525277450.389004204,0.46,0.20,0.09,173512286,297573482436,265158,1793789,894421,426607,0,0,0,0,1453,0,6844,510082,2883,0,460,0,0,0,32805052,31871832,31753520,948,157284
2018-05-02_18-10-50.424070647,1525277450.425536595,,2018-05-02_18-10-50.432911842,1525277450.434455582,0.46,0.20,0.09,173512286,297573482436,265159,1793789,894421,426607,0,0,0,0,1455,0,6848,510114,2883,0,460,0,0,0,32805052,31870768,31752996,948,157284
2018-05-02_18-10-50.469736252,1525277450.471213764,,2018-05-02_18-10-50.477807493,1525277450.479300277,0.46,0.20,0.09,173512286,297573482436,265159,1793790,894421,426607,0,0,0,0,1456,0,6852,510144,2883,0,460,0,0,0,32805052,31871784,31753492,948,157284
2018-05-02_18-10-50.514393278,1525277450.515859917,,2018-05-02_18-10-50.522434381,1525277450.523947959,0.46,0.20,0.09,173512286,297573482436,265159,1793790,894421,426608,0,0,0,0,1458,0,6855,510175,2883,0,460,0,0,0,32805052,31871900,31753312,948,157284
2018-05-02_18-10-50.559181789,1525277450.560673060,,2018-05-02_18-10-50.567264552,1525277450.568772002,0.46,0.20,0.09,173512286,297573482436,265159,1793791,894421,426608,0,0,0,0,1459,0,6859,510206,2883,0,460,0,0,0,32805052,31870876,31753108,948,157284
2018-05-02_18-10-50.603888236,1525277450.605355303,,2018-05-02_18-10-50.612261531,1525277450.613761780,0.46,0.20,0.09,173512606,297573482786,265160,1793791,894421,426608,0,0,0,0,1460,0,6863,510237,2883,0,460,0,0,0,32805052,31871368,31753352,948,157284
2018-05-02_18-10-50.649021509,1525277450.650478573,,2018-05-02_18-10-50.657052361,1525277450.658561105,0.46,0.20,0.09,173512606,297573482786,265160,1793792,894421,426608,0,0,0,0,1461,0,6866,510267,2883,0,460,0,0,0,32805052,31871056,31753040,948,157284
2018-05-02_18-10-50.693628286,1525277450.695090576,,2018-05-02_18-10-50.701673628,1525277450.703160288,0.46,0.20,0.09,173512606,297573482786,265160,1793792,894421,426609,0,0,0,0,1462,0,6870,510298,2883,0,460,0,0,0,32805052,31871124,31752796,948,157284
2018-05-02_18-10-50.738440243,1525277450.739917133,,2018-05-02_18-10-50.746467678,1525277450.747960486,0.46,0.20,0.09,173512606,297573482786,265160,1793793,894421,426610,0,0,0,0,1463,0,6874,510329,2883,0,460,0,0,0,32805052,31871516,31753500,948,157284
2018-05-02_18-10-50.783128908,1525277450.784597944,,2018-05-02_18-10-50.791135951,1525277450.792630495,0.46,0.20,0.09,173512606,297573482786,265160,1793793,894421,426610,0,0,0,0,1465,0,6878,510360,2883,0,460,0,0,0,32805052,31870736,31752980,948,157284
2018-05-02_18-10-50.827901425,1525277450.829394986,,2018-05-02_18-10-50.835938670,1525277450.837443118,0.46,0.20,0.09,173512606,297573482786,265161,1793794,894421,426610,0,0,0,0,1466,0,6881,510390,2883,0,460,0,0,0,32805052,31871228,31753116,948,157284
2018-05-02_18-10-50.872610691,1525277450.874087982,,2018-05-02_18-10-50.880692998,1525277450.882187967,0.46,0.20,0.09,173512990,297573483206,265161,1793794,894421,426610,0,0,0,0,1467,0,6884,510421,2883,0,460,0,0,0,32805052,31870300,31752288,948,157284
2018-05-02_18-10-50.917423877,1525277450.918889320,,2018-05-02_18-10-50.925449772,1525277450.926946617,0.46,0.20,0.09,173512990,297573483206,265162,1793795,894421,426610,0,0,0,0,1469,0,6888,510452,2883,0,460,0,0,0,32805052,31870200,31752104,948,157284
2018-05-02_18-10-50.962399464,1525277450.963878345,,2018-05-02_18-10-50.970401281,1525277450.971874948,0.46,0.20,0.09,173512990,297573483206,265162,1793796,894421,426610,0,0,0,0,1470,0,6892,510482,2883,0,460,0,0,0,32805052,31870936,31752608,948,157284
2018-05-02_18-10-51.006889169,1525277451.008358469,,2018-05-02_18-10-51.014960513,1525277451.016462480,0.46,0.20,0.09,173512990,297573483206,265162,1793796,894421,426611,0,0,0,0,1472,0,6895,510513,2883,0,460,0,0,0,32805052,31871048,31752736,948,157284
2018-05-02_18-10-51.051817870,1525277451.053288505,,2018-05-02_18-10-51.059789410,1525277451.061257934,0.46,0.20,0.09,173512990,297573483206,265162,1793796,894421,426611,0,0,0,0,1473,0,6899,510544,2883,0,460,0,0,0,32805052,31871252,31753500,948,157284
2018-05-02_18-10-51.096275333,1525277451.097747694,,2018-05-02_18-10-51.104313653,1525277451.105817464,0.46,0.20,0.09,173513310,297573483556,265162,1793797,894421,426611,0,0,0,0,1474,0,6903,510574,2883,0,460,0,0,0,32805052,31872896,31754488,948,157284
2018-05-02_18-10-51.140955296,1525277451.142449059,,2018-05-02_18-10-51.149032417,1525277451.150534617,0.46,0.20,0.09,173513310,297573483556,265162,1793797,894421,426612,0,0,0,0,1476,0,6906,510605,2883,0,460,0,0,0,32805052,31871696,31753880,948,157284
2018-05-02_18-10-51.185753032,1525277451.187231225,,2018-05-02_18-10-51.193797199,1525277451.195294698,0.46,0.20,0.09,173513310,297573483556,265162,1793798,894421,426612,0,0,0,0,1478,0,6908,510636,2883,0,460,0,0,0,32805052,31871476,31753724,948,157284
2018-05-02_18-10-51.230454015,1525277451.231924868,,2018-05-02_18-10-51.238475730,1525277451.239981649,0.46,0.20,0.09,173513310,297573483556,265163,1793798,894421,426612,0,0,0,0,1480,0,6912,510666,2883,0,460,0,0,0,32805052,31870400,31752400,948,157284
2018-05-02_18-10-51.275218449,1525277451.276698913,,2018-05-02_18-10-51.283254343,1525277451.284765338,0.46,0.20,0.09,173513310,297573483556,265164,1793799,894421,426612,0,0,0,0,1482,0,6915,510697,2883,0,460,0,0,0,32805052,31870944,31752924,948,157284
2018-05-02_18-10-51.319941926,1525277451.321421397,,2018-05-02_18-10-51.327966341,1525277451.329458001,0.46,0.20,0.09,173513310,297573483556,265164,1793799,894421,426612,0,0,0,0,1484,0,6918,510728,2883,0,460,0,0,0,32805052,31872020,31753984,948,157284
2018-05-02_18-10-51.364661464,1525277451.366132440,,2018-05-02_18-10-51.372678306,1525277451.374176412,0.46,0.20,0.09,173513694,297573483976,265164,1793800,894421,426613,0,0,0,0,1485,0,6921,510759,2883,0,460,0,0,0,32805052,31871480,31753464,948,157284
2018-05-02_18-10-51.409273259,1525277451.410747773,,2018-05-02_18-10-51.417280718,1525277451.418786811,0.46,0.20,0.09,173513694,297573483976,265164,1793800,894421,426613,0,0,0,0,1487,0,6925,510789,2883,0,460,0,0,0,32805052,31873188,31755324,948,157292
2018-05-02_18-10-51.454030040,1525277451.455497962,,2018-05-02_18-10-51.462029716,1525277451.463537672,0.46,0.20,0.09,173513694,297573483976,265164,1793800,894421,426613,0,0,0,0,1489,0,6927,510820,2883,0,460,0,0,0,32805052,31872668,31754116,948,157292
2018-05-02_18-10-51.498883952,1525277451.500376490,,2018-05-02_18-10-51.507011004,1525277451.508529790,0.46,0.20,0.09,173513694,297573483976,265164,1793801,894421,426614,0,0,0,0,1490,0,6930,510851,2883,0,460,0,0,0,32805052,31872796,31754948,948,157292
2018-05-02_18-10-51.543624252,1525277451.545109148,,2018-05-02_18-10-51.551731435,1525277451.553229406,0.46,0.20,0.09,173513694,297573483976,265164,1793801,894421,426614,0,0,0,0,1492,0,6934,510881,2883,0,460,0,0,0,32805052,31872704,31754816,948,157292
2018-05-02_18-10-51.588499390,1525277451.589965578,,2018-05-02_18-10-51.596531804,1525277451.598049445,0.46,0.20,0.09,173514078,297573484396,265165,1793802,894421,426614,0,0,0,0,1493,0,6938,510912,2883,0,460,0,0,0,32805052,31871620,31753348,948,157292
2018-05-02_18-10-51.633124034,1525277451.634595644,,2018-05-02_18-10-51.641157184,1525277451.642668435,0.46,0.20,0.09,173514078,297573484396,265165,1793802,894421,426614,0,0,0,0,1494,0,6942,510943,2883,0,460,0,0,0,32805052,31871688,31753940,948,157292
2018-05-02_18-10-51.677811556,1525277451.679261012,,2018-05-02_18-10-51.685795303,1525277451.687283256,0.46,0.20,0.09,173514078,297573484396,265166,1793803,894421,426614,0,0,0,0,1495,0,6946,510973,2883,0,460,0,0,0,32805052,31871696,31753668,948,157292
2018-05-02_18-10-51.722627228,1525277451.724108179,,2018-05-02_18-10-51.730661082,1525277451.732152757,0.46,0.20,0.09,173514078,297573484396,265166,1793804,894421,426614,0,0,0,0,1497,0,6949,511004,2883,0,460,0,0,0,32805052,31872380,31754368,948,157292
2018-05-02_18-10-51.767218478,1525277451.768703466,,2018-05-02_18-10-51.775292951,1525277451.776792943,0.46,0.20,0.09,173514078,297573484396,265166,1793804,894421,426615,0,0,0,0,1498,0,6953,511035,2883,0,460,0,0,0,32805052,31871532,31753228,948,157292
2018-05-02_18-10-51.812037989,1525277451.813525781,,2018-05-02_18-10-51.820104793,1525277451.821607631,0.46,0.20,0.09,173514078,297573484396,265166,1793805,894421,426616,0,0,0,0,1500,0,6956,511066,2883,0,460,0,0,0,32805052,31871244,31753764,948,157292
2018-05-02_18-10-51.856647478,1525277451.858118902,,2018-05-02_18-10-51.864713815,1525277451.866194820,0.46,0.20,0.09,173514398,297573484746,265166,1793805,894421,426616,0,0,0,0,1502,0,6959,511096,2883,0,460,0,0,0,32805052,31871056,31752768,948,157292
