StartTime,StartEpoch,EndTime,EndEpoch,CPULoad1m,CPULoad5m,CPULoad5m,NetDevRX,NetDevTX,IRQens2-0,IRQens2-1,IRQens2-2,IRQens2-3,IRQens2-4,IRQens2-5,IRQens2-6,IRQens2-7,user,nice,system,idle,iowait,irq,softirq,steal,guest,guest_nice,MemTotal,MemFree,MemAvailable,Buffers,Cached
2018-05-08_13-44-14.319825459,1525779854.321229074,2018-05-08_13-44-14.324511020,1525779854.325957073,0.08,0.15,0.14,172046592,164245966593,402851,439572,1034215,1008419,312226,190152,359682,329145,7380,0,14675,3005733,5582,0,2178,0,4242,0,32805052,29696108,30087852,948,700292
2018-05-08_13-44-44.362900856,1525779884.364328808,2018-05-08_13-44-44.367452515,1525779884.368796786,0.73,0.30,0.19,234983302,205880277631,455596,485985,1086803,1331496,312226,190152,359682,1150835,8517,0,18457,3023197,5583,0,3534,0,5368,0,32805052,29699420,30090880,948,700296
2018-05-08_13-45-14.402850842,1525779914.404301856,2018-05-08_13-45-14.407465989,1525779914.408823448,1.16,0.45,0.24,284673292,250384130053,1087503,595821,1090975,1684551,368574,190152,359682,1150835,9774,0,21880,3041139,5587,0,4869,0,6622,0,32805052,29702804,30094264,948,700296
2018-05-08_13-45-44.443414994,1525779944.444815858,2018-05-08_13-45-44.447915533,1525779944.449253963,1.49,0.60,0.30,337173906,293205319675,1087503,965295,1207198,1719684,1016649,190152,359682,1150835,10904,0,25814,3058654,5590,0,5945,0,7744,0,32805052,29688008,30079188,948,700308
2018-05-08_13-46-14.483646686,1525779974.485198065,2018-05-08_13-46-14.488528482,1525779974.489952506,1.61,0.71,0.35,399246424,337278812869,1087569,1052632,2040987,2070043,1016649,190152,425122,1150835,12092,0,29751,3076143,5592,0,6989,0,8930,0,32805052,29686376,30077844,948,700308
2018-05-08_13-46-44.527237056,1525780004.528660915,2018-05-08_13-46-44.531848898,1525780004.533207390,1.88,0.87,0.41,446732446,379204747367,1087569,1240095,2062502,2285223,1082918,190152,1065091,1150835,13172,0,33721,3093664,5596,0,8057,0,10005,0,32805052,29687140,30078260,948,700312
2018-05-08_13-47-14.567782722,1525780034.569209472,2018-05-08_13-47-14.572317051,1525780034.573659065,1.87,0.96,0.46,505573988,421045125673,1139021,1302424,2070461,2658952,1865157,190152,1065091,1150835,14293,0,37635,3111150,5600,0,9241,0,11122,0,32805052,29686248,30077736,948,700316
2018-05-08_13-47-44.607845016,1525780064.609502091,2018-05-08_13-47-44.612898214,1525780064.614278636,2.00,1.08,0.51,549640746,465583687083,1758319,1315020,2077190,3116951,1865157,190152,1114623,1150835,15540,0,41128,3129085,5601,0,10528,0,12364,0,32805052,29685776,30077264,948,700316
2018-05-08_13-48-14.651245680,1525780094.652678010,2018-05-08_13-48-14.655799883,1525780094.657136142,2.06,1.18,0.56,599021808,508137296503,1758319,1322635,2139142,3531953,1865157,190152,1741588,1150835,16628,0,45092,3146611,5603,0,11598,0,13447,0,32805052,29685064,30077292,948,700320
2018-05-08_13-48-44.692198745,1525780124.693795747,2018-05-08_13-48-44.697256568,1525780124.698727087,2.04,1.26,0.61,653186678,550294844645,1758364,1361922,3017903,3653370,1865157,252908,1741588,1150835,17729,0,49002,3164404,5611,0,12686,0,14543,0,32805052,29697052,30090160,948,701628
2018-05-08_13-49-14.737735299,1525780154.739167157,2018-05-08_13-49-14.742272449,1525780154.743629392,2.16,1.36,0.66,713198908,591892431369,1758364,1480559,3366385,3696935,1865157,1025489,1741588,1150835,18850,0,52931,3181882,5614,0,13677,0,15661,0,32805052,29697396,30089844,948,701632
2018-05-08_13-49-44.778035008,1525780184.779744330,2018-05-08_13-49-44.783367651,1525780184.784821305,2.04,1.41,0.70,781418690,634919972349,1758364,2458598,3713187,3723964,1865157,1025489,1741588,1201655,20002,0,56840,3199414,5619,0,14637,0,16808,0,32805052,29698140,30090676,948,701632
2018-05-08_13-50-14.821183257,1525780214.822616661,2018-05-08_13-50-14.825727041,1525780214.827071164,1.96,1.45,0.74,834442504,677520011161,1758455,2759898,3827528,3794634,1865157,1025489,1741588,1844274,21138,0,60712,3216935,5620,0,15804,0,17940,0,32805052,29697204,30089680,948,701640
2018-05-08_13-50-44.861264185,1525780244.862765382,2018-05-08_13-50-44.866037414,1525780244.867531036,1.92,1.48,0.77,889026062,720975030729,1758456,2829565,4177367,4523598,1927887,1025489,1741588,1844274,22287,0,64664,3234531,5620,0,16755,0,19085,0,32805052,29697912,30090756,948,701640
2018-05-08_13-51-14.906495774,1525780274.907906279,2018-05-08_13-51-14.911015841,1525780274.912360974,1.59,1.45,0.78,953430810,762406805165,1821129,3134646,4285559,4550463,2745140,1025489,1741588,1844274,23423,0,68534,3252003,5620,0,17761,0,20218,0,32805052,29696868,30089704,948,701644
2018-05-08_13-51-44.947009724,1525780304.948524171,2018-05-08_13-51-44.951752710,1525780304.953087951,1.75,1.50,0.82,1016079648,806363009121,2648100,3456554,4428072,4554842,2745140,1025489,1789731,1844274,24745,0,71838,3269942,5624,0,19156,0,21536,0,32805052,29697124,30089680,948,701644
2018-05-08_13-52-14.990714247,1525780334.992229337,2018-05-08_13-52-14.995379662,1525780334.996722952,1.85,1.55,0.86,1066231398,847910692015,2648100,3579675,4760387,4578715,2745140,1025489,2430742,1844274,25858,0,75748,3287491,5627,0,20152,0,22646,0,32805052,29696412,30088896,948,701644
2018-05-08_13-52-45.030971754,1525780365.033027529,2018-05-08_13-52-45.036332414,1525780365.037831732,1.78,1.56,0.89,1121184940,890039155485,2648100,3722170,5642040,4615411,2745140,1083971,2430742,1844274,26965,0,79651,3305285,5628,0,21189,0,23749,0,32805052,29695612,30088456,948,701644
2018-05-08_13-53-15.072993844,1525780395.074862744,2018-05-08_13-53-15.078102300,1525780395.079460529,1.80,1.59,0.92,1178225586,931389752943,2648100,3841384,5985505,4638703,2745140,1859017,2430742,1844274,28037,0,83529,3322843,5629,0,22186,0,24817,0,32805052,29693884,30086568,948,701644
2018-05-08_13-53-45.113614346,1525780425.115132301,2018-05-08_13-53-45.118411490,1525780425.119870032,1.97,1.64,0.96,1238970552,971281812383,2648100,4956304,5991591,4668842,2745140,1859017,2430742,1884694,29143,0,87354,3340781,5629,0,23289,0,25918,0,32805052,29680528,30073104,948,701652
2018-05-08_13-54-15.157894283,1525780455.159296828,2018-05-08_13-54-15.162394954,1525780455.163734566,1.98,1.68,0.99,1291529342,1014281990839,2648100,4957251,6064236,5071655,2745140,1859017,2430742,2526749,30278,0,91207,3358333,5630,0,24526,0,27050,0,32805052,29680672,30073520,948,701652
2018-05-08_13-54-45.197654609,1525780485.199074957,2018-05-08_13-54-45.202176724,1525780485.203514933,2.05,1.73,1.03,1354978310,1054819141141,2694221,4972323,6093603,6085749,2745140,1859017,2430742,2526749,31378,0,95034,3376285,5632,0,25627,0,28144,0,32805052,29681900,30075300,948,701656
2018-05-08_13-55-15.237681199,1525780515.239273092,2018-05-08_13-55-15.242627756,1525780515.244080979,2.08,1.77,1.06,1404665810,1099461417919,3341449,5347782,6120032,6160551,2798229,1859017,2430742,2526749,32621,0,98514,3394207,5634,0,26958,0,29378,0,32805052,29680108,30072976,948,701660
2018-05-08_13-55-45.283889403,1525780545.285312560,2018-05-08_13-55-45.288422034,1525780545.289766988,1.94,1.76,1.08,1450014424,1142817997743,3341489,5347895,6181517,6604562,3400635,1859017,2430742,2526749,33726,0,102468,3411785,5639,0,28181,0,30475,0,32805052,29679596,30072468,948,701660
2018-05-08_13-56-15.323945145,1525780575.325574259,2018-05-08_13-56-15.329170708,1525780575.330871885,1.97,1.78,1.11,1506004732,1186085915087,3341805,5391225,7005450,6952784,3400635,1859017,2479662,2526749,34862,0,106420,3429394,5644,0,29176,0,31601,0,32805052,29677748,30070912,948,701660
2018-05-08_13-56-45.370617112,1525780605.372023297,2018-05-08_13-56-45.375117452,1525780605.376455320,1.92,1.79,1.13,1559976834,1227751105921,3341806,5459958,7028057,7340899,3400635,1859017,3216897,2526749,35929,0,110399,3446881,5645,0,30221,0,32660,0,32805052,29689012,30081892,948,701660
2018-05-08_13-57-15.410476509,1525780635.411911605,2018-05-08_13-57-15.415081008,1525780635.416446786,2.01,1.82,1.17,1611971342,1271941453033,3341806,6177891,7057189,7727735,3400635,1902330,3216897,2526749,37059,0,114377,3464474,5646,0,31193,0,33783,0,32805052,29688696,30081504,948,701656
2018-05-08_13-57-45.451884427,1525780665.453296807,2018-05-08_13-57-45.456415889,1525780665.457762838,1.87,1.81,1.18,1664419412,1314982676861,3341806,6426594,7062794,7966713,3400635,2560289,3216897,2526749,38192,0,118262,3482016,5648,0,32253,0,34909,0,32805052,29689668,30082872,948,701656
2018-05-08_13-58-15.491779671,1525780695.493308999,2018-05-08_13-58-15.496625395,1525780695.498126740,1.80,1.79,1.20,1727161242,1355220349919,3341806,6471668,7090839,9074083,3400635,2560289,3216897,2581476,39267,0,122131,3499893,5648,0,33335,0,35977,0,32805052,29690144,30083028,948,701660
2018-05-08_13-58-45.534510034,1525780725.535925485,2018-05-08_13-58-45.539042908,1525780725.540388350,1.94,1.83,1.23,1790966560,1396519695999,3379079,6524142,7103205,9431742,3400635,2560289,3216897,3430884,40395,0,125892,3517378,5649,0,34497,0,37095,0,32805052,29689548,30082984,948,701660
2018-05-08_13-59-15.574499669,1525780755.576187428,2018-05-08_13-59-15.580092196,1525780755.581542696,1.96,1.85,1.25,1833851302,1442005206855,3973340,6699591,7154935,9690580,3451769,2560289,3216897,3430884,41651,0,129389,3535327,5651,0,35776,0,38345,0,32805052,29688660,30081548,948,701660
2018-05-08_13-59-45.617888250,1525780785.619310024,2018-05-08_13-59-45.622401793,1525780785.623745960,1.79,1.81,1.26,1891527788,1483587913491,3975579,6730611,7436141,9856497,4152591,2560289,3216897,3430884,42767,0,133338,3552816,5652,0,36905,0,39453,0,32805052,29685008,30078188,948,701660
2018-05-08_14-00-15.657865473,1525780815.659518735,2018-05-08_14-00-15.663102982,1525780815.664745043,1.80,1.81,1.28,1953408446,1524154523901,3975579,6756450,8506016,9950151,4152591,2560289,3262130,3430884,43863,0,137222,3570648,5660,0,37973,0,40540,0,32805052,29686920,30080112,948,702004
2018-05-08_14-00-45.704493179,1525780845.705894067,2018-05-08_14-00-45.708979104,1525780845.710330922,1.69,1.78,1.29,2007906756,1565532741001,3975579,6819442,8546093,10320273,4152591,2560289,4009941,3430884,44959,0,141196,3588125,5663,0,39280,0,41627,0,32805052,29688308,30081852,948,702008
2018-05-08_14-01-15.744326713,1525780875.745750366,2018-05-08_14-01-15.748872531,1525780875.750228431,1.74,1.79,1.30,2061882890,1608771509957,3975650,7559949,8785098,10486127,4152591,2607669,4009941,3430884,46100,0,145158,3605673,5694,0,40258,0,42760,0,32805052,29679416,30075072,948,704280
2018-05-08_14-01-45.784872131,1525780905.786283611,2018-05-08_14-01-45.789378444,1525780905.790719290,1.84,1.81,1.33,2106883088,1652723392195,3975650,7563189,8804269,10963216,4152591,3214457,4009941,3430884,47222,0,149075,3623267,5696,0,41515,0,43875,0,32805052,29669076,30064732,948,704280
2018-05-08_14-02-15.825031122,1525780935.826570252,2018-05-08_14-02-15.829966858,1525780935.831495363,1.90,1.83,1.35,2174122838,1693135046239,3975650,7579881,8928839,12050739,4152591,3214457,4009941,3481915,48331,0,152906,3641092,5700,0,42649,0,44980,0,32805052,29667724,30063096,948,704288
2018-05-08_14-02-45.868690129,1525780965.870115087,2018-05-08_14-02-45.873229757,1525780965.874592177,1.92,1.84,1.37,2228507868,1735129048337,3975651,7656217,9326804,12059249,4152591,3214457,4009941,4221702,49431,0,156845,3658606,5705,0,43651,0,46075,0,32805052,29664448,30060400,948,704292
2018-05-08_14-03-15.908940268,1525780995.910486523,2018-05-08_14-03-15.914205925,1525780995.915705589,1.85,1.83,1.38,2295025186,1774428199131,3976427,7701592,10463493,12067031,4152591,3214457,4057150,4221702,50507,0,160696,3676520,5707,0,44735,0,47145,0,32805052,29665208,30061160,948,704292
2018-05-08_14-03-45.957118679,1525781025.958534090,2018-05-08_14-03-45.961631494,1525781025.962976566,1.74,1.80,1.38,2359283432,1814411667615,4022687,7708695,10859082,12084627,4152591,3214457,4916532,4221702,51609,0,164535,3693999,5709,0,45852,0,48242,0,32805052,29666632,30062008,948,704296
2018-05-08_14-04-15.997133635,1525781055.998657954,2018-05-08_14-04-16.001941050,1525781056.003352102,1.84,1.82,1.40,2403846062,1859890497203,4642334,7716802,11035786,12379130,4186758,3214457,4916532,4221702,52893,0,167993,3711940,5710,0,47141,0,49517,0,32805052,29665968,30061088,948,704296
2018-05-08_14-04-46.040573510,1525781086.041976678,2018-05-08_14-04-46.045077651,1525781086.046416197,1.90,1.83,1.42,2453663220,1902210655799,4642336,7737048,11457873,12423997,4844311,3214457,4916532,4221702,53976,0,171964,3729472,5717,0,48260,0,50595,0,32805052,29665464,30060780,948,704296
2018-05-08_14-05-16.080960312,1525781116.082911229,2018-05-08_14-05-16.086609135,1525781116.088275643,1.95,1.85,1.44,2514503034,1945613378449,4642336,7935509,11716534,13263388,4844311,3214457,4916532,4264360,55108,0,175965,3746987,5719,0,49274,0,51721,0,32805052,29675284,30070624,948,704296
2018-05-08_14-05-46.128911209,1525781146.130319106,2018-05-08_14-05-46.133415205,1525781146.134756696,2.03,1.88,1.46,2573827584,1987649406215,4642336,7971082,12146768,13267237,4844311,3214457,4916532,5057699,56222,0,179873,3764454,5724,0,50350,0,52828,0,32805052,29674844,30070812,948,704296
2018-05-08_14-06-16.168726503,1525781176.170150286,2018-05-08_14-06-16.173303193,1525781176.174665637,2.02,1.89,1.48,2626015878,2031382420859,4642336,8668525,12582609,13287618,4844311,3246352,4916532,5057699,57348,0,183880,3781996,5726,0,51309,0,53948,0,32805052,29673784,30068832,948,704296
2018-05-08_14-06-46.209546013,1525781206.210948039,2018-05-08_14-06-46.214046683,1525781206.215390085,2.01,1.90,1.50,2675018700,2074588339329,4642336,8678352,12635330,13715236,4844311,3884981,4916532,5057699,58462,0,187820,3799531,5728,0,52625,0,55055,0,32805052,29673752,30069152,948,704296
2018-05-08_14-07-16.250680949,1525781236.252154155,2018-05-08_14-07-16.255274873,1525781236.256645355,2.06,1.93,1.52,2744810834,2117148918611,4642336,8870612,13630905,13920405,4844311,3884981,4946279,5057699,59623,0,191717,3817049,5730,0,53673,0,56209,0,32805052,29674108,30069796,948,704296
2018-05-08_14-07-46.290966193,1525781266.292382972,2018-05-08_14-07-46.295472522,1525781266.296806812,1.90,1.90,1.52,2787029464,2159132750871,4674920,8919148,13637003,14299300,4844311,3884981,5556736,5057699,60713,0,195681,3834636,5732,0,54865,0,57291,0,32805052,29672336,30068508,948,704296
2018-05-08_14-08-16.330965790,1525781296.332547584,2018-05-08_14-08-16.335804781,1525781296.337243804,1.94,1.91,1.54,2839309598,2203959556353,5358650,8938437,13676382,14709505,4875717,3884981,5556736,5057699,62012,0,199102,3852554,5735,0,56208,0,58583,0,32805052,29667204,30062896,948,704296
2018-05-08_14-08-46.374862545,1525781326.376277953,2018-05-08_14-08-46.379378568,1525781326.380711259,1.96,1.92,1.55,2891784292,2246392664891,5358651,8951698,13704083,15148706,5559622,3884981,5556736,5057699,63132,0,203041,3870069,5738,0,57385,0,59695,0,32805052,29668276,30063948,948,704296
2018-05-08_14-09-16.414860847,1525781356.416383527,2018-05-08_14-09-16.419667313,1525781356.421083925,1.82,1.89,1.55,2948637482,2287569109437,5358766,8958136,13835967,16172950,5559622,3884981,5556736,5093342,64220,0,206929,3887912,5741,0,58438,0,60777,0,32805052,29668384,30063796,948,704296
2018-05-08_14-09-46.457411533,1525781386.459029194,2018-05-08_14-09-46.462508795,1525781386.464064198,1.84,1.89,1.56,3008264624,2329784976933,5358766,9026552,14230217,16176797,5559622,3884981,5556736,5900201,65337,0,210841,3905379,5744,0,59524,0,61884,0,32805052,29667120,30062824,948,704300
2018-05-08_14-10-16.499080980,1525781416.500514323,2018-05-08_14-10-16.503639617,1525781416.505000803,1.96,1.92,1.58,3049436918,2374671386337,5358803,9625753,14234580,16638453,5559622,3912867,5556736,5900201,66476,0,214853,3922999,5744,0,60577,0,63012,0,32805052,29655748,30051204,948,704316
2018-05-08_14-10-46.541936228,1525781446.543611368,2018-05-08_14-10-46.547197967,1525781446.548710386,2.13,1.96,1.61,3097718844,2418122552561,5358803,9625888,14234730,17084912,5559622,4556592,5585845,5900201,67626,0,218746,3940525,5748,0,61987,0,64151,0,32805052,29655700,30051736,948,704324
2018-05-08_14-11-16.587415467,1525781476.588824256,2018-05-08_14-11-16.591924820,1525781476.593282165,2.15,1.98,1.62,3150704450,2459385730081,5358805,9645647,14264482,17495329,5559622,4556592,6276323,5900201,68709,0,222666,3958026,5750,0,63166,0,65228,0,32805052,29655988,30051448,948,704324
2018-05-08_14-11-46.627566192,1525781506.629196767,2018-05-08_14-11-46.632732782,1525781506.634266205,2.15,1.99,1.64,3204519496,2503184679933,5358805,10076081,15002956,17499606,5592460,4556592,6276323,5900201,69872,0,226616,3975576,5754,0,64256,0,66380,0,32805052,29653992,30050028,948,704324
2018-05-08_14-12-16.673712012,1525781536.675517025,2018-05-08_14-12-16.678814193,1525781536.680182180,2.17,2.01,1.66,3264600078,2544356263623,5399581,10097990,15397248,17519569,6401218,4556592,6276323,5900201,70971,0,230544,3993055,5756,0,65321,0,67471,0,32805052,29654540,30050296,948,704332
2018-05-08_14-12-46.714272330,1525781566.715828407,2018-05-08_14-12-46.719376920,1525781566.720993369,2.11,2.01,1.67,3336578260,2587548211167,6363212,10133382,15797051,17544022,6401218,4556592,6276323,5927452,72287,0,233749,4011011,5757,0,66839,0,68779,0,32805052,29655488,30051532,948,704332
2018-05-08_14-13-16.757397818,1525781596.758911314,2018-05-08_14-13-16.762054241,1525781596.763407891,2.06,2.01,1.68,3391551450,2630510507681,6363251,10141603,15897670,17901314,6401218,4556592,6276323,6614028,73436,0,237630,4028507,5758,0,67885,0,69921,0,32805052,29667440,30063192,948,704324
2018-05-08_14-13-46.798846885,1525781626.800265212,2018-05-08_14-13-46.803428676,1525781626.804792174,1.99,1.99,1.69,3447187104,2672073956441,6363251,10278580,15920220,18831594,6401218,4587497,6276323,6614028,74505,0,241585,4046318,5763,0,68933,0,70983,0,32805052,29668584,30064624,948,704324
2018-05-08_14-14-16.840084141,1525781656.841500381,2018-05-08_14-14-16.844615763,1525781656.845949539,2.01,2.00,1.70,3507045350,2714122792509,6363251,10324638,15938960,19233138,6401218,5402441,6276323,6614028,75611,0,245516,4063779,5767,0,69973,0,72082,0,32805052,29667928,30063608,948,704324
2018-05-08_14-14-46.880083749,1525781686.881607479,2018-05-08_14-14-46.885164259,1525781686.886719503,2.05,2.01,1.71,3562716396,2757951384327,6363251,11140481,15987391,19612860,6401218,5402441,6301713,6614028,76767,0,249466,4081357,5768,0,70956,0,73231,0,32805052,29668556,30064596,948,704324
2018-05-08_14-15-16.926303697,1525781716.927745460,2018-05-08_14-15-16.930843871,1525781716.932188016,2.03,2.01,1.72,3616385778,2799042565955,6363286,11212052,16339634,19638563,6401218,5402441,7001571,6614028,77876,0,253366,4098880,5770,0,72171,0,74331,0,32805052,29668368,30064020,948,704324
2018-05-08_14-15-46.966311048,1525781746.968042265,2018-05-08_14-15-46.971338704,1525781746.972783822,2.02,2.01,1.73,3672760312,2839412212089,6363286,11236356,17333872,19675471,6431503,5402441,7001571,6614028,78971,0,257247,4116785,5775,0,73230,0,75417,0,32805052,29668588,30064340,948,704324
2018-05-08_14-16-17.012084444,1525781777.013502361,2018-05-08_14-16-17.016594571,1525781777.017925870,1.95,2.00,1.73,3739105534,2880183222615,6392879,11254894,17351583,20069039,7318500,5402441,7001571,6614028,80088,0,261124,4134203,5777,0,74435,0,76528,0,32805052,29667948,30063988,948,704324
2018-05-08_14-16-47.051967712,1525781807.053451674,2018-05-08_14-16-47.056776655,1525781807.058186549,1.97,2.00,1.74,3806933572,2923791539863,7278538,11264465,17559767,20312982,7318500,5402441,7001571,6634422,81398,0,264363,4152157,5779,0,75917,0,77830,0,32805052,29668888,30064368,948,704324
2018-05-08_14-17-17.093773968,1525781837.095279942,2018-05-08_14-17-17.099146270,1525781837.100936781,1.93,1.98,1.74,3848004298,2967921372657,7278571,11291476,17660197,20659941,7318500,5402441,7001571,7231454,82526,0,268256,4169786,5781,0,76915,0,78950,0,32805052,29664852,30060604,948,704324
2018-05-08_14-17-47.136921562,1525781867.138752860,2018-05-08_14-17-47.142916365,1525781867.144773568,2.04,2.00,1.76,3900141456,3010578657883,7278572,11299622,17930232,21490157,7318500,5426674,7001571,7231454,83658,0,272189,4187496,5782,0,77970,0,80075,0,32805052,29662600,30058332,948,704324
2018-05-08_14-18-17.190239481,1525781897.191767422,2018-05-08_14-18-17.194910573,1525781897.196249309,1.96,1.99,1.76,3954683734,3052925583057,7278572,11331976,18033386,21824177,7318500,6193549,7001571,7231454,84783,0,276120,4204990,5785,0,78985,0,81190,0,32805052,29652200,30047960,948,704336
2018-05-08_14-18-47.230358885,1525781927.231881060,2018-05-08_14-18-47.235457806,1525781927.237371843,1.93,1.97,1.77,4017933980,3096792415551,7278572,12220752,18147539,22159123,7343997,6193549,7001571,7231454,85956,0,280083,4222483,5789,0,80088,0,82353,0,32805052,29651576,30046768,948,704336
2018-05-08_14-19-17.277025898,1525781957.278459298,2018-05-08_14-19-17.281549414,1525781957.282891710,1.96,1.97,1.77,4081677538,3137609230083,7299859,12222624,18491418,22244765,8191578,6193549,7001571,7231454,87053,0,284002,4239935,5790,0,81233,0,83443,0,32805052,29651820,30047296,948,704340
2018-05-08_14-19-47.318123801,1525781987.319703497,2018-05-08_14-19-47.323256316,1525781987.324754196,2.10,2.01,1.79,4133765288,3181700842367,8049185,12235791,18491953,22705624,8191578,6193549,7021195,7231454,88292,0,287438,4257887,5792,0,82606,0,84672,0,32805052,29653540,30049324,948,704344
2018-05-08_14-20-17.365272602,1525782017.366705006,2018-05-08_14-20-17.369804539,1525782017.371140881,2.14,2.03,1.80,4167030710,3223356586097,8049215,12245136,18554473,23083232,8191578,6193549,7711024,7231454,89403,0,291376,4275390,5793,0,83744,0,85776,0,32805052,29665100,30060816,948,704348
2018-05-08_14-20-47.405378819,1525782047.406808116,2018-05-08_14-20-47.409945383,1525782047.411405150,2.02,2.01,1.80,4240696820,3266386619237,8049215,12250183,19367479,23399611,8191578,6217204,7711024,7231454,90539,0,295309,4293058,5799,0,84840,0,86902,0,32805052,29654516,30050316,948,704360
2018-05-08_14-21-17.447269275,1525782077.448684134,2018-05-08_14-21-17.452025376,1525782077.453929560,1.90,1.98,1.80,4301267130,3307518265543,8049217,12277857,19369752,23815707,8191578,7059976,7711024,7231454,91624,0,299189,4310508,5804,0,86018,0,87980,0,32805052,29666936,30062444,948,704352
2018-05-08_14-21-47.489103170,1525782107.490694692,2018-05-08_14-21-47.493835053,1525782107.495188231,1.88,1.96,1.80,4363255296,3351353672251,8049217,13156590,19817397,23817657,8191578,7059976,7711024,7248523,92804,0,303131,4328019,5805,0,87011,0,89153,0,32805052,29666816,30062872,948,704352
2018-05-08_14-22-17.529509640,1525782137.531233198,2018-05-08_14-22-17.534502129,1525782137.535862843,1.93,1.96,1.80,4414832134,3394604135953,8049217,13161503,20012030,24075860,8191578,7059976,7711024,7929665,93951,0,307019,4345549,5807,0,88023,0,90293,0,32805052,29666452,30061872,948,704352
2018-05-08_14-22-47.570057472,1525782167.571671344,2018-05-08_14-22-47.575355103,1525782167.576787727,2.01,1.98,1.81,4471942476,3435170508165,8049217,13161838,20064609,25095922,8210868,7059976,7711024,7929665,95025,0,310907,4363451,5811,0,89108,0,91359,0,32805052,29665960,30061776,948,704352
2018-05-08_14-23-17.616835577,1525782197.618252720,2018-05-08_14-23-17.621354529,1525782197.622690994,1.93,1.97,1.82,4531632338,3476229630479,8067266,13164608,20078137,25512983,9035493,7059976,7711024,7929665,96122,0,314839,4380905,5815,0,90524,0,92449,0,32805052,29667068,30062624,948,704352
2018-05-08_14-23-47.656710897,1525782227.658667245,2018-05-08_14-23-47.662364502,1525782227.663789298,1.88,1.96,1.82,4588145496,3519890851493,8873121,13176308,20176184,25874384,9035493,7059976,7726347,7929665,97407,0,318182,4398866,5815,0,91925,0,93726,0,32805052,29665936,30061720,948,704352
2018-05-08_14-24-17.703260444,1525782257.704898668,2018-05-08_14-24-17.708760962,1525782257.710415258,2.00,1.98,1.83,4641500446,3561674963079,8873122,13184051,20191213,26295669,9035493,7059976,8426113,7929665,98500,0,322136,4416348,5816,0,93055,0,94813,0,32805052,29666048,30061616,948,704352
2018-05-08_14-24-47.744887458,1525782287.746545764,2018-05-08_14-24-47.749879002,1525782287.751368978,2.00,1.98,1.83,4695381988,3604164094205,8873122,13212313,21040367,26541630,9035493,7076602,8426113,7929665,99618,0,326082,4434080,5816,0,94081,0,95924,0,32805052,29666408,30062176,948,704352
2018-05-08_14-25-17.787548069,1525782317.788951679,2018-05-08_14-25-17.792053793,1525782317.793385898,1.99,1.98,1.84,4754845034,3645426907047,8873124,13340637,21225348,26674049,9035493,7896356,8426113,7929665,100734,0,330046,4451300,6004,0,95060,0,97029,0,32805052,29635696,30062164,948,734668
2018-05-08_14-25-47.828399865,1525782347.830072959,2018-05-08_14-25-47.833654100,1525782347.835331409,2.00,1.98,1.84,4825549168,3688111956639,8873126,14378749,21598869,26682450,9035493,7896356,8426113,7942508,101909,0,333956,4468814,6010,0,96042,0,98196,0,32805052,29634232,30060412,948,734668
2018-05-08_14-26-17.872483834,1525782377.873889648,2018-05-08_14-26-17.876996392,1525782377.878335903,2.00,1.99,1.85,4876760316,3731495536309,8873202,14418412,21953632,26744206,9035493,7896356,8426113,8620052,103048,0,337848,4486335,6012,0,97099,0,99325,0,32805052,29622432,30048620,948,734680
2018-05-08_14-26-47.912203046,1525782407.913603423,2018-05-08_14-26-47.916664058,1525782407.917992680,2.00,1.99,1.86,4933538498,3772569720209,8883745,14424626,21977290,27790520,9035493,7896356,8426113,8620052,104127,0,341722,4504272,6015,0,98174,0,100396,0,32805052,29622376,30048276,948,734684
2018-05-08_14-27-17.952630688,1525782437.954271351,2018-05-08_14-27-17.958056669,1525782437.959624372,2.05,2.00,1.87,4978451784,3817071985971,9527215,14435671,21978507,28252908,9047175,7896356,8426113,8620052,105385,0,345170,4522222,6020,0,99498,0,101647,0,32805052,29621584,30047492,948,734688
2018-05-08_14-27-47.995540156,1525782467.996953409,2018-05-08_14-27-48.000049337,1525782468.001387211,2.17,2.03,1.88,5030862862,3858974609657,9527216,14441359,21992586,28682457,9744032,7896356,8426113,8620052,106487,0,349117,4539707,6024,0,100850,0,102738,0,32805052,29620864,30047364,948,734692
2018-05-08_14-28-18.035649189,1525782498.037265648,2018-05-08_14-28-18.040914410,1525782498.042398667,2.05,2.01,1.88,5093006420,3898504169957,9527216,14494697,23130982,28695975,9744032,7896356,8438119,8620052,107532,0,353035,4557611,6025,0,101924,0,103776,0,32805052,29623140,30049084,948,734692
2018-05-08_14-28-48.080389097,1525782528.082031982,2018-05-08_14-28-48.085576408,1525782528.087113805,2.03,2.01,1.88,5147573146,3939756950977,9527217,14511358,23280567,28974881,9744032,7896356,9216133,8620052,108615,0,357008,4575091,6027,0,103145,0,104848,0,32805052,29621008,30047288,948,734696
2018-05-08_14-29-18.122266543,1525782558.123830063,2018-05-08_14-29-18.127048547,1525782558.128492241,2.10,2.03,1.89,5199485280,3984065296015,9527217,15234202,23330752,29388084,9744032,7905341,9216133,8620052,109770,0,360983,4592644,6028,0,104147,0,105997,0,32805052,29634276,30060780,948,734696
2018-05-08_14-29-48.164647279,1525782588.166063402,2018-05-08_14-29-48.169153210,1525782588.170496204,2.06,2.03,1.89,5241146790,4027228800543,9527218,15240193,23584196,29588622,9744032,8515178,9216133,8620052,110894,0,364863,4610271,6031,0,105157,0,107113,0,32805052,29635052,30061268,948,734692
2018-05-08_14-30-18.204938649,1525782618.206659884,2018-05-08_14-30-18.210063308,1525782618.211524846,2.04,2.03,1.89,5310836652,4069778756075,9527278,15296151,23924556,30618036,9744032,8515178,9216133,8630121,112064,0,368770,4627783,6033,0,106163,0,108277,0,32805052,29633668,30059900,948,734704
2018-05-08_14-30-48.247829540,1525782648.249261906,2018-05-08_14-30-48.252364762,1525782648.253707528,1.94,2.01,1.89,5370309746,4111844073857,9535062,15361210,23940317,30974881,9744032,8515178,9216133,9454649,113199,0,372663,4645248,6036,0,107459,0,109405,0,32805052,29633484,30060012,948,734704
2018-05-08_14-31-18.287849333,1525782678.289343584,2018-05-08_14-31-18.292572699,1525782678.293990703,1.96,2.01,1.89,5427050168,4155967045935,10269998,15533253,23941949,31268503,9751113,8515178,9216133,9454649,114486,0,375979,4663212,6038,0,108887,0,110685,0,32805052,29634524,30060764,948,734704
2018-05-08_14-31-48.332124162,1525782708.333545734,2018-05-08_14-31-48.336633571,1525782708.337969267,1.98,2.01,1.90,5479242622,4197703915819,10269998,15542040,24107862,31536272,10451764,8515178,9216133,9454649,115571,0,379931,4680725,6039,0,109939,0,111764,0,32805052,29635088,30061268,948,734704
2018-05-08_14-32-18.372277610,1525782738.373901538,2018-05-08_14-32-18.377408143,1525782738.378913391,1.99,2.01,1.90,5536050628,4241623789415,10270006,15554092,24948298,31976420,10451764,8515178,9223290,9454649,116734,0,383898,4698265,6043,0,110942,0,112921,0,32805052,29635016,30061524,948,734704
2018-05-08_14-32-48.418986848,1525782768.420883004,2018-05-08_14-32-48.424325853,1525782768.425895984,1.99,2.01,1.90,5595758858,4282676267623,10270006,15875021,24965161,32072795,10451764,8515178,10055644,9454649,117793,0,387868,4715725,6043,0,112062,0,113973,0,32805052,29634708,30061216,948,734704
2018-05-08_14-33-18.460546803,1525782798.462460191,2018-05-08_14-33-18.465811057,1525782798.467565151,1.94,1.99,1.90,5647949200,4326299712253,10270048,16634505,25345912,32102680,10451764,8520415,10055644,9454649,118923,0,391847,4733339,6044,0,113026,0,115096,0,32805052,29635152,30061376,948,734708
2018-05-08_14-33-48.502900126,1525782828.504586203,2018-05-08_14-33-48.508081296,1525782828.509451907,1.90,1.97,1.90,5703721686,4368088376339,10270049,16677703,25724516,32120882,10451764,9250115,10055644,9454649,120022,0,395772,4750838,6044,0,114008,0,116187,0,32805052,29635120,30061604,948,734708
2018-05-08_14-34-18.543869311,1525782858.545489170,2018-05-08_14-34-18.548910396,1525782858.550400554,1.93,1.98,1.90,5763745692,4411967455413,10270049,16904835,25960263,32986707,10451764,9250115,10055644,9459592,121209,0,399700,4768371,6045,0,114994,0,117366,0,32805052,29622600,30048540,948,734716
2018-05-08_14-34-48.587023271,1525782888.588957890,2018-05-08_14-34-48.592218206,1525782888.593572192,1.96,1.98,1.90,5829075624,4452643759671,10270086,17101877,26023341,33156139,10451764,9250115,10055644,10366716,122300,0,403535,4785811,6045,0,116427,0,118450,0,32805052,29622444,30048404,948,734716
2018-05-08_14-35-18.627868315,1525782918.629530964,2018-05-08_14-35-18.633251122,1525782918.634842744,1.91,1.97,1.90,5898142440,4495869085653,10270086,17105256,27035682,33579083,10451764,9250115,10059374,10366716,123420,0,407529,4803287,6047,0,117586,0,119560,0,32805052,29622020,30048256,948,734720
2018-05-08_14-35-48.674888962,1525782948.676412610,2018-05-08_14-35-48.679547167,1525782948.680893447,2.00,1.98,1.91,5953617454,4536566631627,10272572,17109989,27458624,33581355,10451764,9250115,10850581,10366716,124513,0,411448,4820787,6053,0,118573,0,120645,0,32805052,29621828,30048324,948,734720
2018-05-08_14-36-18.715074023,1525782978.716802466,2018-05-08_14-36-18.720516895,1525782978.721950369,2.00,1.99,1.91,6007408308,4580211765819,11003284,17155118,27876072,33584432,10453645,9250115,10850581,10366716,125810,0,414808,4838754,6054,0,119946,0,121933,0,32805052,29620940,30047464,948,734724
2018-05-08_14-36-48.758976867,1525783008.760524057,2018-05-08_14-36-48.763646567,1525783008.764983993,1.95,1.97,1.91,6048042176,4622532496151,11003284,17163849,28311005,33589014,11063633,9250115,10850581,10366716,126856,0,418799,4856370,6056,0,121057,0,122969,0,32805052,29622092,30048384,948,734724
2018-05-08_14-37-18.799021674,1525783038.800553097,2018-05-08_14-37-18.803984092,1525783038.805422783,1.97,1.97,1.91,6110936896,4662696720045,11003284,17164237,28311179,34803747,11063633,9250115,10850581,10368157,127947,0,422630,4874336,6057,0,122165,0,124053,0,32805052,29621912,30047844,948,734724
2018-05-08_14-37-48.842663491,1525783068.844506995,2018-05-08_14-37-48.848330124,1525783068.849745698,1.90,1.96,1.91,6170862086,4704426797837,11003284,17164644,28345932,35203724,11063633,9250115,10850581,11209638,129054,0,426575,4891765,6059,0,123638,0,125152,0,32805052,29633448,30059100,948,734720
2018-05-08_14-38-18.887191322,1525783098.888803624,2018-05-08_14-38-18.892598156,1525783098.894132309,1.94,1.96,1.91,6222462796,4748786401095,11003284,17891403,28345939,35659328,11063633,9250318,10850581,11209638,130164,0,430612,4909330,6060,0,124561,0,126255,0,32805052,29632460,30058404,948,734720
2018-05-08_14-38-48.935597086,1525783128.937237554,2018-05-08_14-38-48.940833766,1525783128.942378488,1.89,1.95,1.91,6277542418,4791154707901,11003480,17901253,28437343,35991784,11063633,9974949,10850581,11209638,131296,0,434542,4926794,6061,0,125829,0,127380,0,32805052,29633112,30059152,948,734720
2018-05-08_14-39-18.980435316,1525783158.982041016,2018-05-08_14-39-18.985483332,1525783158.986987200,2.00,1.97,1.92,6345302616,4834863704615,11003481,17930865,29399580,36394802,11063633,9974949,10850581,11209638,132475,0,438476,4944300,6064,0,126779,0,128552,0,32805052,29633340,30059572,948,734724
2018-05-08_14-39-49.025543074,1525783189.027316980,2018-05-08_14-39-49.031337188,1525783189.032889715,1.98,1.97,1.92,6410466654,4875405876745,11003512,17941241,29406986,36798631,11063633,9974949,11766859,11209638,133557,0,442313,4961769,6065,0,127801,0,129627,0,32805052,29635484,30061972,948,734724
2018-05-08_14-40-19.070206653,1525783219.071602360,2018-05-08_14-40-19.074679135,1525783219.076018618,1.99,1.98,1.93,6464271716,4919193773117,11728887,18189607,29425769,37002423,11063633,9974949,11766859,11209638,134833,0,445704,4979708,6067,0,129191,0,130896,0,32805052,29634376,30060876,948,734732
2018-05-08_14-40-49.111349413,1525783249.113023524,2018-05-08_14-40-49.116528623,1525783249.118312650,1.99,1.98,1.93,6521575338,4959880460579,11729437,18259551,29756899,37029132,11816462,9974949,11766859,11209638,135895,0,449628,4997220,6070,0,130167,0,131952,0,32805052,29634032,30060004,948,734736
2018-05-08_14-41-19.156234363,1525783279.157638677,2018-05-08_14-41-19.160714425,1525783279.162061324,2.00,1.98,1.93,6584922736,5003672405069,11729437,18263903,30219488,37942699,11817291,9974949,11766859,11209638,137070,0,453596,5014735,6073,0,131137,0,133122,0,32805052,29634880,30061124,948,734736
2018-05-08_14-41-49.197415171,1525783309.199225611,2018-05-08_14-41-49.203215971,1525783309.204894934,2.00,1.98,1.93,6644396214,5044782888803,11729437,18543612,30372369,37946874,11817291,9974949,11766859,12045217,138158,0,457560,5032199,6074,0,132237,0,134202,0,32805052,29634032,30060012,948,734736
2018-05-08_14-42-19.245093313,1525783339.246504252,2018-05-08_14-42-19.249608029,1525783339.250957842,1.92,1.97,1.93,6698183932,5088312000437,11729437,19304184,30794231,37958585,11817291,9974949,11766859,12047310,139278,0,461559,5049783,6075,0,133153,0,135315,0,32805052,29635096,30061252,948,734736
2018-05-08_14-42-49.285135378,1525783369.287022678,2018-05-08_14-42-49.290353920,1525783369.291715412,1.83,1.94,1.92,6750001218,5130346586585,11729437,19486545,31045883,37963543,11817291,10673280,11766859,12047310,140380,0,465486,5067307,6076,0,134329,0,136408,0,32805052,29622340,30047940,948,734744
2018-05-08_14-43-19.327157662,1525783399.328741582,2018-05-08_14-43-19.332527490,1525783399.333972328,1.82,1.93,1.92,6803413832,5171745117303,11729437,19534041,31394914,38000348,11817291,10675980,12480657,12047310,141466,0,469408,5084841,6077,0,135340,0,137483,0,32805052,29621492,30047744,948,734748
2018-05-08_14-43-49.372571297,1525783429.373982046,2018-05-08_14-43-49.377086605,1525783429.378436234,1.89,1.94,1.92,6855500110,5215600436735,11729471,19569300,32160083,38370561,11817291,10675980,12483972,12047310,142627,0,473382,5102433,6078,0,136353,0,138639,0,32805052,29622440,30048980,948,734748
2018-05-08_14-44-19.412641546,1525783459.414181957,2018-05-08_14-44-19.417571320,1525783459.419133816,1.82,1.91,1.92,6922265364,5255644810159,11729514,19581383,32187025,38753287,12747749,10675980,12483972,12047310,143707,0,477201,5119898,6082,0,137429,0,139709,0,32805052,29622972,30048936,948,734748
2018-05-08_14-44-49.456556486,1525783489.457980496,2018-05-08_14-44-49.461091460,1525783489.462445834,1.96,1.93,1.93,6966499290,5299816168609,12396967,19588413,32196898,39205771,12753141,10675980,12483972,12047310,144960,0,480660,5137836,6086,0,138760,0,140953,0,32805052,29621792,30048020,948,734752
2018-05-08_14-45-19.496629284,1525783519.498140836,2018-05-08_14-45-19.501482741,1525783519.503029964,1.90,1.92,1.92,7015353504,5342428025153,12401980,19617715,32211794,39604655,12753141,10675980,12483972,12719063,146072,0,484595,5155375,6095,0,139875,0,142059,0,32805052,29622216,30048184,948,734752
2018-05-08_14-45-49.539401781,1525783549.540814160,2018-05-08_14-45-49.543910402,1525783549.545252765,1.73,1.88,1.91,7067243750,5387167842905,12401980,20046800,32248794,40340928,12753141,10675980,12483972,12724234,147236,0,488556,5172962,6102,0,140838,0,143215,0,32805052,29635504,30061756,948,734748
2018-05-08_14-46-19.579477155,1525783579.580919430,2018-05-08_14-46-19.584067547,1525783579.585542666,1.78,1.88,1.91,7122999532,5429078452001,12401981,20063910,32267915,40747034,12753141,11470588,12483972,12724234,148325,0,492518,5190432,6105,0,142016,0,144296,0,32805052,29635464,30061428,948,734748
2018-05-08_14-46-49.620957849,1525783609.622370852,2018-05-08_14-46-49.625463830,1525783609.626805174,1.87,1.89,1.91,7185429042,5471512724447,12401981,21024560,32276088,41089806,12753141,11478895,12483972,12724234,149479,0,496444,5208038,6105,0,143100,0,145444,0,32805052,29634648,30060940,948,734752
2018-05-08_14-47-19.661295604,1525783639.663065342,2018-05-08_14-47-19.667027302,1525783639.668643364,1.92,1.90,1.91,7242835320,5512810901737,12401981,21037906,32279115,41509501,12753141,11478895,13222896,12724234,150566,0,500366,5225528,6105,0,144566,0,146522,0,32805052,29634552,30061096,948,734752
2018-05-08_14-47-49.710035901,1525783669.711455133,2018-05-08_14-47-49.714547450,1525783669.715891895,1.88,1.89,1.91,7297221630,5555597210699,12401983,21368886,33102713,41521046,12753141,11478895,13231566,12724234,151700,0,504307,5243194,6105,0,145533,0,147651,0,32805052,29635512,30061768,948,734752
2018-05-08_14-48-19.749989905,1525783699.751556500,2018-05-08_14-48-19.755444503,1525783699.756949775,2.00,1.92,1.92,7360806596,5595884984923,12401986,21530620,33366502,41528046,13616627,11478895,13231566,12724234,152822,0,508195,5260654,6106,0,146501,0,148766,0,32805052,29634480,30060736,948,734752
2018-05-08_14-48-49.794372171,1525783729.795786838,2018-05-08_14-48-49.798869101,1525783729.800219255,1.95,1.91,1.92,7422912336,5639088164675,13287434,21631078,33696516,41558203,13627581,11478895,13231566,12724234,154158,0,511432,5278610,6106,0,147973,0,150093,0,32805052,29635480,30061448,948,734752
2018-05-08_14-49-19.834623740,1525783759.836224546,2018-05-08_14-49-19.839600701,1525783759.841048349,1.91,1.90,1.91,7475764374,5680874899367,13299685,21997491,33730161,41595282,13627581,11478895,13231566,13420586,155227,0,515355,5296157,6107,0,148988,0,151155,0,32805052,29634228,30060484,948,734752
2018-05-08_14-49-49.881400762,1525783789.882891860,2018-05-08_14-49-49.886009911,1525783789.887365035,1.95,1.91,1.92,7532373340,5725836223185,13299687,22212040,33991183,42360013,13627581,11478895,13231566,13430426,156383,0,519337,5313722,6112,0,149952,0,152304,0,32805052,29634856,30061052,948,734752
2018-05-08_14-50-19.921470019,1525783819.922901335,2018-05-08_14-50-19.926052847,1525783819.927451408,1.80,1.89,1.91,7592175208,5767086360393,13299855,22467853,34159884,42378176,13627581,12309129,13231566,13430426,157503,0,523285,5331155,6114,0,150951,0,153415,0,32805052,29635668,30061288,948,734760
2018-05-08_14-50-49.962465772,1525783849.963875818,2018-05-08_14-50-49.966981757,1525783849.968335951,1.88,1.90,1.91,7635506158,5808659145815,13299855,23429488,34181534,42387526,13627581,12321991,13231566,13430426,158540,0,527248,5349091,6117,0,151994,0,154442,0,32805052,29622204,30048500,948,734776
2018-05-08_14-51-20.002676538,1525783880.004108751,2018-05-08_14-51-20.007211761,1525783880.008556272,1.93,1.91,1.91,7695745780,5853252840917,13299855,23485823,34584992,43275088,13627581,12321991,13231566,13430426,159730,0,531157,5366675,6120,0,152964,0,155624,0,32805052,29621680,30048280,948,734776
2018-05-08_14-51-50.042866883,1525783910.044366868,2018-05-08_14-51-50.047736927,1525783910.049155369,2.09,1.95,1.93,7755264506,5894598263085,13299855,23714648,34598551,43479826,13627581,12321991,13231566,14252471,160831,0,535088,5384139,6121,0,153951,0,156717,0,32805052,29622840,30048504,948,734776
2018-05-08_14-52-20.085544897,1525783940.086969674,2018-05-08_14-52-20.090090013,1525783940.091430632,1.99,1.94,1.93,7813596608,5937334078203,13299855,24590712,34610328,43753807,13627581,12321991,13231566,14267017,161933,0,539031,5401844,6123,0,155063,0,157812,0,32805052,29622416,30048892,948,734780
2018-05-08_14-52-50.125556097,1525783970.126980829,2018-05-08_14-52-50.130167341,1525783970.131523643,2.07,1.96,1.93,7864020870,5979982686037,13299855,24782797,34629442,43995994,13627581,12998929,13231566,14267017,163048,0,542951,5419375,6125,0,156179,0,158917,0,32805052,29620528,30047136,948,734784
2018-05-08_14-53-20.166416335,1525784000.167822553,2018-05-08_14-53-20.170927160,1525784000.172267958,2.04,1.96,1.94,7926297164,6023164115793,13299894,25036015,35531432,44168673,13627581,13012148,13231566,14267017,164208,0,546936,5436890,6126,0,157138,0,160070,0,32805052,29622856,30048564,948,734784
2018-05-08_14-53-50.206770712,1525784030.208528630,2018-05-08_14-53-50.212101667,1525784030.213691617,1.97,1.95,1.93,7988142162,6063917860273,13299894,25146238,35563987,44473317,13627581,13012148,14098436,14267017,165257,0,550878,5454325,6127,0,158239,0,161111,0,32805052,29634316,30060636,948,734780
2018-05-08_14-54-20.253752656,1525784060.255295288,2018-05-08_14-54-20.258425250,1525784060.259777827,1.98,1.96,1.94,8041749656,6107563075487,14010002,25434955,35576203,44639313,13627581,13012148,14116041,14267017,166510,0,554231,5472293,6129,0,159665,0,162359,0,32805052,29634248,30060344,948,734780
2018-05-08_14-54-50.293884862,1525784090.295475469,2018-05-08_14-54-50.298719065,1525784090.300137942,1.92,1.94,1.94,8089198174,6150078891237,14025796,25484665,35633553,44970553,14279567,13012148,14116041,14267017,167603,0,558188,5489861,6132,0,160717,0,163443,0,32805052,29634156,30060768,948,734784
2018-05-08_14-55-20.336975535,1525784120.338393146,2018-05-08_14-55-20.341536806,1525784120.342879271,1.95,1.95,1.94,8152066020,6194342296531,14025796,25546180,35983627,45908232,14293210,13012148,14116041,14267017,168813,0,562074,5507455,6134,0,161668,0,164647,0,32805052,29635216,30061180,948,734784
2018-05-08_14-55-50.377236144,1525784150.378900205,2018-05-08_14-55-50.382423440,1525784150.383934226,1.91,1.94,1.94,8216486890,6235268085101,14025796,25556510,36209898,46121708,14293210,13012148,14116041,15118142,169930,0,565989,5524884,6136,0,162969,0,165756,0,32805052,29634664,30061276,948,734784
2018-05-08_14-56-20.421077292,1525784180.422496198,2018-05-08_14-56-20.425601674,1525784180.426951095,1.93,1.94,1.94,8268636912,6279518944049,14025796,26276883,36469291,46308579,14293210,13012148,14116041,15138687,171035,0,570038,5542446,6137,0,163894,0,166854,0,32805052,29635284,30061608,948,734784
2018-05-08_14-56-50.460956256,1525784210.462395541,2018-05-08_14-56-50.465526550,1525784210.466895680,1.82,1.92,1.93,8320353590,6321911114129,14025796,26307547,36610089,46594193,14293210,13695392,14116041,15138687,172144,0,573968,5559961,6137,0,164958,0,167955,0,32805052,29634932,30061256,948,734784
2018-05-08_14-57-20.501876309,1525784240.503293361,2018-05-08_14-57-20.506402820,1525784240.507740545,1.82,1.91,1.93,8389646332,6364420474341,14025796,26444846,37638498,46829473,14293210,13713149,14116041,15138687,173304,0,577853,5577508,6137,0,165945,0,169110,0,32805052,29635264,30061292,948,734784
2018-05-08_14-57-50.541889392,1525784270.543505800,2018-05-08_14-57-50.547154738,1525784270.548669411,1.89,1.92,1.93,8449123970,6405185335989,14026722,26463958,37689784,47209475,14293210,13713149,14928741,15138687,174391,0,581785,5594995,6137,0,166918,0,170188,0,32805052,29634460,30061076,948,734784
2018-05-08_14-58-20.589488135,1525784300.590893815,2018-05-08_14-58-20.593992314,1525784300.595346032,1.93,1.93,1.93,8503767368,6449068458881,14742188,26553999,37911011,47366159,14293210,13713149,14951129,15138687,175696,0,585178,5612924,6138,0,168296,0,171488,0,32805052,29634820,30060860,948,734784
2018-05-08_14-58-50.629567945,1525784330.631237968,2018-05-08_14-58-50.634658323,1525784330.636064245,1.91,1.92,1.93,8556507278,6490279433095,14762350,26971164,37925159,47367709,14987738,13713149,14951129,15138687,176781,0,589120,5630436,6141,0,169312,0,172563,0,32805052,29621816,30047580,948,734792
2018-05-08_14-59-20.675405520,1525784360.676898172,2018-05-08_14-59-20.680171433,1525784360.681804767,2.02,1.94,1.94,8608507348,6532426174099,14762350,26983468,37925595,47794875,15007844,13713149,14951129,15818795,177866,0,593064,5647958,6146,0,170663,0,173639,0,32805052,29621744,30048340,948,734796
2018-05-08_14-59-50.721005617,1525784390.722415626,2018-05-08_14-59-50.725507714,1525784390.726844099,2.01,1.95,1.94,8665639834,6574672956155,14762350,26983634,37926348,48872822,15007844,13713149,14951129,15838703,178976,0,596876,5665904,6146,0,171783,0,174741,0,32805052,29621520,30047468,948,734796
2018-05-08_15-00-20.761014545,1525784420.762531099,2018-05-08_15-00-20.765972193,1525784420.767409348,2.01,1.96,1.95,8725516256,6616131416709,14762383,27129139,37928657,49178690,15007844,14533837,14951129,15838703,180100,0,600799,5683362,6149,0,172793,0,175856,0,32805052,29620436,30046752,948,734812
2018-05-08_15-00-50.806107883,1525784450.807527453,2018-05-08_15-00-50.810626475,1525784450.811963837,1.86,1.93,1.94,8781630438,6656058756947,14762383,28231671,37941565,49193093,15007844,14559264,14951129,15838703,181165,0,604709,5701305,6152,0,173869,0,176911,0,32805052,29621320,30047652,948,734820
2018-05-08_15-01-20.846135114,1525784480.847724038,2018-05-08_15-01-20.851355349,1525784480.852849943,1.92,1.93,1.94,8834228850,6697352931221,14762439,28421897,37944273,49457318,15007844,14559264,15645706,15838703,182242,0,608674,5718813,6154,0,175035,0,177978,0,32805052,29621924,30048256,948,734820
2018-05-08_15-01-50.892793247,1525784510.894201776,2018-05-08_15-01-50.897295914,1525784510.898642359,2.02,1.96,1.95,8891221688,6741876687603,14762440,28428585,38698875,49905282,15007844,14559264,15667997,15838703,183382,0,612659,5736342,6157,0,176088,0,179111,0,32805052,29634108,30060732,948,734820
2018-05-08_15-02-20.932858633,1525784540.934413034,2018-05-08_15-02-20.937740689,1525784540.939198926,1.96,1.94,1.95,8950394814,6783046392723,14762441,28456985,38731561,50297539,15814637,14559264,15667997,15838703,184466,0,616649,5753766,6160,0,177436,0,180188,0,32805052,29635428,30061148,948,734820
2018-05-08_15-02-50.975477823,1525784570.976997743,2018-05-08_15-02-50.980273491,1525784570.981689936,1.97,1.95,1.95,9017666244,6825868239945,15679302,28869685,38756182,50316200,15841905,14559264,15667997,15838703,185785,0,619893,5771695,6161,0,178945,0,181500,0,32805052,29634320,30060916,948,734820
2018-05-08_15-03-21.016063381,1525784601.017627185,2018-05-08_15-03-21.021186662,1525784601.022675035,1.76,1.91,1.94,9068064010,6868268055783,15712256,28892215,38841430,50650717,15841905,14559264,15667997,16495881,186881,0,623821,5789253,6166,0,179921,0,182590,0,32805052,29635076,30061072,948,734824
2018-05-08_15-03-51.061542394,1525784631.062958243,2018-05-08_15-03-51.066072397,1525784631.067411963,1.91,1.93,1.95,9121910800,6910702611111,15712257,28901001,38860604,51684087,15841905,14559264,15667997,16518954,188003,0,627680,5807154,6171,0,181016,0,183704,0,32805052,29635532,30061664,948,734824
2018-05-08_15-04-21.101538049,1525784661.103021725,2018-05-08_15-04-21.106419254,1525784661.107810630,1.95,1.94,1.95,9168499670,6953722063543,15712257,28908473,38955071,52055217,15841905,15231049,15667997,16518954,189082,0,631647,5824739,6172,0,182274,0,184778,0,32805052,29633568,30059596,948,734824
2018-05-08_15-04-51.146133816,1525784691.147550744,2018-05-08_15-04-51.150636710,1525784691.151971508,1.97,1.94,1.95,9224397404,6997772507455,15712257,29725333,38981029,52469617,15841905,15254559,15667997,16518954,190230,0,635637,5842301,6172,0,183213,0,185918,0,32805052,29633892,30059944,948,734824
2018-05-08_15-05-21.186170017,1525784721.187744322,2018-05-08_15-05-21.191224156,1525784721.192824815,1.91,1.93,1.95,9275183330,7039813357653,15712257,29846982,39302347,52495344,15841905,15254559,16336509,16518954,191317,0,639577,5859847,6173,0,184235,0,186997,0,32805052,29634560,30061188,948,734824
2018-05-08_15-05-51.232316430,1525784751.233732408,2018-05-08_15-05-51.236838090,1525784751.238179981,1.86,1.92,1.95,9326008552,7083438547139,15712260,30196561,40075018,52499470,15841905,15254559,16362486,16518954,192463,0,643518,5877511,6173,0,185257,0,188136,0,32805052,29634748,30060576,948,734824
2018-05-08_15-06-21.272798613,1525784781.274582619,2018-05-08_15-06-21.278176079,1525784781.279857502,2.04,1.96,1.96,9390254638,7123500434541,15712260,30531982,40182098,52504847,16717423,15254559,16362486,16518954,193545,0,647370,5894993,6174,0,186365,0,189210,0,32805052,29632832,30059084,948,734824
2018-05-08_15-06-51.321112669,1525784811.322525442,2018-05-08_15-06-51.325621071,1525784811.326963683,1.97,1.95,1.95,9452762612,7166506535015,16556734,30809424,40360436,52510215,16752118,15254559,16362486,16518954,194853,0,650666,5912938,6175,0,187819,0,190509,0,32805052,29621428,30047996,948,734832
2018-05-08_15-07-21.361151634,1525784841.362673974,2018-05-08_15-07-21.365967626,1525784841.367400981,1.98,1.95,1.95,9512686528,7207934452905,16591867,30993883,40464688,52658241,16752118,16063991,16362486,16518954,195982,0,654562,5930400,6175,0,189071,0,191630,0,32805052,29633656,30059744,948,734836
2018-05-08_15-07-51.405255078,1525784871.406672516,2018-05-08_15-07-51.409769968,1525784871.411113031,2.07,1.97,1.96,9581739654,7250965356193,16591867,31977342,40499339,53032180,16752118,16097857,16362486,16518954,197148,0,658494,5947897,6180,0,190113,0,192787,0,32805052,29621520,30047736,948,734840
2018-05-08_15-08-21.445704211,1525784901.447282993,2018-05-08_15-08-21.450626456,1525784901.452045192,2.04,1.98,1.96,9634165836,7293028903715,16591884,32083849,40850930,53060337,16752118,16097857,16362486,17188911,198242,0,662421,5965419,6185,0,191106,0,193872,0,32805052,29621472,30047752,948,734840
2018-05-08_15-08-51.488688878,1525784931.490432028,2018-05-08_15-08-51.494288856,1525784931.495894026,1.95,1.96,1.95,9697691666,7335159109885,16591884,32122847,40948314,54059998,16752118,16097857,16362486,17218486,199367,0,666285,5983264,6186,0,192176,0,194990,0,32805052,29620564,30046628,948,734844
