StartTime,StartEpoch,EndTime,EndEpoch,CPULoad1m,CPULoad5m,CPULoad5m,NetDevRX,NetDevTX,IRQens2-0,IRQens2-1,IRQens2-2,IRQens2-3,IRQens2-4,IRQens2-5,IRQens2-6,IRQens2-7,user,nice,system,idle,iowait,irq,so
ftirq,steal,guest,guest_nice,MemTotal,MemFree,MemAvailable,Buffers,Cached
2018-05-01_15-27-13.122473068,1525181233.124013301,2018-05-01_15-27-13.127289381,1525181233.128752566,0.04,0.05,0.05,567877761223614,248264958608,845421191,1226506899,1074269059,1048710133,0,0,0,0,356637,24,11265154,250386280,3212,0,7260475,0,0,0,32805052,31669560,31594004,948,286092
2018-05-01_15-27-43.164673242,1525181263.166220982,2018-05-01_15-27-43.169534696,1525181263.171024409,0.02,0.04,0.05,567877761225622,248264959752,845421192,1226506910,1074269060,1048710133,0,0,0,0,356662,24,11265158,250410281,3212,0,7260475,0,0,0,32805052,31669480,31593124,948,286092
2018-05-01_15-28-13.207112969,1525181293.208647824,2018-05-01_15-28-13.211951106,1525181293.213432501,0.01,0.04,0.05,567877761226946,248264960896,845421193,1226506910,1074269060,1048710156,0,0,0,0,356687,24,11265164,250434282,3212,0,7260475,0,0,0,32805052,31668112,31592012,948,286084
2018-05-01_15-28-43.249582692,1525181323.251093944,2018-05-01_15-28-43.254389212,1525181323.255904062,0.01,0.04,0.05,567877761228270,248264962040,845421194,1226506910,1074269082,1048710157,0,0,0,0,356712,24,11265168,250458284,3212,0,7260475,0,0,0,32805052,31668316,31592496,948,286084
2018-05-01_15-29-13.292001833,1525181353.293571199,2018-05-01_15-29-13.296958063,1525181353.298476178,0.01,0.03,0.05,567877761229594,248264963184,845421205,1226506910,1074269082,1048710157,0,0,0,0,356737,24,11265173,250482285,3212,0,7260475,0,0,0,32805052,31667864,31592024,948,286084
2018-05-01_15-29-43.334823027,1525181383.336227916,2018-05-01_15-29-43.339207487,1525181383.340521050,0.00,0.03,0.05,567877761230576,248264964046,845421206,1226506910,1074269100,1048710157,0,0,0,0,356755,24,11265176,250506292,3212,0,7260475,0,0,0,32805052,31669636,31593556,948,286084
2018-05-01_15-30-13.373309818,1525181413.374836540,2018-05-01_15-30-13.378173113,1525181413.379664303,0.00,0.03,0.05,567877761230918,248264964328,845421206,1226506910,1074269105,1048710157,0,0,0,0,356766,24,11265184,250530304,3212,0,7260475,0,0,0,32805052,31655012,31578820,948,286096
2018-05-01_15-30-43.416406282,1525181443.417957107,2018-05-01_15-30-43.421360372,1525181443.422858608,0.00,0.02,0.05,567877761232242,248264965472,845421217,1226506910,1074269105,1048710157,0,0,0,0,356793,24,11265189,250554302,3212,0,7260475,0,0,0,32805052,31656596,31580788,948,286100
2018-05-01_15-31-13.459163228,1525181473.460689786,2018-05-01_15-31-13.463966159,1525181473.465444999,0.00,0.02,0.05,567877761233566,248264966616,845421219,1226506919,1074269105,1048710157,0,0,0,0,356819,24,11265193,250578303,3212,0,7260475,0,0,0,32805052,31657516,31581428,948,286100
2018-05-01_15-31-43.502106748,1525181503.503666271,2018-05-01_15-31-43.507041903,1525181503.508556581,0.00,0.02,0.05,567877761234890,248264967760,845421221,1226506919,1074269105,1048710180,0,0,0,0,356846,24,11265198,250602301,3212,0,7260475,0,0,0,32805052,31657780,31581676,948,286100
2018-05-01_15-32-13.545099104,1525181533.546648858,2018-05-01_15-32-13.550052834,1525181533.551555734,0.00,0.02,0.05,567877761236214,248264968904,845421245,1226506920,1074269105,1048710180,0,0,0,0,356873,24,11265206,250626298,3212,0,7260475,0,0,0,32805052,31657408,31580784,948,286104
2018-05-01_15-32-43.588026834,1525181563.589583160,2018-05-01_15-32-43.592957562,1525181563.594460732,0.00,0.01,0.05,567877761237538,248264970048,845421246,1226506920,1074269114,1048710181,0,0,0,0,356898,24,11265210,250650300,3212,0,7260475,0,0,0,32805052,31657488,31581672,948,286104
2018-05-01_15-33-13.630843995,1525181593.632405965,2018-05-01_15-33-13.635842657,1525181593.637348148,0.00,0.01,0.05,567877761240230,248264971192,845421248,1226506924,1074269114,1048710190,0,0,0,0,356924,24,11265215,250674300,3212,0,7260475,0,0,0,32805052,31669864,31593500,948,286096
2018-05-01_15-33-43.673549700,1525181623.675086682,2018-05-01_15-33-43.678366053,1525181623.679873877,0.00,0.01,0.05,567877761242922,248264972336,845421249,1226506951,1074269115,1048710190,0,0,0,0,356948,24,11265219,250698303,3212,0,7260475,0,0,0,32805052,31669548,31593220,948,286096
2018-05-01_15-34-13.715850912,1525181653.717402268,2018-05-01_15-34-13.720711573,1525181653.722203114,0.00,0.01,0.05,567877761244930,248264973480,845421251,1226506953,1074269115,1048710198,0,0,0,0,356974,24,11265223,250722304,3212,0,7260475,0,0,0,32805052,31668632,31592760,948,286100
2018-05-01_15-34-43.758211175,1525181683.759726729,2018-05-01_15-34-43.763018692,1525181683.764661889,0.00,0.01,0.05,567877761247622,248264974624,845421252,1226506980,1074269116,1048710198,0,0,0,0,356999,24,11265227,250746306,3212,0,7260475,0,0,0,32805052,31668404,31592008,948,286100
2018-05-01_15-35-13.801295601,1525181713.802914859,2018-05-01_15-35-13.806231956,1525181713.807746168,0.00,0.01,0.05,567877761249972,248264975768,845421277,1226506983,1074269116,1048710198,0,0,0,0,357025,24,11265231,250770308,3212,0,7260475,0,0,0,32805052,31668276,31592216,948,286100
2018-05-01_15-35-43.844105955,1525181743.845648465,2018-05-01_15-35-43.848990248,1525181743.850465816,0.00,0.01,0.05,567877761251980,248264976912,845421278,1226506985,1074269126,1048710198,0,0,0,0,357050,24,11265234,250794311,3212,0,7260475,0,0,0,32805052,31668908,31592792,948,286100
2018-05-01_15-36-13.886776048,1525181773.888319112,2018-05-01_15-36-13.891687813,1525181773.893188178,0.05,0.03,0.05,567877761253304,248264978056,845421280,1226506985,1074269126,1048710207,0,0,0,0,357076,24,11265239,250818312,3212,0,7260475,0,0,0,32805052,31667804,31591720,948,286100
2018-05-01_15-36-43.929936452,1525181803.931512180,2018-05-01_15-36-43.934802526,1525181803.936273389,0.03,0.03,0.05,567877761254628,248264979200,845421281,1226507008,1074269126,1048710207,0,0,0,0,357102,24,11265243,250842315,3212,0,7260475,0,0,0,32805052,31668668,31592564,948,286100
2018-05-01_15-37-13.972262293,1525181833.973799718,2018-05-01_15-37-13.977121861,1525181833.978621698,0.02,0.02,0.05,567877761255952,248264980344,845421305,1226507008,1074269126,1048710207,0,0,0,0,357127,24,11265246,250866316,3212,0,7260475,0,0,0,32805052,31668556,31592492,948,286100
2018-05-01_15-37-44.015254926,1525181864.016819981,2018-05-01_15-37-44.020160381,1525181864.021659136,0.01,0.02,0.05,567877761257276,248264981488,845421306,1226507008,1074269136,1048710207,0,0,0,0,357154,24,11265249,250890319,3212,0,7260475,0,0,0,32805052,31668560,31592232,948,286100
2018-05-01_15-38-14.057950175,1525181894.059518472,2018-05-01_15-38-14.062872885,1525181894.064387649,0.01,0.02,0.05,567877761258600,248264982632,845421330,1226507008,1074269136,1048710207,0,0,0,0,357181,24,11265256,250914316,3212,0,7260475,0,0,0,32805052,31656736,31580852,948,286112
2018-05-01_15-38-44.100814774,1525181924.102366567,2018-05-01_15-38-44.105749773,1525181924.107255874,0.00,0.01,0.05,567877761259924,248264983776,845421331,1226507008,1074269145,1048710208,0,0,0,0,357208,24,11265262,250938314,3212,0,7260475,0,0,0,32805052,31656632,31580272,948,286112
2018-05-01_15-39-14.143535905,1525181954.145099750,2018-05-01_15-39-14.148484506,1525181954.149989613,0.00,0.01,0.05,567877761261248,248264984920,845421332,1226507008,1074269145,1048710218,0,0,0,0,357234,24,11265267,250962315,3212,0,7260475,0,0,0,32805052,31657072,31581200,948,286112
2018-05-01_15-39-44.186360900,1525181984.187990042,2018-05-01_15-39-44.191389956,1525181984.192903413,0.00,0.01,0.05,567877761262572,248264986064,845421333,1226507030,1074269146,1048710218,0,0,0,0,357261,24,11265273,250986314,3212,0,7260475,0,0,0,32805052,31657016,31580696,948,286116
2018-05-01_15-40-14.229403110,1525182014.230998423,2018-05-01_15-40-14.234371733,1525182014.235870780,0.00,0.01,0.05,567877761263896,248264987208,845421335,1226507030,1074269146,1048710241,0,0,0,0,357288,24,11265281,251010308,3212,0,7260475,0,0,0,32805052,31656280,31580176,948,286132
2018-05-01_15-40-44.272339170,1525182044.273965414,2018-05-01_15-40-44.277362608,1525182044.278880892,0.00,0.01,0.05,567877761265562,248264988352,845421336,1226507041,1074269146,1048710241,0,0,0,0,357313,24,11265286,251034311,3212,0,7260475,0,0,0,32805052,31657428,31581064,948,286132
2018-05-01_15-41-14.315298870,1525182074.316919303,2018-05-01_15-41-14.320281552,1525182074.321789755,0.00,0.01,0.05,567877761267570,248264989496,845421347,1226507043,1074269146,1048710241,0,0,0,0,357340,24,11265290,251058311,3212,0,7260475,0,0,0,32805052,31669872,31594340,948,286128
2018-05-01_15-41-44.358332925,1525182104.359925654,2018-05-01_15-41-44.363423676,1525182104.364923500,0.00,0.01,0.05,567877761269920,248264990640,845421348,1226507046,1074269169,1048710242,0,0,0,0,357375,24,11265296,251082301,3212,0,7260475,0,0,0,32805052,31670516,31594724,948,286128
2018-05-01_15-42-14.401319849,1525182134.402911196,2018-05-01_15-42-14.406221895,1525182134.407711723,0.00,0.01,0.05,567877761272612,248264991784,845421359,1226507050,1074269169,1048710242,0,0,0,0,357400,24,11265300,251106303,3212,0,7260475,0,0,0,32805052,31669408,31593880,948,286128
2018-05-01_15-42-44.444185593,1525182164.445756714,2018-05-01_15-42-44.449120279,1525182164.450650421,0.00,0.01,0.05,567877761274620,248264992928,845421360,1226507052,1074269192,1048710242,0,0,0,0,357425,24,11265304,251130306,3212,0,7260475,0,0,0,32805052,31669704,31593832,948,286128
2018-05-01_15-43-14.486861865,1525182194.488398835,2018-05-01_15-43-14.491814340,1525182194.493293949,0.00,0.01,0.05,567877761276970,248264994072,845421362,1226507055,1074269192,1048710265,0,0,0,0,357450,24,11265309,251154307,3212,0,7260475,0,0,0,32805052,31669332,31592892,948,286128
2018-05-01_15-43-44.529684723,1525182224.531216544,2018-05-01_15-43-44.534525388,1525182224.536032859,0.00,0.01,0.05,567877761278978,248264995216,845421363,1226507066,1074269193,1048710265,0,0,0,0,357475,24,11265313,251178310,3212,0,7260475,0,0,0,32805052,31668996,31592908,948,286128
2018-05-01_15-44-14.572148841,1525182254.573678220,2018-05-01_15-44-14.576951517,1525182254.578480247,0.05,0.03,0.05,567877761280302,248264996360,845421373,1226507066,1074269193,1048710265,0,0,0,0,357500,24,11265317,251202311,3212,0,7260475,0,0,0,32805052,31668100,31592048,948,286128
2018-05-01_15-44-44.614859204,1525182284.616424689,2018-05-01_15-44-44.619759091,1525182284.621258951,0.09,0.04,0.05,567877761281626,248264997504,845421374,1226507066,1074269216,1048710266,0,0,0,0,357525,24,11265321,251226313,3212,0,7260475,0,0,0,32805052,31667616,31591828,948,286128
2018-05-01_15-45-14.657311101,1525182314.658826868,2018-05-01_15-45-14.662095995,1525182314.663584342,0.05,0.04,0.05,567877761282950,248264998648,845421376,1226507066,1074269216,1048710288,0,0,0,0,357551,24,11265326,251250315,3212,0,7260475,0,0,0,32805052,31667500,31591692,948,286128
2018-05-01_15-45-44.700231452,1525182344.701844986,2018-05-01_15-45-44.705208136,1525182344.706725018,0.10,0.05,0.05,567877761284274,248264999792,845421377,1226507075,1074269217,1048710288,0,0,0,0,357575,24,11265330,251274318,3212,0,7260475,0,0,0,32805052,31667632,31591560,948,286128
2018-05-01_15-46-14.743128905,1525182374.744742290,2018-05-01_15-46-14.748113068,1525182374.749623201,0.06,0.05,0.05,567877761285598,248265000936,845421379,1226507075,1074269217,1048710311,0,0,0,0,357603,24,11265336,251298315,3212,0,7260475,0,0,0,32805052,31655600,31579268,948,286136
2018-05-01_15-46-44.786483143,1525182404.788142432,2018-05-01_15-46-44.791688109,1525182404.793229428,0.04,0.04,0.05,567877761286922,248265002080,845421380,1226507085,1074269217,1048710311,0,0,0,0,357630,24,11265342,251322314,3212,0,7260475,0,0,0,32805052,31655376,31579200,948,286140
2018-05-01_15-47-14.829651618,1525182434.831210845,2018-05-01_15-47-14.834548844,1525182434.836060340,0.10,0.05,0.05,567877761288246,248265003224,845421391,1226507085,1074269217,1048710311,0,0,0,0,357655,24,11265346,251346315,3212,0,7260475,0,0,0,32805052,31655824,31579780,948,286140
2018-05-01_15-47-44.872370876,1525182464.874025182,2018-05-01_15-47-44.877417846,1525182464.878913161,0.06,0.05,0.05,567877761289570,248265004368,845421392,1226507085,1074269240,1048710311,0,0,0,0,357683,24,11265352,251370313,3212,0,7260475,0,0,0,32805052,31657088,31580784,948,286144
2018-05-01_15-48-14.915412881,1525182494.917163848,2018-05-01_15-48-14.920710989,1525182494.922239611,0.04,0.04,0.05,567877761290894,248265005512,845421392,1226507095,1074269241,1048710311,0,0,0,0,357710,24,11265359,251394310,3212,0,7260475,0,0,0,32805052,31656624,31580268,948,286144
2018-05-01_15-48-44.958705285,1525182524.960253726,2018-05-01_15-48-44.963608484,1525182524.965117407,0.02,0.04,0.05,567877761292560,248265006656,845421394,1226507096,1074269241,1048710334,0,0,0,0,357735,24,11265362,251418313,3212,0,7260475,0,0,0,32805052,31656928,31581360,948,286148
2018-05-01_15-49-15.001333478,1525182555.002967902,2018-05-01_15-49-15.006406537,1525182555.007922248,0.01,0.04,0.05,567877761294568,248265007800,845421395,1226507098,1074269262,1048710334,0,0,0,0,357761,24,11265367,251442313,3212,0,7260475,0,0,0,32805052,31670540,31594352,948,286144
2018-05-01_15-49-45.044362854,1525182585.046011533,2018-05-01_15-49-45.049317921,1525182585.050832264,0.01,0.03,0.05,567877761297602,248265008944,845421406,1226507103,1074269262,1048710334,0,0,0,0,357787,24,11265370,251466315,3212,0,7260475,0,0,0,32805052,31669984,31593892,948,286144
2018-05-01_15-50-15.087104075,1525182615.088679018,2018-05-01_15-50-15.092065958,1525182615.093588851,0.00,0.03,0.05,567877761299952,248265010088,845421406,1226507106,1074269287,1048710334,0,0,0,0,357814,24,11265375,251490313,3213,0,7260475,0,0,0,32805052,31670408,31593492,948,286152
2018-05-01_15-50-45.130004320,1525182645.131549139,2018-05-01_15-50-45.134899079,1525182645.136392706,0.00,0.03,0.05,567877761301960,248265011232,845421417,1226507108,1074269287,1048710334,0,0,0,0,357840,24,11265377,251514316,3213,0,7260475,0,0,0,32805052,31670128,31593536,948,286152
2018-05-01_15-51-15.172719889,1525182675.174304792,2018-05-01_15-51-15.177631710,1525182675.179150140,0.00,0.03,0.05,567877761304310,248265012376,845421419,1226507120,1074269287,1048710334,0,0,0,0,357865,24,11265383,251538317,3213,0,7260475,0,0,0,32805052,31669756,31593624,948,286152
2018-05-01_15-51-45.215337478,1525182705.216941491,2018-05-01_15-51-45.220258172,1525182705.221769347,0.00,0.02,0.05,567877761306318,248265013520,845421420,1226507122,1074269287,1048710357,0,0,0,0,357891,24,11265386,251562319,3213,0,7260475,0,0,0,32805052,31670272,31594240,948,286152
2018-05-01_15-52-15.258023748,1525182735.259588027,2018-05-01_15-52-15.262910533,1525182735.264406935,0.00,0.02,0.05,567877761307642,248265014664,845421421,1226507122,1074269309,1048710358,0,0,0,0,357915,24,11265391,251586321,3213,0,7260475,0,0,0,32805052,31670232,31593908,948,286152
2018-05-01_15-52-45.300758072,1525182765.302294863,2018-05-01_15-52-45.305646308,1525182765.307151140,0.00,0.02,0.05,567877761308966,248265015808,845421432,1226507122,1074269309,1048710358,0,0,0,0,357940,24,11265394,251610323,3213,0,7260475,0,0,0,32805052,31670372,31594064,948,286152
2018-05-01_15-53-15.343332438,1525182795.344983555,2018-05-01_15-53-15.348336945,1525182795.349850439,0.00,0.01,0.05,567877761310290,248265016952,845421433,1226507131,1074269310,1048710358,0,0,0,0,357966,24,11265398,251634325,3213,0,7260475,0,0,0,32805052,31669228,31593832,948,286152
2018-05-01_15-53-45.386076261,1525182825.387688531,2018-05-01_15-53-45.391063589,1525182825.392559193,0.06,0.03,0.05,567877761311614,248265018096,845421435,1226507131,1074269310,1048710381,0,0,0,0,357992,24,11265402,251658328,3213,0,7260475,0,0,0,32805052,31669044,31592976,948,286152
2018-05-01_15-54-15.429326604,1525182855.430953951,2018-05-01_15-54-15.434334798,1525182855.435853091,0.04,0.03,0.05,567877761312938,248265019240,845421436,1226507141,1074269310,1048710381,0,0,0,0,358019,24,11265408,251682325,3213,0,7260475,0,0,0,32805052,31656280,31580164,948,286160
2018-05-01_15-54-45.472341799,1525182885.473957085,2018-05-01_15-54-45.477377979,1525182885.478880797,0.02,0.02,0.05,567877761314262,248265020384,845421437,1226507141,1074269310,1048710405,0,0,0,0,358046,24,11265414,251706324,3213,0,7260475,0,0,0,32805052,31655824,31580040,948,286164
2018-05-01_15-55-15.515402650,1525182915.516979544,2018-05-01_15-55-15.520366415,1525182915.521876347,0.01,0.02,0.05,567877761315586,248265021528,845421438,1226507141,1074269332,1048710405,0,0,0,0,358071,24,11265419,251730325,3213,0,7260475,0,0,0,32805052,31656404,31579836,948,286164
2018-05-01_15-55-45.558419893,1525182945.559988832,2018-05-01_15-55-45.563439880,1525182945.564968261,0.01,0.02,0.05,567877761316910,248265022672,845421448,1226507142,1074269332,1048710405,0,0,0,0,358098,24,11265425,251754323,3213,0,7260475,0,0,0,32805052,31656668,31580904,948,286168
2018-05-01_15-56-15.601689595,1525182975.603261622,2018-05-01_15-56-15.606687180,1525182975.608191206,0.01,0.02,0.05,567877761318234,248265023816,845421449,1226507142,1074269342,1048710405,0,0,0,0,358126,24,11265431,251778320,3213,0,7260475,0,0,0,32805052,31656364,31580348,948,286172
2018-05-01_15-56-45.644744398,1525183005.646284873,2018-05-01_15-56-45.649658058,1525183005.651175459,0.00,0.01,0.05,567877761319900,248265024960,845421472,1226507143,1074269342,1048710405,0,0,0,0,358152,24,11265435,251802323,3213,0,7260475,0,0,0,32805052,31656476,31580464,948,286172
2018-05-01_15-57-15.687579311,1525183035.689154426,2018-05-01_15-57-15.692523384,1525183035.694016382,0.00,0.01,0.05,567877761322592,248265026104,845421473,1226507170,1074269343,1048710405,0,0,0,0,358178,24,11265440,251826323,3213,0,7260475,0,0,0,32805052,31669148,31593576,948,286164
2018-05-01_15-57-45.730548028,1525183065.732079571,2018-05-01_15-57-45.735437800,1525183065.736942486,0.00,0.01,0.05,567877761324942,248265027248,845421474,1226507173,1074269343,1048710415,0,0,0,0,358202,24,11265444,251850326,3213,0,7260475,0,0,0,32805052,31669340,31593332,948,286164
2018-05-01_15-58-15.773392557,1525183095.774945619,2018-05-01_15-58-15.778284940,1525183095.779784647,0.00,0.01,0.05,567877761327292,248265028392,845421475,1226507198,1074269343,1048710415,0,0,0,0,358228,24,11265448,251874327,3213,0,7260475,0,0,0,32805052,31667780,31592004,948,286164
2018-05-01_15-58-45.816367204,1525183125.817962202,2018-05-01_15-58-45.821334303,1525183125.822854849,0.00,0.01,0.05,567877761329642,248265029536,845421476,1226507201,1074269343,1048710425,0,0,0,0,358254,24,11265451,251898330,3213,0,7260475,0,0,0,32805052,31668776,31592460,948,286164
2018-05-01_15-59-15.859413301,1525183155.860952097,2018-05-01_15-59-15.864323404,1525183155.865858523,0.00,0.01,0.05,567877761332334,248265030680,845421477,1226507205,1074269352,1048710426,0,0,0,0,358278,24,11265456,251922331,3213,0,7260475,0,0,0,32805052,31668300,31592004,948,286164
2018-05-01_15-59-45.902288381,1525183185.903927919,2018-05-01_15-59-45.907285441,1525183185.908776099,0.00,0.01,0.05,567877761334684,248265031824,845421501,1226507209,1074269352,1048710426,0,0,0,0,358304,24,11265460,251946334,3213,0,7260476,0,0,0,32805052,31667488,31591908,948,286164
2018-05-01_16-00-15.945163153,1525183215.946759940,2018-05-01_16-00-15.950132527,1525183215.951652046,0.00,0.01,0.05,567877761336008,248265032968,845421501,1226507232,1074269353,1048710426,0,0,0,0,358330,24,11265465,251970333,3213,0,7260476,0,0,0,32805052,31667448,31591128,948,286172
2018-05-01_16-00-45.988137893,1525183245.989838689,2018-05-01_16-00-45.993226217,1525183245.994746096,0.00,0.01,0.05,567877761337332,248265034112,845421502,1226507232,1074269353,1048710436,0,0,0,0,358356,24,11265468,251994336,3213,0,7260476,0,0,0,32805052,31668204,31592188,948,286172
2018-05-01_16-01-16.031453630,1525183276.032991360,2018-05-01_16-01-16.036410133,1525183276.037951400,0.00,0.01,0.05,567877761338656,248265035256,845421503,1226507232,1074269363,1048710436,0,0,0,0,358383,24,11265474,252018335,3213,0,7260476,0,0,0,32805052,31667676,31591380,948,286172
2018-05-01_16-01-46.074402793,1525183306.076038081,2018-05-01_16-01-46.079372486,1525183306.080870105,0.00,0.01,0.05,567877761339980,248265036400,845421527,1226507233,1074269363,1048710436,0,0,0,0,358408,24,11265477,252042338,3213,0,7260476,0,0,0,32805052,31667800,31591748,948,286172
2018-05-01_16-02-16.117368706,1525183336.118992650,2018-05-01_16-02-16.122373885,1525183336.123884014,0.07,0.03,0.05,567877761341304,248265037544,845421528,1226507233,1074269373,1048710436,0,0,0,0,358435,24,11265483,252066336,3213,0,7260476,0,0,0,32805052,31655492,31579204,948,286184
2018-05-01_16-02-46.160594091,1525183366.162199056,2018-05-01_16-02-46.165612073,1525183366.167113938,0.04,0.03,0.05,567877761342628,248265038688,845421553,1226507233,1074269373,1048710436,0,0,0,0,358462,24,11265489,252090334,3213,0,7260476,0,0,0,32805052,31656408,31579852,948,286188
2018-05-01_16-03-16.203483771,1525183396.205056427,2018-05-01_16-03-16.208391092,1525183396.209899890,0.03,0.02,0.05,567877761343952,248265039832,845421554,1226507256,1074269374,1048710436,0,0,0,0,358488,24,11265493,252114335,3213,0,7260476,0,0,0,32805052,31654268,31578788,948,286188
2018-05-01_16-03-46.246315456,1525183426.247910871,2018-05-01_16-03-46.251372273,1525183426.252895508,0.02,0.02,0.05,567877761345276,248265040976,845421554,1226507256,1074269374,1048710447,0,0,0,0,358515,24,11265499,252138334,3213,0,7260476,0,0,0,32805052,31656208,31580208,948,286192
2018-05-01_16-04-16.289717174,1525183456.291316033,2018-05-01_16-04-16.294779163,1525183456.296296070,0.01,0.02,0.05,567877761346600,248265042120,845421564,1226507257,1074269374,1048710447,0,0,0,0,358543,24,11265506,252162331,3213,0,7260476,0,0,0,32805052,31652108,31576872,948,286196
2018-05-01_16-04-46.332708379,1525183486.334233570,2018-05-01_16-04-46.337536923,1525183486.339040351,0.01,0.02,0.05,567877761348266,248265043264,845421565,1226507258,1074269396,1048710447,0,0,0,0,358568,24,11265509,252186333,3213,0,7260476,0,0,0,32805052,31651096,31575080,948,286196
2018-05-01_16-05-16.375977430,1525183516.377555741,2018-05-01_16-05-16.380928064,1525183516.382439480,0.00,0.01,0.05,567877761350616,248265044408,845421567,1226507261,1074269396,1048710470,0,0,0,0,358594,24,11265515,252210334,3213,0,7260476,0,0,0,32805052,31667656,31591656,948,286188
2018-05-01_16-05-46.418909881,1525183546.420445657,2018-05-01_16-05-46.423914933,1525183546.425412276,0.00,0.01,0.05,567877761352966,248265045552,845421568,1226507274,1074269396,1048710470,0,0,0,0,358619,24,11265518,252234336,3213,0,7260476,0,0,0,32805052,31666752,31590880,948,286188
2018-05-01_16-06-16.461656750,1525183576.463216559,2018-05-01_16-06-16.466544584,1525183576.468030262,0.00,0.01,0.05,567877761356000,248265046696,845421569,1226507279,1074269396,1048710493,0,0,0,0,358644,24,11265523,252258337,3213,0,7260476,0,0,0,32805052,31667004,31591148,948,286188
2018-05-01_16-06-46.504032496,1525183606.505559651,2018-05-01_16-06-46.508861769,1525183606.510344526,0.00,0.01,0.05,567877761358350,248265047840,845421570,1226507291,1074269397,1048710493,0,0,0,0,358669,24,11265526,252282340,3213,0,7260476,0,0,0,32805052,31667044,31590780,948,286188
2018-05-01_16-07-16.546363710,1525183636.547910469,2018-05-01_16-07-16.551256644,1525183636.552750534,0.00,0.01,0.05,567877761361042,248265048984,845421580,1226507296,1074269397,1048710493,0,0,0,0,358694,24,11265531,252306341,3213,0,7260476,0,0,0,32805052,31666368,31590888,948,286188
2018-05-01_16-07-46.589472833,1525183666.591035460,2018-05-01_16-07-46.594431436,1525183666.595936946,0.00,0.01,0.05,567877761362708,248265050128,845421581,1226507297,1074269419,1048710494,0,0,0,0,358718,24,11265536,252330344,3213,0,7260476,0,0,0,32805052,31664532,31588232,948,286188
2018-05-01_16-08-16.632367388,1525183696.633931082,2018-05-01_16-08-16.637300348,1525183696.638814294,0.05,0.03,0.05,567877761364032,248265051272,845421582,1226507297,1074269419,1048710517,0,0,0,0,358744,24,11265540,252354345,3213,0,7260476,0,0,0,32805052,31665096,31588764,948,286188
2018-05-01_16-08-46.675317281,1525183726.676861717,2018-05-01_16-08-46.680159404,1525183726.681634584,0.03,0.03,0.05,567877761365356,248265052416,845421583,1226507306,1074269420,1048710517,0,0,0,0,358769,24,11265543,252378348,3213,0,7260476,0,0,0,32805052,31665940,31589660,948,286188
2018-05-01_16-09-16.718217125,1525183756.719885785,2018-05-01_16-09-16.723274724,1525183756.724783149,0.02,0.02,0.05,567877761366680,248265053560,845421593,1226507307,1074269420,1048710517,0,0,0,0,358795,24,11265548,252402350,3213,0,7260476,0,0,0,32805052,31665748,31589720,948,286188
2018-05-01_16-09-46.761102375,1525183786.762847488,2018-05-01_16-09-46.766202044,1525183786.767715554,0.01,0.02,0.05,567877761368004,248265054704,845421594,1226507307,1074269443,1048710518,0,0,0,0,358820,24,11265551,252426353,3213,0,7260476,0,0,0,32805052,31666080,31589780,948,286188
2018-05-01_16-10-16.804366610,1525183816.806011395,2018-05-01_16-10-16.809414315,1525183816.811041958,0.01,0.02,0.05,567877761369328,248265055848,845421604,1226507308,1074269443,1048710518,0,0,0,0,358848,24,11265559,252450348,3213,0,7260476,0,0,0,32805052,31652344,31577132,948,286208
2018-05-01_16-10-46.847540514,1525183846.849122468,2018-05-01_16-10-46.852497473,1525183846.854009892,0.00,0.01,0.05,567877761370652,248265056992,845421605,1226507308,1074269465,1048710519,0,0,0,0,358875,24,11265564,252474346,3213,0,7260476,0,0,0,32805052,31652312,31576544,948,286212
2018-05-01_16-11-16.890386118,1525183876.891940673,2018-05-01_16-11-16.895279683,1525183876.896795827,0.08,0.03,0.05,567877761371976,248265058136,845421606,1226507308,1074269465,1048710543,0,0,0,0,358901,24,11265569,252498348,3213,0,7260476,0,0,0,32805052,31653968,31577944,948,286212
2018-05-01_16-11-46.933638675,1525183906.935240527,2018-05-01_16-11-46.938708542,1525183906.940247939,0.05,0.03,0.05,567877761373300,248265059280,845421608,1226507317,1074269465,1048710543,0,0,0,0,358929,24,11265574,252522346,3213,0,7260476,0,0,0,32805052,31654724,31578996,948,286216
2018-05-01_16-12-16.976915193,1525183936.978507398,2018-05-01_16-12-16.981986993,1525183936.983534367,0.03,0.02,0.05,567877761374624,248265060424,845421610,1226507317,1074269465,1048710552,0,0,0,0,358956,24,11265580,252546343,3213,0,7260476,0,0,0,32805052,31655308,31579304,948,286216
2018-05-01_16-12-47.019979281,1525183967.021539044,2018-05-01_16-12-47.024860545,1525183967.026359875,0.02,0.02,0.05,567877761376290,248265061568,845421612,1226507341,1074269465,1048710552,0,0,0,0,358982,24,11265584,252570345,3213,0,7260476,0,0,0,32805052,31654988,31579520,948,286216
2018-05-01_16-13-17.062688233,1525183997.064252527,2018-05-01_16-13-17.067652488,1525183997.069169896,0.01,0.02,0.05,567877761378982,248265062712,845421636,1226507345,1074269465,1048710552,0,0,0,0,359008,24,11265589,252594345,3213,0,7260476,0,0,0,32805052,31668056,31591784,948,286212
2018-05-01_16-13-47.105508954,1525184027.107066477,2018-05-01_16-13-47.110381206,1525184027.111896805,0.01,0.02,0.05,567877761381332,248265063856,845421637,1226507348,1074269475,1048710552,0,0,0,0,359033,24,11265592,252618348,3213,0,7260476,0,0,0,32805052,31668064,31592072,948,286212
2018-05-01_16-14-17.148120086,1525184057.149670122,2018-05-01_16-14-17.153006285,1525184057.154554051,0.00,0.01,0.05,567877761384024,248265065000,845421661,1226507353,1074269475,1048710552,0,0,0,0,359058,24,11265596,252642349,3213,0,7260476,0,0,0,32805052,31667648,31591628,948,286212
2018-05-01_16-14-47.190994894,1525184087.192528607,2018-05-01_16-14-47.195821841,1525184087.197307490,0.00,0.01,0.05,567877761386374,248265066144,845421662,1226507356,1074269484,1048710553,0,0,0,0,359083,24,11265600,252666352,3213,0,7260476,0,0,0,32805052,31667536,31590972,948,286212
2018-05-01_16-15-17.233595414,1525184117.235138557,2018-05-01_16-15-17.238434682,1525184117.239942242,0.00,0.01,0.05,567877761389066,248265067288,845421664,1226507360,1074269484,1048710562,0,0,0,0,359108,24,11265605,252690353,3213,0,7260476,0,0,0,32805052,31667724,31591732,948,286212
2018-05-01_16-15-47.276109017,1525184147.277623635,2018-05-01_16-15-47.280902216,1525184147.282378492,0.00,0.01,0.05,567877761390732,248265068432,845421664,1226507386,1074269484,1048710562,0,0,0,0,359133,24,11265609,252714356,3213,0,7260476,0,0,0,32805052,31666984,31591496,948,286212
2018-05-01_16-16-17.318373727,1525184177.319907902,2018-05-01_16-16-17.323225258,1525184177.324716366,0.00,0.01,0.05,567877761392056,248265069576,845421688,1226507386,1074269484,1048710562,0,0,0,0,359159,24,11265613,252738357,3213,0,7260476,0,0,0,32805052,31666820,31590828,948,286212
2018-05-01_16-16-47.361427401,1525184207.363019613,2018-05-01_16-16-47.366350240,1525184207.367849858,0.00,0.01,0.05,567877761393380,248265070720,845421689,1226507386,1074269494,1048710562,0,0,0,0,359184,24,11265617,252762360,3213,0,7260476,0,0,0,32805052,31667440,31591448,948,286212
2018-05-01_16-17-17.403923276,1525184237.405530823,2018-05-01_16-17-17.408836881,1525184237.410338982,0.00,0.01,0.05,567877761394704,248265071864,845421689,1226507386,1074269494,1048710573,0,0,0,0,359211,24,11265621,252786361,3213,0,7260476,0,0,0,32805052,31666956,31590412,948,286216
2018-05-01_16-17-47.446514582,1525184267.448035824,2018-05-01_16-17-47.451346477,1525184267.452845879,0.00,0.01,0.05,567877761396028,248265073008,845421690,1226507409,1074269494,1048710573,0,0,0,0,359236,24,11265625,252810364,3213,0,7260476,0,0,0,32805052,31665760,31589776,948,286216
2018-05-01_16-18-17.489658423,1525184297.491239476,2018-05-01_16-18-17.494667968,1525184297.496178415,0.00,0.01,0.05,567877761397352,248265074152,845421691,1226507409,1074269494,1048710583,0,0,0,0,359263,24,11265631,252834362,3213,0,7260476,0,0,0,32805052,31655216,31579488,948,286224
2018-05-01_16-18-47.532748342,1525184327.534329771,2018-05-01_16-18-47.537803704,1525184327.539318490,0.00,0.01,0.05,567877761398676,248265075296,845421692,1226507432,1074269495,1048710583,0,0,0,0,359291,24,11265637,252858360,3213,0,7260476,0,0,0,32805052,31655312,31578800,948,286224
2018-05-01_16-19-17.575890176,1525184357.577466690,2018-05-01_16-19-17.580857160,1525184357.582376621,0.00,0.01,0.05,567877761400000,248265076440,845421716,1226507433,1074269495,1048710583,0,0,0,0,359316,24,11265642,252882361,3213,0,7260476,0,0,0,32805052,31654264,31578004,948,286228
2018-05-01_16-19-47.618957046,1525184387.620543976,2018-05-01_16-19-47.624078241,1525184387.625607449,0.00,0.01,0.05,567877761401324,248265077584,845421718,1226507433,1074269504,1048710583,0,0,0,0,359342,24,11265648,252906360,3213,0,7260476,0,0,0,32805052,31655504,31579240,948,286228
2018-05-01_16-20-17.662259082,1525184417.663892863,2018-05-01_16-20-17.667321330,1525184417.668843842,0.00,0.01,0.05,567877761402648,248265078728,845421720,1226507442,1074269504,1048710583,0,0,0,0,359372,24,11265655,252930355,3213,0,7260476,0,0,0,32805052,31656340,31580344,948,286240
2018-05-01_16-20-47.705491295,1525184447.707092937,2018-05-01_16-20-47.710448654,1525184447.711952731,0.00,0.01,0.05,567877761404314,248265079872,845421722,1226507443,1074269504,1048710606,0,0,0,0,359397,24,11265659,252954357,3213,0,7260476,0,0,0,32805052,31656152,31580332,948,286240
2018-05-01_16-21-17.748267568,1525184477.749868597,2018-05-01_16-21-17.753307438,1525184477.754810746,0.00,0.01,0.05,567877761406664,248265081016,845421723,1226507446,1074269528,1048710606,0,0,0,0,359423,24,11265664,252978357,3213,0,7260476,0,0,0,32805052,31668748,31592752,948,286232
2018-05-01_16-21-47.791368748,1525184507.792964573,2018-05-01_16-21-47.796310349,1525184507.797826392,0.00,0.01,0.05,567877761409356,248265082160,845421733,1226507451,1074269528,1048710606,0,0,0,0,359448,24,11265667,253002360,3213,0,7260476,0,0,0,32805052,31668596,31592860,948,286232
2018-05-01_16-22-17.834229895,1525184537.835832325,2018-05-01_16-22-17.839158824,1525184537.840671332,0.00,0.01,0.05,567877761412048,248265083304,845421734,1226507455,1074269551,1048710606,0,0,0,0,359474,24,11265672,253026361,3213,0,7260476,0,0,0,32805052,31669080,31593328,948,286232
2018-05-01_16-22-47.876956629,1525184567.878542513,2018-05-01_16-22-47.881870435,1525184567.883355246,0.00,0.01,0.05,567877761414056,248265084448,845421745,1226507457,1074269551,1048710606,0,0,0,0,359499,24,11265675,253050364,3213,0,7260476,0,0,0,32805052,31668596,31593072,948,286232
2018-05-01_16-23-17.919772515,1525184597.921327017,2018-05-01_16-23-17.924694219,1525184597.926217258,0.00,0.01,0.05,567877761416748,248265085592,845421746,1226507470,1074269552,1048710606,0,0,0,0,359524,24,11265680,253074365,3213,0,7260476,0,0,0,32805052,31668880,31593420,948,286232
2018-05-01_16-23-47.962569434,1525184627.964151442,2018-05-01_16-23-47.967483632,1525184627.968996651,0.00,0.01,0.05,567877761418756,248265086736,845421747,1226507472,1074269552,1048710630,0,0,0,0,359550,24,11265683,253098368,3213,0,7260476,0,0,0,32805052,31668336,31592584,948,286232
2018-05-01_16-24-18.005568529,1525184658.007121643,2018-05-01_16-24-18.010451651,1525184658.011958815,0.00,0.01,0.05,567877761420080,248265087880,845421748,1226507472,1074269575,1048710631,0,0,0,0,359576,24,11265688,253122369,3213,0,7260476,0,0,0,32805052,31667944,31592208,948,286232
2018-05-01_16-24-48.048097896,1525184688.049611739,2018-05-01_16-24-48.052926162,1525184688.054417887,0.00,0.01,0.05,567877761421404,248265089024,845421759,1226507472,1074269575,1048710631,0,0,0,0,359601,24,11265691,253146372,3213,0,7260476,0,0,0,32805052,31667592,31591856,948,286236
2018-05-01_16-25-18.090678474,1525184718.092203016,2018-05-01_16-25-18.095498182,1525184718.096996997,0.00,0.01,0.05,567877761422728,248265090168,845421760,1226507481,1074269576,1048710631,0,0,0,0,359626,24,11265696,253170373,3213,0,7260476,0,0,0,32805052,31667356,31591360,948,286236
2018-05-01_16-25-48.133018631,1525184748.134552283,2018-05-01_16-25-48.137854655,1525184748.139335368,0.00,0.01,0.05,567877761424052,248265091312,845421762,1226507481,1074269576,1048710651,0,0,0,0,359651,24,11265700,253194376,3213,0,7260476,0,0,0,32805052,31666356,31590360,948,286236
2018-05-01_16-26-18.175369352,1525184778.176917021,2018-05-01_16-26-18.180299271,1525184778.181823942,0.00,0.01,0.05,567877761425376,248265092456,845421762,1226507492,1074269576,1048710651,0,0,0,0,359679,24,11265706,253218373,3213,0,7260476,0,0,0,32805052,31654152,31578404,948,286244
2018-05-01_16-26-48.218168481,1525184808.219727977,2018-05-01_16-26-48.223114464,1525184808.224636395,0.00,0.01,0.05,567877761426700,248265093600,845421764,1226507492,1074269576,1048710672,0,0,0,0,359707,24,11265711,253242372,3213,0,7260476,0,0,0,32805052,31654260,31578808,948,286248
2018-05-01_16-27-18.261429534,1525184838.262994097,2018-05-01_16-27-18.266434144,1525184838.267984824,0.00,0.01,0.05,567877761428024,248265094744,845421765,1226507492,1074269599,1048710672,0,0,0,0,359732,24,11265716,253266373,3213,0,7260476,0,0,0,32805052,31654844,31579096,948,286248
2018-05-01_16-27-48.304627920,1525184868.306234408,2018-05-01_16-27-48.309709570,1525184868.311213221,0.00,0.01,0.05,567877761429348,248265095888,845421775,1226507493,1074269599,1048710672,0,0,0,0,359759,24,11265722,253290371,3213,0,7260476,0,0,0,32805052,31654596,31578628,948,286252
2018-05-01_16-28-18.347709318,1525184898.349295992,2018-05-01_16-28-18.352744049,1525184898.354262555,0.00,0.01,0.05,567877761430672,248265097032,845421776,1226507493,1074269608,1048710673,0,0,0,0,359787,24,11265729,253314368,3213,0,7260476,0,0,0,32805052,31654596,31578336,948,286252
2018-05-01_16-28-48.390733682,1525184928.392264736,2018-05-01_16-28-48.395617356,1525184928.397115046,0.08,0.03,0.05,567877761432680,248265098176,845421801,1226507495,1074269608,1048710673,0,0,0,0,359812,24,11265732,253338371,3213,0,7260476,0,0,0,32805052,31655076,31579632,948,286252
2018-05-01_16-29-18.433432524,1525184958.435019068,2018-05-01_16-29-18.438432751,1525184958.439961708,0.05,0.03,0.05,567877761434688,248265099320,845421802,1226507519,1074269610,1048710673,0,0,0,0,359838,24,11265738,253362371,3213,0,7260477,0,0,0,32805052,31667036,31591312,948,286248
2018-05-01_16-29-48.476381404,1525184988.477925936,2018-05-01_16-29-48.481267398,1525184988.482757185,0.03,0.03,0.05,567877761437380,248265100464,845421804,1226507523,1074269610,1048710682,0,0,0,0,359863,24,11265741,253386373,3213,0,7260477,0,0,0,32805052,31666932,31590948,948,286248
2018-05-01_16-30-18.519085445,1525185018.520637189,2018-05-01_16-30-18.523992760,1525185018.525497989,0.02,0.02,0.05,567877761439730,248265101608,845421805,1226507549,1074269611,1048710682,0,0,0,0,359889,24,11265747,253410373,3213,0,7260477,0,0,0,32805052,31666404,31590428,948,286256
2018-05-01_16-30-48.562038114,1525185048.563471007,2018-05-01_16-30-48.566468719,1525185048.567806207,0.01,0.02,0.05,567877761441738,248265102470,845421807,1226507552,1074269611,1048710688,0,0,0,0,359926,24,11265751,253434362,3213,0,7260477,0,0,0,32805052,31659752,31583796,948,286256
2018-05-01_16-31-18.603280497,1525185078.604835086,2018-05-01_16-31-18.608167353,1525185078.609685228,0.01,0.02,0.05,567877761443448,248265102752,845421807,1226507556,1074269611,1048710690,0,0,0,0,359929,24,11265755,253458386,3213,0,7260477,0,0,0,32805052,31658340,31582388,948,286260
2018-05-01_16-31-48.645360714,1525185108.646910206,2018-05-01_16-31-48.650258499,1525185108.651780131,0.00,0.01,0.05,567877761445456,248265103896,845421807,1226507558,1074269622,1048710690,0,0,0,0,359954,24,11265759,253482387,3213,0,7260477,0,0,0,32805052,31658556,31582604,948,286264
2018-05-01_16-32-18.688415002,1525185138.689956185,2018-05-01_16-32-18.693295948,1525185138.694790874,0.00,0.01,0.05,567877761446780,248265105040,845421832,1226507558,1074269622,1048710690,0,0,0,0,359980,24,11265763,253506389,3213,0,7260477,0,0,0,32805052,31657868,31582680,948,286264
2018-05-01_16-32-48.731277871,1525185168.732928472,2018-05-01_16-32-48.736320307,1525185168.737824724,0.00,0.01,0.05,567877761448104,248265106184,845421833,1226507580,1074269622,1048710690,0,0,0,0,360005,24,11265766,253530392,3213,0,7260477,0,0,0,32805052,31658520,31582840,948,286264
2018-05-01_16-33-18.774180116,1525185198.775776198,2018-05-01_16-33-18.779099525,1525185198.780605850,0.00,0.01,0.05,567877761449428,248265107328,845421835,1226507580,1074269622,1048710699,0,0,0,0,360031,24,11265770,253554393,3213,0,7260477,0,0,0,32805052,31659124,31583172,948,286264
2018-05-01_16-33-48.817174156,1525185228.818722430,2018-05-01_16-33-48.822061953,1525185228.823543734,0.06,0.03,0.05,567877761450752,248265108472,845421836,1226507580,1074269631,1048710700,0,0,0,0,360057,24,11265773,253578396,3213,0,7260477,0,0,0,32805052,31659292,31584124,948,286264
2018-05-01_16-34-18.859865258,1525185258.861425649,2018-05-01_16-34-18.864859840,1525185258.866369839,0.04,0.03,0.05,567877761452076,248265109616,845421861,1226507580,1074269631,1048710700,0,0,0,0,360083,24,11265780,253602393,3213,0,7260477,0,0,0,32805052,31646424,31570624,948,286272
2018-05-01_16-34-48.902933060,1525185288.904483908,2018-05-01_16-34-48.907858269,1525185288.909356797,0.02,0.02,0.05,567877761453400,248265110760,845421862,1226507580,1074269641,1048710700,0,0,0,0,360110,24,11265786,253626392,3213,0,7260477,0,0,0,32805052,31646912,31570940,948,286276
2018-05-01_16-35-18.946201743,1525185318.947819262,2018-05-01_16-35-18.951106472,1525185318.952589828,0.09,0.04,0.05,567877761454724,248265111904,845421886,1226507580,1074269641,1048710700,0,0,0,0,360136,24,11265790,253650393,3213,0,7260477,0,0,0,32805052,31646912,31571208,948,286276
2018-05-01_16-35-48.989082418,1525185348.990682708,2018-05-01_16-35-48.994147397,1525185348.995673865,0.05,0.03,0.05,567877761456048,248265113048,845421888,1226507600,1074269641,1048710700,0,0,0,0,360163,24,11265796,253674392,3213,0,7260477,0,0,0,32805052,31646728,31570784,948,286276
2018-05-01_16-36-19.032577767,1525185379.034147222,2018-05-01_16-36-19.037512184,1525185379.039009009,0.03,0.03,0.05,567877761457372,248265114192,845421889,1226507600,1074269641,1048710710,0,0,0,0,360190,24,11265802,253698388,3213,0,7260477,0,0,0,32805052,31647624,31571400,948,286280
2018-05-01_16-36-49.075610640,1525185409.077218159,2018-05-01_16-36-49.080668860,1525185409.082162374,0.02,0.03,0.05,567877761459380,248265115336,845421899,1226507603,1074269641,1048710710,0,0,0,0,360216,24,11265806,253722391,3213,0,7260477,0,0,0,32805052,31647216,31570744,948,286280
2018-05-01_16-37-19.118223341,1525185439.119772965,2018-05-01_16-37-19.123117242,1525185439.124652005,0.06,0.04,0.05,567877761461388,248265116480,845421900,1226507605,1074269663,1048710711,0,0,0,0,360243,24,11265810,253746391,3213,0,7260477,0,0,0,32805052,31659404,31583980,948,286272
2018-05-01_16-37-49.161374858,1525185469.163016282,2018-05-01_16-37-49.166397062,1525185469.167880580,0.04,0.04,0.05,567877761463738,248265117624,845421901,1226507608,1074269663,1048710734,0,0,0,0,360267,24,11265814,253770394,3213,0,7260477,0,0,0,32805052,31659360,31583376,948,286272
2018-05-01_16-38-19.204149289,1525185499.205708953,2018-05-01_16-38-19.209060251,1525185499.210569215,0.02,0.04,0.05,567877761466430,248265118768,845421902,1226507622,1074269663,1048710734,0,0,0,0,360293,24,11265818,253794396,3213,0,7260477,0,0,0,32805052,31659584,31583620,948,286272
2018-05-01_16-38-49.246974764,1525185529.248518256,2018-05-01_16-38-49.251867084,1525185529.253347692,0.01,0.03,0.05,567877761468780,248265119912,845421903,1226507625,1074269663,1048710758,0,0,0,0,360318,24,11265822,253818398,3213,0,7260477,0,0,0,32805052,31659044,31583616,948,286276
2018-05-01_16-39-19.289617592,1525185559.291160248,2018-05-01_16-39-19.294512150,1525185559.296020313,0.01,0.03,0.05,567877761471472,248265121056,845421904,1226507638,1074269664,1048710758,0,0,0,0,360344,24,11265827,253842400,3213,0,7260477,0,0,0,32805052,31659116,31583432,948,286276
2018-05-01_16-39-49.332200393,1525185589.333754131,2018-05-01_16-39-49.337114289,1525185589.338602285,0.01,0.03,0.05,567877761473480,248265122200,845421915,1226507640,1074269664,1048710758,0,0,0,0,360368,24,11265831,253866402,3213,0,7260477,0,0,0,32805052,31658972,31583288,948,286276
2018-05-01_16-40-19.375037463,1525185619.376593616,2018-05-01_16-40-19.379953730,1525185619.381472011,0.00,0.02,0.05,567877761474804,248265123344,845421917,1226507640,1074269686,1048710759,0,0,0,0,360394,24,11265837,253890402,3213,0,7260477,0,0,0,32805052,31659068,31582848,948,286280
2018-05-01_16-40-49.417824299,1525185649.419361659,2018-05-01_16-40-49.422694144,1525185649.424244981,0.00,0.02,0.05,567877761476128,248265124488,845421918,1226507640,1074269686,1048710782,0,0,0,0,360419,24,11265841,253914404,3213,0,7260477,0,0,0,32805052,31660204,31584504,948,286280
2018-05-01_16-41-19.460565283,1525185679.462108740,2018-05-01_16-41-19.465448331,1525185679.466979538,0.00,0.02,0.05,567877761477452,248265125632,845421919,1226507650,1074269686,1048710782,0,0,0,0,360444,24,11265846,253938406,3213,0,7260477,0,0,0,32805052,31660476,31584512,948,286280
2018-05-01_16-41-49.503339751,1525185709.505026156,2018-05-01_16-41-49.508474262,1525185709.510032592,0.00,0.02,0.05,567877761478776,248265126776,845421930,1226507650,1074269686,1048710782,0,0,0,0,360469,24,11265850,253962408,3213,0,7260477,0,0,0,32805052,31659348,31583372,948,286280
2018-05-01_16-42-19.546561179,1525185739.548124207,2018-05-01_16-42-19.551575849,1525185739.553107638,0.00,0.01,0.05,567877761480100,248265127920,845421931,1226507650,1074269708,1048710783,0,0,0,0,360496,24,11265857,253986406,3213,0,7260477,0,0,0,32805052,31646408,31570692,948,286292
2018-05-01_16-42-49.589857911,1525185769.591473241,2018-05-01_16-42-49.594946902,1525185769.596454784,0.00,0.01,0.05,567877761481424,248265129064,845421942,1226507650,1074269708,1048710783,0,0,0,0,360523,24,11265862,254010405,3213,0,7260477,0,0,0,32805052,31646116,31570444,948,286292
2018-05-01_16-43-19.633235671,1525185799.634683081,2018-05-01_16-43-19.637700061,1525185799.639026272,0.00,0.01,0.05,567877761482748,248265130208,845421943,1226507650,1074269730,1048710783,0,0,0,0,360551,24,11265869,254034401,3213,0,7260477,0,0,0,32805052,31647336,31571380,948,286292
2018-05-01_16-43-49.675011888,1525185829.676575882,2018-05-01_16-43-49.679903644,1525185829.681380935,0.00,0.01,0.05,567877761484072,248265131352,845421945,1226507650,1074269730,1048710805,0,0,0,0,360576,24,11265872,254058403,3213,0,7260477,0,0,0,32805052,31648036,31572064,948,286296
2018-05-01_16-44-19.717693323,1525185859.719260367,2018-05-01_16-44-19.722665343,1525185859.724185127,0.00,0.01,0.05,567877761485396,248265132496,845421946,1226507659,1074269731,1048710805,0,0,0,0,360604,24,11265879,254082400,3213,0,7260477,0,0,0,32805052,31646456,31570524,948,286300
2018-05-01_16-44-49.760610665,1525185889.762198485,2018-05-01_16-44-49.765566361,1525185889.767096266,0.00,0.01,0.05,567877761487404,248265133640,845421947,1226507661,1074269731,1048710815,0,0,0,0,360629,24,11265883,254106402,3213,0,7260477,0,0,0,32805052,31658176,31582500,948,286292
2018-05-01_16-45-19.803431149,1525185919.804988092,2018-05-01_16-45-19.808322563,1525185919.809829950,0.00,0.01,0.05,567877761489754,248265134784,845421947,1226507689,1074269731,1048710815,0,0,0,0,360654,24,11265888,254130403,3213,0,7260478,0,0,0,32805052,31658160,31582740,948,286292
2018-05-01_16-45-49.846707877,1525185949.848264690,2018-05-01_16-45-49.851624247,1525185949.853130591,0.00,0.01,0.05,567877761492104,248265135928,845421972,1226507692,1074269731,1048710815,0,0,0,0,360679,24,11265892,254154406,3213,0,7260478,0,0,0,32805052,31658036,31582816,948,286292
2018-05-01_16-46-19.889551997,1525185979.891152892,2018-05-01_16-46-19.894656966,1525185979.896191323,0.00,0.01,0.05,567877761494796,248265137072,845421973,1226507696,1074269741,1048710815,0,0,0,0,360705,24,11265896,254178408,3213,0,7260478,0,0,0,32805052,31657796,31581600,948,286296
2018-05-01_16-46-49.932618776,1525186009.934164728,2018-05-01_16-46-49.937478104,1525186009.939004831,0.00,0.01,0.05,567877761496462,248265138216,845421997,1226507698,1074269741,1048710815,0,0,0,0,360730,24,11265901,254202410,3213,0,7260478,0,0,0,32805052,31657324,31581912,948,286296
2018-05-01_16-47-19.975881869,1525186039.977427707,2018-05-01_16-47-19.980907523,1525186039.982418373,0.00,0.01,0.05,567877761499154,248265139360,845421998,1226507702,1074269751,1048710815,0,0,0,0,360756,24,11265905,254226412,3213,0,7260478,0,0,0,32805052,31658688,31582756,948,286296
2018-05-01_16-47-50.018686840,1525186070.020208236,2018-05-01_16-47-50.023495013,1525186070.024991940,0.00,0.01,0.05,567877761500820,248265140504,845421999,1226507703,1074269751,1048710825,0,0,0,0,360781,24,11265909,254250414,3213,0,7260478,0,0,0,32805052,31658680,31583004,948,286296
2018-05-01_16-48-20.061005906,1525186100.062545050,2018-05-01_16-48-20.065890492,1525186100.067404211,0.00,0.01,0.05,567877761502144,248265141648,845422000,1226507726,1074269751,1048710825,0,0,0,0,360806,24,11265913,254274416,3213,0,7260478,0,0,0,32805052,31657764,31582592,948,286296
2018-05-01_16-48-50.103782954,1525186130.105319610,2018-05-01_16-48-50.108670441,1525186130.110157577,0.00,0.01,0.05,567877761503468,248265142792,845422025,1226507726,1074269751,1048710825,0,0,0,0,360831,24,11265917,254298419,3213,0,7260478,0,0,0,32805052,31658108,31582416,948,286296
2018-05-01_16-49-20.146207758,1525186160.147752144,2018-05-01_16-49-20.151074891,1525186160.152565986,0.00,0.01,0.05,567877761504792,248265143936,845422026,1226507726,1074269760,1048710825,0,0,0,0,360856,24,11265921,254322420,3213,0,7260478,0,0,0,32805052,31658944,31583008,948,286296
2018-05-01_16-49-50.189536639,1525186190.191133128,2018-05-01_16-49-50.194609297,1525186190.196137429,0.00,0.01,0.05,567877761506248,248265145200,845422030,1226507728,1074269760,1048710834,0,0,0,0,360883,24,11265927,254346420,3213,0,7260478,0,0,0,32805052,31645020,31569328,948,286300
2018-05-01_16-50-20.232885471,1525186220.234307741,2018-05-01_16-50-20.237353527,1525186220.238681221,0.40,0.11,0.08,567947956398684,248291746450,845422054,1226507728,1074713132,1048710834,0,0,0,0,360937,24,11267649,254367437,3214,0,7261705,0,0,0,32805052,31634844,31558508,948,286316
2018-05-01_16-50-50.272025492,1525186250.273612927,2018-05-01_16-50-50.277029000,1525186250.278556883,0.24,0.10,0.07,567948888502264,248292099554,845422055,1226507728,1074718913,1048710835,0,0,0,0,360965,24,11267679,254391396,3214,0,7261718,0,0,0,32805052,31645844,31569916,948,286320
2018-05-01_16-51-20.315765212,1525186280.317362851,2018-05-01_16-51-20.320821332,1525186280.322356139,0.15,0.09,0.07,567948888503588,248292100698,845422057,1226507728,1074718935,1048710835,0,0,0,0,360992,24,11267687,254415394,3214,0,7261719,0,0,0,32805052,31645148,31569224,948,286312
2018-05-01_16-51-50.359017332,1525186310.360620687,2018-05-01_16-51-50.364042986,1525186310.365543471,0.09,0.08,0.07,567948888504912,248292101842,845422067,1226507729,1074718935,1048710835,0,0,0,0,361017,24,11267690,254439396,3214,0,7261719,0,0,0,32805052,31645120,31569660,948,286324
2018-05-01_16-52-20.402296409,1525186340.403977042,2018-05-01_16-52-20.407493387,1525186340.409025360,0.05,0.07,0.06,567948888506236,248292102986,845422068,1226507739,1074718935,1048710835,0,0,0,0,361044,24,11267697,254463393,3214,0,7261719,0,0,0,32805052,31645376,31569724,948,286324
2018-05-01_16-52-50.445843121,1525186370.447442621,2018-05-01_16-52-50.450911935,1525186370.452429559,0.03,0.07,0.06,567948888507902,248292104130,845422069,1226507740,1074718935,1048710858,0,0,0,0,361069,24,11267702,254487395,3214,0,7261719,0,0,0,32805052,31658064,31582148,948,286316
2018-05-01_16-53-20.489107477,1525186400.490679158,2018-05-01_16-53-20.494098635,1525186400.495629766,0.02,0.06,0.06,567948888510252,248292105274,845422070,1226507752,1074718936,1048710858,0,0,0,0,361094,24,11267706,254511397,3214,0,7261719,0,0,0,32805052,31658240,31582588,948,286324
2018-05-01_16-53-50.532213575,1525186430.533833960,2018-05-01_16-53-50.537188355,1525186430.538702902,0.01,0.05,0.05,567948888512602,248292106418,845422072,1226507755,1074718936,1048710881,0,0,0,0,361119,24,11267710,254535400,3214,0,7261719,0,0,0,32805052,31657452,31581540,948,286324
2018-05-01_16-54-20.575438624,1525186460.576955388,2018-05-01_16-54-20.579969114,1525186460.581293581,0.01,0.05,0.05,567958044061338,248295632028,845422073,1226507759,1074812993,1048710881,0,0,0,0,361148,24,11267943,254559005,3214,0,7261881,0,0,0,32805052,31644936,31569476,948,286324
2018-05-01_16-54-50.614722671,1525186490.616297184,2018-05-01_16-54-50.619681997,1525186490.621205149,0.12,0.07,0.06,568031384809432,248321554312,845422425,1226508208,1075412693,1048710928,0,0,0,0,361199,24,11269134,254580494,3214,0,7262807,0,0,0,32805052,31660312,31584920,948,286324
2018-05-01_16-55-20.657774749,1525186520.659308174,2018-05-01_16-55-20.662651806,1525186520.664155675,0.07,0.07,0.06,568031384812124,248321555456,845422426,1226508212,1075412693,1048710952,0,0,0,0,361224,24,11269138,254604496,3214,0,7262807,0,0,0,32805052,31658492,31583104,948,286324
2018-05-01_16-55-50.700430100,1525186550.701954133,2018-05-01_16-55-50.705269485,1525186550.706776642,0.04,0.06,0.05,568031384813790,248321556600,845422427,1226508213,1075412715,1048710953,0,0,0,0,361249,24,11269142,254628498,3214,0,7262807,0,0,0,32805052,31657108,31580920,948,286324
2018-05-01_16-56-20.743541602,1525186580.745151841,2018-05-01_16-56-20.748633075,1525186580.750164094,0.08,0.07,0.06,568031384815114,248321557744,845422437,1226508214,1075412715,1048710953,0,0,0,0,361274,24,11269147,254652500,3214,0,7262807,0,0,0,32805052,31657640,31581464,948,286324
2018-05-01_16-56-50.786534939,1525186610.788157859,2018-05-01_16-56-50.791582765,1525186610.793079423,0.05,0.07,0.05,568031384816438,248321558888,845422438,1226508214,1075412738,1048710954,0,0,0,0,361299,24,11269151,254676503,3214,0,7262807,0,0,0,32805052,31657188,31581404,948,286324
2018-05-01_16-57-20.829479222,1525186640.831151904,2018-05-01_16-57-20.834607780,1525186640.836129868,0.03,0.06,0.05,568031384817762,248321560032,845422449,1226508214,1075412738,1048710954,0,0,0,0,361324,24,11269156,254700505,3214,0,7262807,0,0,0,32805052,31659272,31583324,948,286324
2018-05-01_16-57-50.872673910,1525186670.874300199,2018-05-01_16-57-50.877776742,1525186670.879291032,0.08,0.07,0.05,568031384819086,248321561176,845422450,1226508224,1075412738,1048710954,0,0,0,0,361351,24,11269161,254724504,3214,0,7262807,0,0,0,32805052,31645712,31570068,948,286332
2018-05-01_16-58-20.916242327,1525186700.917804092,2018-05-01_16-58-20.921167592,1525186700.922690790,0.05,0.06,0.05,568031384820410,248321562320,845422452,1226508224,1075412738,1048710977,0,0,0,0,361376,24,11269166,254748506,3214,0,7262807,0,0,0,32805052,31646924,31570724,948,286332
2018-05-01_16-58-50.959680332,1525186730.961270778,2018-05-01_16-58-50.964734457,1525186730.966261654,0.03,0.06,0.05,568031384821734,248321563464,845422453,1226508247,1075412738,1048710977,0,0,0,0,361403,24,11269171,254772504,3214,0,7262807,0,0,0,32805052,31646300,31569836,948,286336
2018-05-01_16-59-21.003035996,1525186761.004636529,2018-05-01_16-59-21.008127096,1525186761.009640112,0.02,0.05,0.05,568031384823058,248321564608,845422454,1226508247,1075412738,1048710987,0,0,0,0,361431,24,11269178,254796502,3214,0,7262807,0,0,0,32805052,31644636,31568992,948,286328
2018-05-01_16-59-51.046358898,1525186791.047937922,2018-05-01_16-59-51.051342810,1525186791.052855626,0.01,0.05,0.05,568031384824382,248321565752,845422454,1226508247,1075412748,1048710988,0,0,0,0,361457,24,11269181,254820504,3214,0,7262807,0,0,0,32805052,31645312,31569344,948,286336
2018-05-01_17-00-21.089554484,1525186821.091155249,2018-05-01_17-00-21.094607760,1525186821.096132970,0.01,0.04,0.05,568031384825706,248321566896,845422478,1226508248,1075412748,1048710988,0,0,0,0,361486,24,11269189,254844499,3214,0,7262807,0,0,0,32805052,31645452,31568944,948,286348
2018-05-01_17-00-51.132710531,1525186851.134324329,2018-05-01_17-00-51.137774684,1525186851.139297647,0.00,0.04,0.05,568031384827372,248321568040,845422479,1226508249,1075412757,1048710989,0,0,0,0,361512,24,11269193,254868501,3214,0,7262807,0,0,0,32805052,31657500,31581268,948,286340
2018-05-01_17-01-21.175904450,1525186881.177473463,2018-05-01_17-01-21.180883526,1525186881.182405245,0.00,0.04,0.05,568031384829722,248321569184,845422503,1226508252,1075412757,1048710989,0,0,0,0,361538,24,11269200,254892500,3214,0,7262807,0,0,0,32805052,31657452,31580860,948,286340
