StartTime,StartEpoch,EndTime,EndEpoch,CPULoad1m,CPULoad5m,CPULoad5m,NetDevRX,NetDevTX,IRQens2-0,IRQens2-1,IRQens2-2,IRQens2-3,IRQens2-4,IRQens2-5,IRQens2-6,IRQens2-7,user,nice,system,idle,iowait,irq,softirq,steal,guest,guest_nice,MemTotal,MemFree,MemAvailable,Buffers,Cached
2018-05-09_15-51-15.173211993,1525873875.174592690,2018-05-09_15-51-15.177623921,1525873875.178953012,0.42,1.25,1.58,843247458,691272709444,1519225,2238202,1578406,1985652,1536066,1994987,1394097,879035,1790584,13,3409127,47083338,32116,0,6407,0,1708744,0,32805052,13354732,13704644,912,682872
2018-05-09_15-51-45.212626578,1525873905.214006449,2018-05-09_15-51-45.217024284,1525873905.218370181,0.99,1.31,1.59,843247458,691272709444,1519225,2238202,1578406,1985652,1536066,1994987,1394097,879035,1793785,13,3411120,47102222,32122,0,6408,0,1711942,0,32805052,13358592,13708252,912,682880
2018-05-09_15-52-15.252275649,1525873935.253672764,2018-05-09_15-52-15.256718647,1525873935.258071511,1.31,1.36,1.60,843247458,691272709444,1519225,2238202,1578406,1985652,1536066,1994987,1394097,879035,1797084,13,3413122,47120942,32127,0,6408,0,1715235,0,32805052,13371544,13721464,912,682876
2018-05-09_15-52-45.292011394,1525873965.293388270,2018-05-09_15-52-45.296376672,1525873965.297731938,1.52,1.40,1.60,843247458,691272709444,1519225,2238202,1578406,1985652,1536066,1994987,1394097,879035,1800330,13,3415098,47139756,32131,0,6408,0,1718476,0,32805052,13371292,13721220,912,682880
2018-05-09_15-53-15.331483706,1525873995.332867419,2018-05-09_15-53-15.335900046,1525873995.337244812,1.61,1.44,1.61,843247458,691272709444,1519225,2238202,1578406,1985652,1536066,1994987,1394097,879035,1803404,13,3417437,47158383,32133,0,6409,0,1721546,0,32805052,13372016,13721684,912,682880
2018-05-09_15-53-45.371545428,1525874025.373318696,2018-05-09_15-53-45.376613564,1525874025.378030259,1.70,1.48,1.62,843247458,691272709444,1519225,2238202,1578406,1985652,1536066,1994987,1394097,879035,1806376,13,3419718,47177165,32136,0,6409,0,1724513,0,32805052,13371716,13721368,912,682884
2018-05-09_15-54-15.413811443,1525874055.415430512,2018-05-09_15-54-15.418736296,1525874055.420143336,1.60,1.48,1.61,843247458,691272709444,1519225,2238202,1578406,1985652,1536066,1994987,1394097,879035,1809206,13,3421772,47196238,32139,0,6409,0,1727333,0,32805052,13369372,13718316,912,682888
2018-05-09_15-54-45.454944069,1525874085.456309250,2018-05-09_15-54-45.459348190,1525874085.460667330,1.68,1.51,1.62,843247458,691272709444,1519225,2238202,1578406,1985652,1536066,1994987,1394097,879035,1812137,13,3424434,47214655,32144,0,6411,0,1730193,0,32805052,13369420,13719104,912,682896
2018-05-09_15-55-15.494415029,1525874115.495784759,2018-05-09_15-55-15.498805924,1525874115.500125337,1.81,1.56,1.63,843247458,691272709444,1519225,2238202,1578406,1985652,1536066,1994987,1394097,879035,1814999,13,3427088,47233143,32150,0,6411,0,1732979,0,32805052,13367788,13717488,912,682912
2018-05-09_15-55-45.533575354,1525874145.534936447,2018-05-09_15-55-45.537945015,1525874145.539265237,1.68,1.55,1.63,843247458,691272709444,1519225,2238202,1578406,1985652,1536066,1994987,1394097,879035,1817828,13,3429742,47251655,32152,0,6412,0,1735732,0,32805052,13368756,13718460,912,682916
2018-05-09_15-56-15.572887121,1525874175.574283203,2018-05-09_15-56-15.577851826,1525874175.579173371,1.74,1.58,1.63,843247458,691272709444,1519225,2238202,1578406,1985652,1536066,1994987,1394097,879035,1820707,13,3431986,47270498,32153,0,6414,0,1738537,0,32805052,13368476,13717920,912,682920
2018-05-09_15-56-45.612718987,1525874205.614091073,2018-05-09_15-56-45.617108919,1525874205.618429384,1.69,1.59,1.63,843247458,691272709444,1519225,2238202,1578406,1985652,1536066,1994987,1394097,879035,1823668,13,3434327,47289200,32157,0,6415,0,1741424,0,32805052,13368256,13717968,912,682924
2018-05-09_15-57-15.652267559,1525874235.653658123,2018-05-09_15-57-15.656708310,1525874235.658039285,1.67,1.59,1.63,843247458,691272709444,1519225,2238202,1578406,1985652,1536066,1994987,1394097,879035,1826658,13,3436660,47307924,32157,0,6417,0,1744338,0,32805052,13355856,13705580,912,682940
2018-05-09_15-57-45.691712548,1525874265.693083200,2018-05-09_15-57-45.696120877,1525874265.697460998,1.65,1.60,1.64,843247458,691272709444,1519225,2238202,1578406,1985652,1536066,1994987,1394097,879035,1829787,13,3439279,47326178,32162,0,6419,0,1747386,0,32805052,13355432,13705168,912,682952
2018-05-09_15-58-15.731230369,1525874295.732626822,2018-05-09_15-58-15.735662035,1525874295.736993992,1.58,1.59,1.63,843247458,691272709444,1519225,2238202,1578406,1985652,1536066,1994987,1394097,879035,1833064,13,3441253,47344936,32169,0,6420,0,1750585,0,32805052,13354860,13704600,912,682956
2018-05-09_15-58-45.771309278,1525874325.772696429,2018-05-09_15-58-45.775754274,1525874325.777092207,1.75,1.63,1.64,843247458,691272709444,1519225,2238202,1578406,1985652,1536066,1994987,1394097,879035,1836412,13,3443331,47363510,32171,0,6421,0,1753857,0,32805052,13356224,13705972,912,682964
2018-05-09_15-59-15.811174125,1525874355.812552241,2018-05-09_15-59-15.815671909,1525874355.817008657,1.69,1.63,1.64,843247458,691272709444,1519225,2238202,1578406,1985652,1536066,1994987,1394097,879035,1839698,13,3445411,47382188,32175,0,6423,0,1757068,0,32805052,13355312,13705072,912,682976
2018-05-09_15-59-45.851519086,1525874385.853085133,2018-05-09_15-59-45.856705462,1525874385.858183708,1.89,1.68,1.66,843247458,691272709444,1519225,2238202,1578406,1985652,1536066,1994987,1394097,879035,1843048,13,3447568,47400791,32180,0,6425,0,1760342,0,32805052,13353204,13702960,912,682976
2018-05-09_16-00-15.894878776,1525874415.896515035,2018-05-09_16-00-15.899656347,1525874415.900990626,1.80,1.68,1.66,843247458,691272709444,1519225,2238202,1578406,1985652,1536066,1994987,1394097,879035,1846384,13,3449632,47419401,32184,0,6427,0,1763602,0,32805052,13374740,13720368,912,678836
2018-05-09_16-00-45.935135647,1525874445.936665526,2018-05-09_16-00-45.939709276,1525874445.941028481,1.80,1.70,1.67,843247458,691272709444,1519225,2238202,1578406,1985652,1536066,1994987,1394097,879035,1849679,13,3451783,47437967,32187,0,6429,0,1766825,0,32805052,13374892,13720784,912,678840
2018-05-09_16-01-15.974457949,1525874475.975819118,2018-05-09_16-01-15.978830848,1525874475.980151336,1.86,1.72,1.68,843247458,691272709444,1519225,2238202,1578406,1985652,1536066,1994987,1394097,879035,1852984,13,3453993,47456460,32189,0,6431,0,1770053,0,32805052,13374620,13720260,912,678848
2018-05-09_16-01-46.013862051,1525874506.015495775,2018-05-09_16-01-46.018976299,1525874506.020433045,2.02,1.78,1.70,843247458,691272709444,1519225,2238202,1578406,1985652,1536066,1994987,1394097,879035,1856296,13,3456116,47475040,32194,0,6433,0,1773292,0,32805052,13373380,13718696,912,678856
2018-05-09_16-02-16.055579720,1525874536.057127759,2018-05-09_16-02-16.060177517,1525874536.061507900,1.94,1.78,1.70,843247458,691272709444,1519225,2238202,1578406,1985652,1536066,1994987,1394097,879035,1859547,13,3458378,47493545,32198,0,6434,0,1776470,0,32805052,13374240,13719888,912,678856
2018-05-09_16-02-46.095856240,1525874566.097217576,2018-05-09_16-02-46.100243448,1525874566.101574821,1.89,1.79,1.71,843247458,691272709444,1519225,2238202,1578406,1985652,1536066,1994987,1394097,879035,1862789,13,3460602,47512087,32199,0,6435,0,1779637,0,32805052,13374072,13719720,912,678856
2018-05-09_16-03-16.135493939,1525874596.137059181,2018-05-09_16-03-16.140118211,1525874596.141452866,1.92,1.81,1.71,843247458,691272709444,1519225,2238202,1578406,1985652,1536066,1994987,1394097,879035,1866099,13,3462793,47530589,32202,0,6437,0,1782874,0,32805052,13372668,13718320,912,678860
2018-05-09_16-03-46.175109757,1525874626.176507208,2018-05-09_16-03-46.179615225,1525874626.180993907,1.87,1.81,1.72,843247458,691272709444,1519225,2238202,1578406,1985652,1536066,1994987,1394097,879035,1869535,13,3464985,47548943,32219,0,6440,0,1786234,0,32805052,13370784,13719260,912,681996
2018-05-09_16-04-16.214782170,1525874656.216159218,2018-05-09_16-04-16.219189366,1525874656.220524804,1.86,1.81,1.72,843247458,691272709444,1519225,2238202,1578406,1985652,1536066,1994987,1394097,879035,1872916,13,3467230,47567371,32230,0,6442,0,1789538,0,32805052,13370820,13719300,912,682024
2018-05-09_16-04-46.254712038,1525874686.256263161,2018-05-09_16-04-46.259316962,1525874686.260654608,1.85,1.81,1.72,843247458,691272709444,1519225,2238202,1578406,1985652,1536066,1994987,1394097,879035,1876229,13,3469271,47586052,32238,0,6444,0,1792778,0,32805052,13370748,13719572,912,682028
2018-05-09_16-05-16.294553896,1525874716.296188524,2018-05-09_16-05-16.299385223,1525874716.300791214,1.84,1.81,1.73,843247458,691272709444,1519225,2238202,1578406,1985652,1536066,1994987,1394097,879035,1879484,13,3471639,47604459,32241,0,6445,0,1795956,0,32805052,13357816,13706652,912,682044
2018-05-09_16-05-46.336363433,1525874746.337907634,2018-05-09_16-05-46.340957456,1525874746.342278381,1.70,1.78,1.72,843247458,691272709444,1519225,2238202,1578406,1985652,1536066,1994987,1394097,879035,1882840,13,3473556,47623201,32245,0,6446,0,1799236,0,32805052,13356652,13705500,912,682056
2018-05-09_16-06-16.375835500,1525874776.377508723,2018-05-09_16-06-16.380973816,1525874776.382445424,1.68,1.77,1.72,843247458,691272709444,1519225,2238202,1578406,1985652,1536066,1994987,1394097,879035,1886032,13,3475993,47641607,32250,0,6447,0,1802355,0,32805052,13358436,13707000,912,682056
2018-05-09_16-06-46.417615210,1525874806.419260903,2018-05-09_16-06-46.422486411,1525874806.423896028,1.87,1.81,1.73,843247458,691272709444,1519225,2238202,1578406,1985652,1536066,1994987,1394097,879035,1889299,13,3478453,47659914,32252,0,6449,0,1805542,0,32805052,13357248,13706108,912,682068
2018-05-09_16-07-16.458734398,1525874836.460115389,2018-05-09_16-07-16.463159371,1525874836.464498799,1.79,1.80,1.73,843247458,691272709444,1519225,2238202,1578406,1985652,1536066,1994987,1394097,879035,1892667,13,3480453,47678593,32256,0,6450,0,1808833,0,32805052,13357924,13706788,912,682072
2018-05-09_16-07-46.498200255,1525874866.499578314,2018-05-09_16-07-46.502622614,1525874866.503947848,1.81,1.80,1.73,843247458,691272709444,1519225,2238202,1578406,1985652,1536066,1994987,1394097,879035,1896042,13,3482444,47697283,32261,0,6452,0,1812135,0,32805052,13356996,13705864,912,682076
2018-05-09_16-08-16.537846233,1525874896.539312547,2018-05-09_16-08-16.542371005,1525874896.543700536,1.68,1.77,1.73,843247458,691272709444,1519225,2238202,1578406,1985652,1536066,1994987,1394097,879035,1899409,13,3484599,47715785,32264,0,6453,0,1815428,0,32805052,13370292,13719164,912,682076
2018-05-09_16-08-46.577364352,1525874926.578744770,2018-05-09_16-08-46.581785179,1525874926.583119379,1.81,1.79,1.74,843247458,691272709444,1519225,2238202,1578406,1985652,1536066,1994987,1394097,879035,1902765,13,3486814,47734318,32265,0,6454,0,1818711,0,32805052,13371328,13720200,912,682076
2018-05-09_16-09-16.616776411,1525874956.618144994,2018-05-09_16-09-16.621188985,1525874956.622529583,1.81,1.80,1.74,843247458,691272709444,1519225,2238202,1578406,1985652,1536066,1994987,1394097,879035,1906120,13,3488868,47752965,32271,0,6456,0,1821990,0,32805052,13369520,13718656,912,682080
2018-05-09_16-09-46.656845596,1525874986.658214599,2018-05-09_16-09-46.661239729,1525874986.662563707,1.86,1.82,1.75,843247458,691272709444,1519225,2238202,1578406,1985652,1536066,1994987,1394097,879035,1909470,13,3490932,47771587,32275,0,6459,0,1825266,0,32805052,13370140,13718720,912,682080
2018-05-09_16-10-16.696696132,1525875016.698075992,2018-05-09_16-10-16.701134504,1525875016.702470053,1.97,1.85,1.76,843247458,691272709444,1519225,2238202,1578406,1985652,1536066,1994987,1394097,879035,1912865,13,3493082,47790111,32277,0,6460,0,1828586,0,32805052,13370468,13719364,912,682096
2018-05-09_16-10-46.736748796,1525875046.738313679,2018-05-09_16-10-46.741405432,1525875046.742749810,2.07,1.88,1.78,843247458,691272709444,1519225,2238202,1578406,1985652,1536066,1994987,1394097,879035,1916178,13,3495251,47808701,32283,0,6462,0,1831825,0,32805052,13369612,13718508,912,682096
2018-05-09_16-11-16.776896820,1525875076.778267814,2018-05-09_16-11-16.781306998,1525875076.782654335,1.97,1.87,1.78,843247458,691272709444,1519225,2238202,1578406,1985652,1536066,1994987,1394097,879035,1919467,13,3497502,47827222,32288,0,6464,0,1835035,0,32805052,13369652,13718552,912,682100
2018-05-09_16-11-46.816657788,1525875106.818475068,2018-05-09_16-11-46.822239326,1525875106.823971356,1.93,1.87,1.78,843247458,691272709444,1519225,2238202,1578406,1985652,1536066,1994987,1394097,879035,1922626,13,3500233,47845341,32289,0,6465,0,1838120,0,32805052,13369412,13718316,912,682104
2018-05-09_16-12-16.858564411,1525875136.859921927,2018-05-09_16-12-16.863022666,1525875136.864413803,1.92,1.88,1.78,843247458,691272709444,1519225,2238202,1578406,1985652,1536066,1994987,1394097,879035,1925904,13,3502485,47863859,32291,0,6468,0,1841320,0,32805052,13370192,13719104,912,682112
2018-05-09_16-12-46.898420667,1525875166.900001451,2018-05-09_16-12-46.903054640,1525875166.904434086,1.88,1.88,1.78,843247458,691272709444,1519225,2238202,1578406,1985652,1536066,1994987,1394097,879035,1929088,13,3504870,47882236,32296,0,6470,0,1844429,0,32805052,13370016,13718932,912,682116
2018-05-09_16-13-16.938641538,1525875196.940007293,2018-05-09_16-13-16.943038107,1525875196.944359794,1.98,1.90,1.80,843247458,691272709444,1519225,2238202,1578406,1985652,1536066,1994987,1394097,879035,1932417,13,3507189,47900619,32301,0,6473,0,1847678,0,32805052,13357428,13706352,912,682128
2018-05-09_16-13-46.978210191,1525875226.979591840,2018-05-09_16-13-46.982593777,1525875226.983934598,1.93,1.90,1.80,843247458,691272709444,1519225,2238202,1578406,1985652,1536066,1994987,1394097,879035,1935808,13,3509114,47919370,32303,0,6474,0,1850995,0,32805052,13357276,13705952,912,682140
2018-05-09_16-14-17.017592858,1525875257.018963571,2018-05-09_16-14-17.021999965,1525875257.023600538,1.79,1.88,1.79,843247458,691272709444,1519225,2238202,1578406,1985652,1536066,1994987,1394097,879035,1939034,13,3511490,47937810,32310,0,6477,0,1854143,0,32805052,13357836,13706780,912,682144
2018-05-09_16-14-47.057288708,1525875287.058697855,2018-05-09_16-14-47.061750583,1525875287.063076103,1.80,1.87,1.79,843247458,691272709444,1519225,2238202,1578406,1985652,1536066,1994987,1394097,879035,1942370,13,3513899,47956144,32312,0,6478,0,1857404,0,32805052,13356128,13705076,912,682148
2018-05-09_16-15-17.096570206,1525875317.097936128,2018-05-09_16-15-17.100966214,1525875317.102289274,1.80,1.87,1.79,843247458,691272709444,1519225,2238202,1578406,1985652,1536066,1994987,1394097,879035,1945709,13,3515813,47974980,32315,0,6480,0,1860667,0,32805052,13356648,13705608,912,682160
2018-05-09_16-15-47.136588364,1525875347.138117087,2018-05-09_16-15-47.141171372,1525875347.142509380,1.81,1.86,1.79,843247458,691272709444,1519225,2238202,1578406,1985652,1536066,1994987,1394097,879035,1948875,13,3518304,47993357,32323,0,6483,0,1863759,0,32805052,13357672,13706636,912,682164
2018-05-09_16-16-17.176873208,1525875377.178255391,2018-05-09_16-16-17.181302343,1525875377.182646909,1.75,1.84,1.79,843247458,691272709444,1519225,2238202,1578406,1985652,1536066,1994987,1394097,879035,1952280,13,3520246,48012101,32323,0,6484,0,1867089,0,32805052,13370576,13719540,912,682164
2018-05-09_16-16-47.216306745,1525875407.217684489,2018-05-09_16-16-47.220701618,1525875407.222025103,1.85,1.86,1.79,843247458,691272709444,1519225,2238202,1578406,1985652,1536066,1994987,1394097,879035,1955623,13,3522261,48030809,32324,0,6485,0,1870359,0,32805052,13369588,13718560,912,682172
2018-05-09_16-17-17.255843685,1525875437.257216187,2018-05-09_16-17-17.260261428,1525875437.261604608,1.78,1.84,1.79,843247458,691272709444,1519225,2238202,1578406,1985652,1536066,1994987,1394097,879035,1959012,13,3524267,48049455,32329,0,6488,0,1873675,0,32805052,13370032,13719004,912,682172
2018-05-09_16-17-47.295607958,1525875467.296974296,2018-05-09_16-17-47.300001234,1525875467.301348011,1.80,1.84,1.79,843247458,691272709444,1519225,2238202,1578406,1985652,1536066,1994987,1394097,879035,1962422,13,3526272,48068083,32331,0,6490,0,1877013,0,32805052,13369560,13718536,912,682176
2018-05-09_16-18-17.334923144,1525875497.336296729,2018-05-09_16-18-17.339588957,1525875497.340993640,1.80,1.84,1.79,843247458,691272709444,1519225,2238202,1578406,1985652,1536066,1994987,1394097,879035,1965752,13,3528417,48086676,32332,0,6491,0,1880272,0,32805052,13370304,13719280,912,682176
2018-05-09_16-18-47.374702846,1525875527.376073466,2018-05-09_16-18-47.379092482,1525875527.380430558,1.67,1.80,1.78,843247458,691272709444,1519225,2238202,1578406,1985652,1536066,1994987,1394097,879035,1969153,13,3530475,48105283,32332,0,6493,0,1883597,0,32805052,13368524,13717504,912,682180
2018-05-09_16-19-17.414327463,1525875557.415702850,2018-05-09_16-19-17.418715795,1525875557.420039632,1.73,1.81,1.78,843247458,691272709444,1519225,2238202,1578406,1985652,1536066,1994987,1394097,879035,1972531,13,3532548,48123890,32332,0,6494,0,1886904,0,32805052,13368260,13716944,912,682180
2018-05-09_16-19-47.453515121,1525875587.454889974,2018-05-09_16-19-47.457910265,1525875587.459240551,1.76,1.81,1.78,843247458,691272709444,1519225,2238202,1578406,1985652,1536066,1994987,1394097,879035,1976047,13,3534696,48142052,32567,0,6497,0,1890342,0,32805052,13355640,13736188,912,713748
2018-05-09_16-20-17.492984510,1525875617.494370351,2018-05-09_16-20-17.497412659,1525875617.498745841,1.80,1.81,1.78,843247458,691272709444,1519225,2238202,1578406,1985652,1536066,1994987,1394097,879035,1979562,13,3536355,48160991,32581,0,6500,0,1893782,0,32805052,13356916,13737568,912,713852
2018-05-09_16-20-47.532651779,1525875647.534214270,2018-05-09_16-20-47.537244639,1525875647.538592413,1.66,1.78,1.77,843247458,691272709444,1519225,2238202,1578406,1985652,1536066,1994987,1394097,879035,1983159,13,3538452,48179339,32590,0,6502,0,1897305,0,32805052,13354328,13734992,912,713860
2018-05-09_16-21-17.572559114,1525875677.574098549,2018-05-09_16-21-17.577163114,1525875677.578505309,1.80,1.80,1.78,843247458,691272709444,1519225,2238202,1578406,1985652,1536066,1994987,1394097,879035,1986549,13,3540640,48197785,32604,0,6503,0,1900615,0,32805052,13344056,13724736,912,713880
2018-05-09_16-21-47.613172781,1525875707.614882892,2018-05-09_16-21-47.618160281,1525875707.619582920,1.88,1.82,1.78,843247458,691272709444,1519225,2238202,1578406,1985652,1536066,1994987,1394097,879035,1989921,13,3542662,48216431,32610,0,6504,0,1903968,0,32805052,13362844,13733128,912,703220
2018-05-09_16-22-17.655168252,1525875737.656763743,2018-05-09_16-22-17.659872203,1525875737.661212339,1.84,1.82,1.78,843247458,691272709444,1519225,2238202,1578406,1985652,1536066,1994987,1394097,879035,1993288,13,3544755,48234999,32628,0,6505,0,1907324,0,32805052,13359144,13731364,912,705136
2018-05-09_16-22-47.695444526,1525875767.696983055,2018-05-09_16-22-47.699994438,1525875767.701323043,1.76,1.81,1.78,843247458,691272709444,1519225,2238202,1578406,1985652,1536066,1994987,1394097,879035,1996617,13,3546908,48253581,32630,0,6506,0,1910558,0,32805052,13359276,13731772,912,705148
2018-05-09_16-23-17.735933246,1525875797.737472099,2018-05-09_16-23-17.740575762,1525875797.741911161,1.79,1.81,1.78,843247458,691272709444,1519225,2238202,1578406,1985652,1536066,1994987,1394097,879035,1999905,13,3548823,48272413,32683,0,6506,0,1913827,0,32805052,13358904,13731764,912,705776
2018-05-09_16-23-47.776413299,1525875827.777935406,2018-05-09_16-23-47.780924983,1525875827.782256144,1.80,1.81,1.78,843247458,691272709444,1519225,2238202,1578406,1985652,1536066,1994987,1394097,879035,2003197,13,3550794,48291255,32688,0,6507,0,1917112,0,32805052,13359092,13732216,912,705780
2018-05-09_16-24-17.816331956,1525875857.817900340,2018-05-09_16-24-17.820947787,1525875857.822275454,1.80,1.81,1.78,843247458,691272709444,1519225,2238202,1578406,1985652,1536066,1994987,1394097,879035,2006430,13,3553087,48309780,32691,0,6507,0,1920340,0,32805052,13373136,13746084,912,705860
2018-05-09_16-24-47.856273312,1525875887.857745665,2018-05-09_16-24-47.860747588,1525875887.862075158,1.80,1.81,1.78,843247458,691272709444,1519225,2238202,1578406,1985652,1536066,1994987,1394097,879035,2009596,13,3555480,48328251,32695,0,6508,0,1923500,0,32805052,13372872,13746080,912,705864
2018-05-09_16-25-17.895823578,1525875917.897206223,2018-05-09_16-25-17.900217318,1525875917.901549918,1.75,1.80,1.78,843247458,691272709444,1519225,2238202,1578406,1985652,1536066,1994987,1394097,879035,2012872,13,3557394,48347125,32696,0,6509,0,1926770,0,32805052,13373452,13746404,912,705864
2018-05-09_16-25-47.935496356,1525875947.937061810,2018-05-09_16-25-47.940078309,1525875947.941414979,1.83,1.82,1.78,843247458,691272709444,1519225,2238202,1578406,1985652,1536066,1994987,1394097,879035,2016025,13,3559811,48365584,32700,0,6509,0,1929916,0,32805052,13372880,13745836,912,705872
2018-05-09_16-26-17.975160725,1525875977.976546108,2018-05-09_16-26-17.979572054,1525875977.980916098,1.90,1.83,1.79,843247458,691272709444,1519225,2238202,1578406,1985652,1536066,1994987,1394097,879035,2019329,13,3561732,48384394,32703,0,6510,0,1933215,0,32805052,13373624,13746320,912,705872
2018-05-09_16-26-48.014922289,1525876008.016403981,2018-05-09_16-26-48.019423640,1525876008.020744405,1.81,1.82,1.78,843247458,691272709444,1519225,2238202,1578406,1985652,1536066,1994987,1394097,879035,2022625,13,3563692,48403247,32704,0,6510,0,1936504,0,32805052,13372568,13745788,912,705872
2018-05-09_16-27-18.054594227,1525876038.056371835,2018-05-09_16-27-18.059667222,1525876038.061083679,1.74,1.80,1.78,843247458,691272709444,1519225,2238202,1578406,1985652,1536066,1994987,1394097,879035,2025855,13,3565700,48422085,32707,0,6511,0,1939729,0,32805052,13372924,13745888,912,705876
2018-05-09_16-27-48.096374903,1525876068.097826436,2018-05-09_16-27-48.100836904,1525876068.102164357,1.86,1.82,1.78,843247458,691272709444,1519225,2238202,1578406,1985652,1536066,1994987,1394097,879035,2029082,13,3567703,48440942,32708,0,6511,0,1942949,0,32805052,13373816,13746780,912,705876
2018-05-09_16-28-18.136084665,1525876098.137729267,2018-05-09_16-28-18.140933396,1525876098.142354478,1.76,1.81,1.78,843247458,691272709444,1519225,2238202,1578406,1985652,1536066,1994987,1394097,879035,2032369,13,3569644,48459775,32709,0,6512,0,1946233,0,32805052,13373456,13746424,912,705880
2018-05-09_16-28-48.177229270,1525876128.178694220,2018-05-09_16-28-48.181705852,1525876128.183038390,1.72,1.79,1.77,843247458,691272709444,1519225,2238202,1578406,1985652,1536066,1994987,1394097,879035,2035587,13,3571753,48478485,32711,0,6512,0,1949446,0,32805052,13372420,13745396,912,705888
2018-05-09_16-29-18.216918636,1525876158.218332982,2018-05-09_16-29-18.221398873,1525876158.222738494,1.70,1.78,1.77,843247458,691272709444,1519225,2238202,1578406,1985652,1536066,1994987,1394097,879035,2039083,13,3573965,48496835,32711,0,6512,0,1952936,0,32805052,13358844,13731828,912,705904
2018-05-09_16-29-48.256807248,1525876188.258178756,2018-05-09_16-29-48.261169235,1525876188.262503426,1.64,1.75,1.76,843247458,691272709444,1519225,2238202,1578406,1985652,1536066,1994987,1394097,879035,2041914,13,3576334,48515738,32717,0,6512,0,1955760,0,32805052,13365348,13734240,912,701808
2018-05-09_16-30-18.296325392,1525876218.297713393,2018-05-09_16-30-18.300766101,1525876218.302104869,1.65,1.75,1.76,843247458,691272709444,1519225,2238202,1578406,1985652,1536066,1994987,1394097,879035,2045189,13,3578534,48534278,32720,0,6513,0,1959030,0,32805052,13365988,13734896,912,701832
2018-05-09_16-30-48.336232049,1525876248.337889759,2018-05-09_16-30-48.341076114,1525876248.342505933,1.52,1.71,1.75,843247458,691272709444,1519225,2238202,1578406,1985652,1536066,1994987,1394097,879035,2048477,13,3580354,48553187,32727,0,6513,0,1962311,0,32805052,13365308,13733964,912,701836
2018-05-09_16-31-18.377787955,1525876278.379193762,2018-05-09_16-31-18.382286228,1525876278.383620975,1.50,1.69,1.74,843247458,691272709444,1519225,2238202,1578406,1985652,1536066,1994987,1394097,879035,2051827,13,3582152,48572059,32730,0,6514,0,1965655,0,32805052,13365416,13734344,912,701844
2018-05-09_16-31-48.417775942,1525876308.419320819,2018-05-09_16-31-48.422333231,1525876308.423669009,1.64,1.70,1.75,843247458,691272709444,1519225,2238202,1578406,1985652,1536066,1994987,1394097,879035,2055271,13,3584066,48590843,32737,0,6514,0,1969094,0,32805052,13365608,13734552,912,701856
2018-05-09_16-32-18.458219514,1525876338.459799906,2018-05-09_16-32-18.462951691,1525876338.464294085,1.59,1.68,1.74,843247458,691272709444,1519225,2238202,1578406,1985652,1536066,1994987,1394097,879035,2058639,13,3586267,48609280,32742,0,6515,0,1972458,0,32805052,13378648,13747596,912,701856
2018-05-09_16-32-48.498137669,1525876368.499513842,2018-05-09_16-32-48.502498428,1525876368.503829060,1.64,1.68,1.74,843247458,691272709444,1519225,2238202,1578406,1985652,1536066,1994987,1394097,879035,2062038,13,3588014,48628133,32744,0,6515,0,1975854,0,32805052,13378688,13747644,912,701864
2018-05-09_16-33-18.537952291,1525876398.539318917,2018-05-09_16-33-18.542311304,1525876398.543639480,1.78,1.71,1.74,843247458,691272709444,1519225,2238202,1578406,1985652,1536066,1994987,1394097,879035,2065372,13,3589826,48646979,32747,0,6516,0,1979184,0,32805052,13378592,13747560,912,701876
2018-05-09_16-33-48.577446449,1525876428.578822568,2018-05-09_16-33-48.581805287,1525876428.583137104,1.72,1.71,1.74,843247458,691272709444,1519225,2238202,1578406,1985652,1536066,1994987,1394097,879035,2068811,13,3591372,48666084,32753,0,6516,0,1982618,0,32805052,13377932,13746912,912,701888
2018-05-09_16-34-18.617205121,1525876458.618853985,2018-05-09_16-34-18.622275262,1525876458.623687279,1.64,1.69,1.74,843247458,691272709444,1519225,2238202,1578406,1985652,1536066,1994987,1394097,879035,2072112,13,3593254,48684902,32759,0,6516,0,1985916,0,32805052,13377572,13746552,912,701888
2018-05-09_16-34-48.658673843,1525876488.660057763,2018-05-09_16-34-48.663055489,1525876488.664396520,1.57,1.67,1.73,843247458,691272709444,1519225,2238202,1578406,1985652,1536066,1994987,1394097,879035,2075393,13,3595193,48703689,32765,0,6517,0,1989191,0,32805052,13377916,13747400,912,702440
2018-05-09_16-35-18.698468706,1525876518.700141898,2018-05-09_16-35-18.703357238,1525876518.704762661,1.61,1.67,1.73,843247458,691272709444,1519225,2238202,1578406,1985652,1536066,1994987,1394097,879035,2078697,13,3597260,48722310,32773,0,6517,0,1992491,0,32805052,13377144,13746380,912,702468
2018-05-09_16-35-48.738992991,1525876548.740403332,2018-05-09_16-35-48.743431822,1525876548.744770589,1.77,1.70,1.73,843247458,691272709444,1519225,2238202,1578406,1985652,1536066,1994987,1394097,879035,2081981,13,3599237,48741044,32780,0,6518,0,1995770,0,32805052,13376568,13746404,912,702484
2018-05-09_16-36-18.778940899,1525876578.780396301,2018-05-09_16-36-18.783401915,1525876578.784734229,1.78,1.71,1.74,843247458,691272709444,1519225,2238202,1578406,1985652,1536066,1994987,1394097,879035,2085263,13,3601310,48759686,32787,0,6518,0,1999048,0,32805052,13377404,13747248,912,702492
2018-05-09_16-36-48.818540875,1525876608.819930450,2018-05-09_16-36-48.822944429,1525876608.824290877,1.81,1.72,1.74,843247458,691272709444,1519225,2238202,1578406,1985652,1536066,1994987,1394097,879035,2088527,13,3603394,48778346,32787,0,6518,0,2002307,0,32805052,13377356,13746944,912,702496
2018-05-09_16-37-18.859189486,1525876638.860603078,2018-05-09_16-37-18.863677919,1525876638.865024760,1.69,1.70,1.73,843247458,691272709444,1519225,2238202,1578406,1985652,1536066,1994987,1394097,879035,2091755,13,3605460,48797048,32793,0,6519,0,2005528,0,32805052,13365048,13734380,912,702508
2018-05-09_16-37-48.899222097,1525876668.900628362,2018-05-09_16-37-48.903676838,1525876668.905024588,1.81,1.73,1.74,843247458,691272709444,1519225,2238202,1578406,1985652,1536066,1994987,1394097,879035,2095105,13,3607490,48815656,32799,0,6520,0,2008853,0,32805052,13355348,13725016,912,702580
2018-05-09_16-38-18.939467022,1525876698.940895873,2018-05-09_16-38-18.944023406,1525876698.945378624,1.75,1.73,1.74,843247458,691272709444,1519225,2238202,1578406,1985652,1536066,1994987,1394097,879035,2098446,13,3609503,48834300,32806,0,6521,0,2012169,0,32805052,13356076,13725760,912,702596
2018-05-09_16-38-48.980105837,1525876728.981633140,2018-05-09_16-38-48.984770094,1525876728.986119587,1.72,1.72,1.74,843247458,691272709444,1519225,2238202,1578406,1985652,1536066,1994987,1394097,879035,2101733,13,3611598,48852922,32816,0,6522,0,2015424,0,32805052,13355636,13725324,912,702600
2018-05-09_16-39-19.020570059,1525876759.021991821,2018-05-09_16-39-19.025073301,1525876759.026428362,1.72,1.72,1.74,843247458,691272709444,1519225,2238202,1578406,1985652,1536066,1994987,1394097,879035,2104950,13,3613852,48871447,32821,0,6523,0,2018630,0,32805052,13355616,13725308,912,702604
2018-05-09_16-39-49.060939705,1525876789.062697188,2018-05-09_16-39-49.065879874,1525876789.067226511,1.72,1.71,1.74,843247458,691272709444,1519225,2238202,1578406,1985652,1536066,1994987,1394097,879035,2108243,13,3615659,48890364,32829,0,6523,0,2021905,0,32805052,13355328,13725028,912,702612
2018-05-09_16-40-19.101663345,1525876819.103282379,2018-05-09_16-40-19.106426830,1525876819.107774521,1.83,1.74,1.74,843247458,691272709444,1519225,2238202,1578406,1985652,1536066,1994987,1394097,879035,2111564,13,3617809,48908891,32836,0,6524,0,2025214,0,32805052,13368132,13737836,912,702612
2018-05-09_16-40-49.142284162,1525876849.143896780,2018-05-09_16-40-49.146972132,1525876849.148326441,1.84,1.75,1.75,843247458,691272709444,1519225,2238202,1578406,1985652,1536066,1994987,1394097,879035,2114798,13,3620036,48927416,32840,0,6525,0,2028433,0,32805052,13366708,13736424,912,702624
2018-05-09_16-41-19.182707539,1525876879.184183020,2018-05-09_16-41-19.187244382,1525876879.188592244,1.75,1.74,1.75,843247458,691272709444,1519225,2238202,1578406,1985652,1536066,1994987,1394097,879035,2118027,13,3621907,48946315,32843,0,6525,0,2031656,0,32805052,13368460,13738176,912,702624
2018-05-09_16-41-49.222812441,1525876909.224610931,2018-05-09_16-41-49.227937045,1525876909.229359989,1.77,1.75,1.75,843247458,691272709444,1519225,2238202,1578406,1985652,1536066,1994987,1394097,879035,2121260,13,3623813,48965171,32845,0,6525,0,2034886,0,32805052,13367608,13737328,912,702628
2018-05-09_16-42-19.264751216,1525876939.266448235,2018-05-09_16-42-19.269702008,1525876939.271320933,1.81,1.76,1.75,843247458,691272709444,1519225,2238202,1578406,1985652,1536066,1994987,1394097,879035,2124473,13,3625730,48984041,32853,0,6526,0,2038093,0,32805052,13376156,13746152,912,702644
