StartTime,StartEpoch,EndTime,EndEpoch,CPULoad1m,CPULoad5m,CPULoad5m,NetDevRX,NetDevTX,IRQens2-0,IRQens2-1,IRQens2-2,IRQens2-3,IRQens2-4,IRQens2-5,IRQens2-6,IRQens2-7,user,nice,system,idle,iowait,irq,softirq,steal,guest,guest_nice,MemTotal,MemFree,MemAvailable,Buffers,Cached
2018-05-07_16-05-54.589629278,1525701954.593561252,2018-05-07_16-05-54.601308739,1525701954.605051138,0.37,0.42,0.22,396213355148,378538314,3147342,73234,72065,3037202,198266,2585096,2541631,4649125,1126,0,14256,294072,2768,0,141,0,0,0,32805052,31812200,31694324,948,155416
2018-05-07_16-06-24.676585403,1525701984.678948885,2018-05-07_16-06-24.683624926,1525701984.685744595,0.62,0.47,0.25,490519591552,436174440,3166934,73234,266771,3037202,3148827,2585096,2541631,5401909,1159,0,17138,312836,2768,0,184,0,0,0,32805052,31811620,31693480,948,155420
2018-05-07_16-06-54.763701950,1525702014.765809015,2018-05-07_16-06-54.772725991,1525702014.774428320,0.77,0.52,0.27,584365215898,495398886,3166935,266768,3170566,3037202,3148827,2585096,2541631,6157855,1194,0,19999,331612,2768,0,205,0,0,0,32805052,31811420,31693196,948,155420
2018-05-07_16-07-24.828856376,1525702044.834059597,2018-05-07_16-07-24.843368196,1525702044.847449271,0.86,0.57,0.30,678791796026,553972812,3166936,3177064,3171721,3037202,3148827,2585096,2737567,6916345,1228,0,22877,350363,2768,0,229,0,0,0,32805052,31812268,31694524,948,155420
2018-05-07_16-07-54.917260066,1525702074.920559082,2018-05-07_16-07-54.925733816,1525702074.927782467,1.05,0.64,0.33,773674870346,612959658,3166937,3178127,3188559,3037202,3148827,2781550,5644222,7677718,1262,0,25769,369101,2768,0,253,0,0,0,32805052,31799592,31681432,948,155428
2018-05-07_16-08-24.990139840,1525702104.992827071,2018-05-07_16-08-24.997260299,1525702104.999395553,0.95,0.66,0.34,868441963820,671178624,3166938,3193993,3188559,3207545,3148827,5712628,5644222,8435650,1294,0,28672,387841,2768,0,279,0,0,0,32805052,31799600,31681476,948,155432
2018-05-07_16-08-55.095961751,1525702135.099903202,2018-05-07_16-08-55.108947998,1525702135.112973762,1.04,0.71,0.37,963077979878,734206410,3361600,3193993,3188559,5786797,3148827,5712628,5644222,9159987,1330,0,31548,406681,2768,0,301,0,0,0,32805052,31798152,31679996,948,155432
2018-05-07_16-09-25.206983029,1525702165.211370648,2018-05-07_16-09-25.219321721,1525702165.222873099,1.03,0.73,0.39,1057194605170,794616756,6433410,3193993,3188559,5786797,3148827,5712628,5644222,9921233,1367,0,34429,425475,2768,0,351,0,0,0,32805052,31799068,31681460,948,155432
2018-05-07_16-09-55.316958795,1525702195.320905882,2018-05-07_16-09-55.334463042,1525702195.338750988,0.95,0.74,0.41,1152159627926,854978682,9322817,3193993,3188559,5968532,3148827,5712628,5644222,10682757,1399,0,37329,444231,2768,0,396,0,0,0,32805052,31799496,31681404,948,155436
2018-05-07_16-10-25.393640265,1525702225.397084836,2018-05-07_16-10-25.402548057,1525702225.404619588,1.04,0.79,0.43,1246937924574,917496468,9322818,3195312,3188559,8553570,3148827,5913912,5644222,11407342,1434,0,40207,463023,2768,0,416,0,0,0,32805052,31799548,31681336,948,155448
2018-05-07_16-10-55.460598494,1525702255.465522063,2018-05-07_16-10-55.477084919,1525702255.481349725,1.03,0.81,0.45,1341369560524,977178414,9322819,3214737,3189690,8553570,3148827,8787377,5855605,12168766,1468,0,43092,481821,2768,0,446,0,0,0,32805052,31811540,31693416,948,155440
2018-05-07_16-11-25.598791804,1525702285.604642216,2018-05-07_16-11-25.617555547,1525702285.622409740,0.93,0.81,0.46,1436326721018,1035750060,9322820,3214737,3207526,8553570,3148827,8787377,9010080,12931492,1501,0,45993,500598,2768,0,463,0,0,0,32805052,31812096,31694148,948,155440
2018-05-07_16-11-55.743880720,1525702315.745968951,2018-05-07_16-11-55.750102657,1525702315.753371992,1.04,0.84,0.48,1531349814484,1094138706,9322821,3215854,3223359,8553570,3148827,9007125,11957533,13693283,1536,0,48887,519334,2768,0,489,0,0,0,32805052,31811812,31693788,948,155440
2018-05-07_16-12-25.812858805,1525702345.817639864,2018-05-07_16-12-25.827342477,1525702345.831289838,1.14,0.89,0.51,1626155555996,1152617172,9322822,3231711,3223359,8746349,3148827,11935349,11957533,14451674,1568,0,51778,538075,2768,0,511,0,0,0,32805052,31812140,31693652,948,155440
2018-05-07_16-12-55.905239479,1525702375.910149215,2018-05-07_16-12-55.918215433,1525702375.921030164,1.17,0.93,0.54,1720870982452,1214886498,9539920,3231711,3223359,11333874,3148827,11935349,11957533,15176098,1603,0,54653,556900,2768,0,526,0,0,0,32805052,31811684,31692980,948,155444
2018-05-07_16-13-26.008570618,1525702406.012812038,2018-05-07_16-13-26.020179606,1525702406.025167994,1.10,0.94,0.55,1815687804110,1274283684,12669121,3231711,3223359,11333874,3148827,11935349,11957533,15939220,1633,0,57548,575673,2768,0,564,0,0,0,32805052,31812036,31693600,948,155444
2018-05-07_16-13-56.148094073,1525702436.150138322,2018-05-07_16-13-56.158998986,1525702436.163601671,1.06,0.94,0.57,1911273033270,1333244310,15601612,3231711,3223359,11537265,3148827,11935349,11957533,16700992,1667,0,60456,594410,2768,0,607,0,0,0,32805052,31811036,31693224,948,155444
2018-05-07_16-14-26.262428817,1525702466.265614440,2018-05-07_16-14-26.270047521,1525702466.272200049,1.11,0.96,0.59,2006394628894,1395437196,15601613,3233104,3223359,14122605,3148827,12167991,11957533,17425986,1698,0,63344,613210,2768,0,623,0,0,0,32805052,31810604,31691896,948,155444
2018-05-07_16-14-56.321691313,1525702496.326533651,2018-05-07_16-14-56.338191890,1525702496.342994556,1.12,0.98,0.60,2100879229904,1456790262,15601614,3253932,3224695,14122605,3148827,15072241,12189728,18177781,1731,0,66236,631975,2768,0,647,0,0,0,32805052,31812308,31694288,948,155444
2018-05-07_16-15-26.452720417,1525702526.455121890,2018-05-07_16-15-26.459965518,1525702526.461744656,1.21,1.02,0.63,2195501952118,1516387008,15601615,3476604,3242600,14122605,3148827,15072241,15062919,18938678,1767,0,69113,650743,2768,0,663,0,0,0,32805052,31813336,31695204,948,155444
2018-05-07_16-15-56.517790125,1525702556.521120325,2018-05-07_16-15-56.530543609,1525702556.535376284,1.13,1.01,0.64,2288122149128,1578648654,15601616,6258646,3466524,14122605,3148827,15072241,15062919,19695458,1804,0,71962,669559,2768,0,692,0,0,0,32805052,31798864,31680496,948,155456
2018-05-07_16-16-26.640771199,1525702586.644686212,2018-05-07_16-16-26.653880889,1525702586.658056374,1.07,1.01,0.65,2380548608902,1641267120,15604068,6258646,6230679,14122605,3376437,15072241,15062919,20450933,1839,0,74811,688388,2768,0,713,0,0,0,32805052,31799508,31681156,948,155456
2018-05-07_16-16-56.734322354,1525702616.737639898,2018-05-07_16-16-56.741968799,1525702616.744060710,1.10,1.03,0.67,2472699156386,1703001768,15634925,6258646,6230679,14124680,6150143,15072241,15062919,21397266,1869,0,77643,707254,2768,0,777,0,0,0,32805052,31798696,31680008,948,155456
2018-05-07_16-17-26.812726185,1525702646.817085669,2018-05-07_16-17-26.825205142,1525702646.827962368,1.17,1.06,0.69,2565121102932,1766912154,15634926,6258646,6230679,14153778,6150143,15072241,15062919,24717283,1905,0,80453,726173,2768,0,796,0,0,0,32805052,31797520,31679984,948,155460
2018-05-07_16-17-56.901535923,1525702676.905817406,2018-05-07_16-17-56.913867126,1525702676.917760821,1.12,1.05,0.70,2659678608500,1827785940,15636291,6258646,6230679,14170542,6394986,15072241,15062919,27928962,1941,0,83314,745012,2768,0,828,0,0,0,32805052,31798428,31680140,948,155460
2018-05-07_16-18-26.995631048,1525702706.999606672,2018-05-07_16-18-27.008363376,1525702707.012646026,1.12,1.06,0.71,2754273580074,1885599546,15653880,6258646,6469183,14170542,9320311,15072241,15062919,28686727,1971,0,86190,763772,2768,0,883,0,0,0,32805052,31799036,31680932,948,155464
2018-05-07_16-18-57.097536644,1525702737.102627032,2018-05-07_16-18-57.115376256,1525702737.119018584,1.22,1.09,0.73,2849029056898,1944133152,15653881,6500947,9333078,14170542,9320311,15072241,15062919,29445330,2004,0,89061,782516,2768,0,901,0,0,0,32805052,31811828,31693348,948,155456
2018-05-07_16-19-27.165876539,1525702767.171049470,2018-05-07_16-19-27.183474377,1525702767.187839022,1.13,1.08,0.74,2943720981584,2002183278,15653882,9366612,9334546,14170542,9320311,15072241,15310906,30204096,2038,0,91935,801275,2768,0,922,0,0,0,32805052,31813108,31695040,948,155456
2018-05-07_16-19-57.304661484,1525702797.308438269,2018-05-07_16-19-57.313005803,1525702797.314951612,1.13,1.09,0.75,3038658961904,2060869824,15653883,9368033,9351747,14170542,9320311,15322662,18205778,30964432,2075,0,94806,820038,2768,0,942,0,0,0,32805052,31812128,31693588,948,155460
2018-05-07_16-20-27.365310138,1525702827.370819729,2018-05-07_16-20-27.379595281,1525702827.383434266,1.15,1.10,0.77,3133153131928,2118856350,15653884,9384913,9351747,14390326,9320311,18213946,18205778,31718821,2108,0,97681,838794,2768,0,965,0,0,0,32805052,31812132,31693736,948,155464
2018-05-07_16-20-57.487538960,1525702857.491001969,2018-05-07_16-20-57.499111325,1525702857.503686777,1.15,1.10,0.78,3227848458102,2180093916,15902094,9384913,9351747,16968146,9320311,18213946,18205778,32442550,2142,0,100555,857613,2768,0,986,0,0,0,32805052,31812932,31693436,948,155464
2018-05-07_16-21-27.584370523,1525702887.588131039,2018-05-07_16-21-27.595690273,1525702887.598559094,1.09,1.09,0.79,3322546681166,2239982322,19002142,9384913,9351747,16968146,9320311,18213946,18205778,33205140,2176,0,103425,876386,2768,0,1023,0,0,0,32805052,31812604,31693680,948,155464
2018-05-07_16-21-57.689911574,1525702917.694004145,2018-05-07_16-21-57.700764916,1525702917.704583341,1.06,1.08,0.79,3417707939300,2300106888,21867013,9384913,9351747,17199288,9320311,18213946,18205778,33966934,2207,0,106308,895141,2768,0,1062,0,0,0,32805052,31811304,31692756,948,155464
2018-05-07_16-22-27.784987539,1525702947.787419027,2018-05-07_16-22-27.791834817,1525702947.795985562,1.15,1.11,0.81,3512918580242,2362389294,21867014,9386422,9351747,19762315,9320311,18471411,18205778,34693254,2239,0,109177,913931,2768,0,1078,0,0,0,32805052,31811076,31692952,948,155464
2018-05-07_16-22-57.859032457,1525702977.864870142,2018-05-07_16-22-57.876315236,1525702977.881057680,1.09,1.10,0.81,3607462309182,2421694020,21867015,9405168,9353135,19762315,9320311,21303305,18465032,35453299,2271,0,112041,932709,2768,0,1103,0,0,0,32805052,31811480,31693252,948,155464
2018-05-07_16-23-27.938259673,1525703007.942883615,2018-05-07_16-23-27.950912046,1525703007.953735925,1.31,1.15,0.84,3701870060498,2481382566,21867016,9652639,9370175,19762315,9320311,21303305,21323983,36213445,2303,0,114907,951474,2768,0,1116,0,0,0,32805052,31811756,31693392,948,155464
2018-05-07_16-23-58.017549958,1525703038.020041347,2018-05-07_16-23-58.024908127,1525703038.026970091,1.12,1.12,0.84,3793952689932,2544209172,21867017,12408167,9620585,19762315,9320311,21303305,21323983,36969148,2337,0,117751,970306,2768,0,1142,0,0,0,32805052,31797968,31680076,948,155472
2018-05-07_16-24-28.111555827,1525703068.113607527,2018-05-07_16-24-28.117661605,1525703068.119400067,0.99,1.09,0.84,3886291826668,2607004698,21869195,12408167,12394530,19762315,9575048,21303305,21323983,37725107,2372,0,120591,989112,2768,0,1163,0,0,0,32805052,31798828,31680384,948,155476
2018-05-07_16-24-58.180942992,1525703098.187301756,2018-05-07_16-24-58.196711706,1525703098.201567958,0.93,1.07,0.84,3978607989150,2669346798,21895722,12408167,12394530,19764431,12373619,21303305,21323983,38698904,2407,0,123432,1007977,2768,0,1204,0,0,0,32805052,31797112,31679432,948,155476
2018-05-07_16-25-28.327155691,1525703128.330961091,2018-05-07_16-25-28.337379077,1525703128.341300572,0.95,1.06,0.85,4071776147190,2733154464,21895723,12408167,12394530,19786965,12373619,21303305,21323983,42064071,2448,0,126273,1026829,2768,0,1232,0,0,0,32805052,31797968,31679944,948,155476
2018-05-07_16-25-58.390428892,1525703158.394732895,2018-05-07_16-25-58.399958113,1525703158.403269656,0.98,1.06,0.85,4166322367936,2793344094,21897370,12408167,12394530,19802590,12639521,21303305,21323983,45257623,2489,0,129122,1045646,2768,0,1259,0,0,0,32805052,31798012,31680364,948,155480
2018-05-07_16-26-28.484751900,1525703188.487082239,2018-05-07_16-26-28.491211841,1525703188.493133615,1.07,1.07,0.87,4261019954852,2851696080,21914637,12408167,12660673,19802590,15520213,21303305,21323983,46016496,2524,0,132000,1064385,2768,0,1293,0,0,0,32805052,31799016,31680636,948,155480
2018-05-07_16-26-58.542527534,1525703218.546903059,2018-05-07_16-26-58.553405760,1525703218.555207916,1.12,1.08,0.87,4355814625642,2910287406,21914638,12668827,15556712,19802590,15520213,21303305,21323983,46776564,2558,0,134883,1083112,2768,0,1310,0,0,0,32805052,31808204,31689704,948,155472
2018-05-07_16-27-28.599054912,1525703248.601202556,2018-05-07_16-27-28.605928521,1525703248.607762116,1.22,1.10,0.89,4450376931940,2968548372,21914639,15779732,15556712,19802590,15520213,21303305,21323983,47534068,2592,0,137768,1101837,2768,0,1329,0,0,0,32805052,31812092,31693644,948,155476
2018-05-07_16-27-58.661972110,1525703278.667225629,2018-05-07_16-27-58.677446125,1525703278.682057228,1.06,1.08,0.89,4542527292618,3030277518,21914640,18546847,15808677,19802590,15520213,21303305,21323983,48288336,2624,0,140610,1120665,2768,0,1349,0,0,0,32805052,31811772,31693576,948,155476
2018-05-07_16-28-28.769366232,1525703308.771445598,2018-05-07_16-28-28.780877720,1525703308.784152460,1.10,1.08,0.89,4635344366002,3092774664,21917002,18546847,18596056,19802590,15778806,21303305,21323983,49047689,2656,0,143464,1139479,2768,0,1367,0,0,0,32805052,31812556,31694128,948,155476
2018-05-07_16-28-58.867435839,1525703338.872016778,2018-05-07_16-28-58.878050704,1525703338.880460238,1.06,1.08,0.90,4727909087640,3154477170,21942751,18546847,18596056,19804853,18587145,21303305,21323983,50020617,2690,0,146310,1158302,2768,0,1398,0,0,0,32805052,31810408,31691956,948,155476
2018-05-07_16-29-28.938973178,1525703368.943362533,2018-05-07_16-29-28.950769275,1525703368.953608645,1.04,1.07,0.90,4820318085346,3218360616,21942752,18546847,18596056,19829915,18587145,21303305,21323983,53363016,2723,0,149141,1177202,2768,0,1411,0,0,0,32805052,31810948,31692960,948,155476
2018-05-07_16-29-59.011561381,1525703399.013653740,2018-05-07_16-29-59.017695213,1525703399.019468221,1.02,1.06,0.90,4914649302864,3279226662,21944607,18546847,18596056,19846485,18848289,21303305,21323983,56550393,2757,0,151998,1196029,2768,0,1441,0,0,0,32805052,31811360,31693180,948,155476
2018-05-07_16-30-29.072998728,1525703429.078896797,2018-05-07_16-30-29.090112925,1525703429.094887225,1.09,1.07,0.91,5008572375904,3337390248,21965058,18546847,18856609,19846485,21722650,21303305,21323983,57304429,2791,0,154869,1214840,2768,0,1477,0,0,0,32805052,31810604,31692016,948,155484
2018-05-07_16-30-59.202147435,1525703459.206144129,2018-05-07_16-30-59.211494733,1525703459.213770678,1.14,1.08,0.92,5103248358728,3396686574,21965059,18810277,21700517,19846485,21722650,21303305,21323983,58065521,2822,0,157754,1233607,2768,0,1493,0,0,0,32805052,31810160,31691984,948,155484
2018-05-07_16-31-29.266501761,1525703489.271852791,2018-05-07_16-31-29.283331354,1525703489.288562896,1.08,1.08,0.92,5197436776778,3455103600,21965060,21647011,21701862,19846485,21722650,21303305,21596203,58821702,2856,0,160630,1252369,2768,0,1519,0,0,0,32805052,31811724,31693996,948,155484
2018-05-07_16-31-59.345433825,1525703519.349098516,2018-05-07_16-31-59.355430360,1525703519.358702284,1.05,1.07,0.93,5291447623788,3513268086,21965061,21648479,21720381,19846485,21722650,21569798,24467868,59576128,2890,0,163498,1271133,2768,0,1545,0,0,0,32805052,31798576,31680180,948,155496
2018-05-07_16-32-29.416359846,1525703549.420417591,2018-05-07_16-32-29.429840204,1525703549.432906251,0.96,1.05,0.92,5386307969436,3571993542,21965062,21665492,21720381,20082258,21722650,24435014,24467868,60332367,2926,0,166388,1289892,2768,0,1574,0,0,0,32805052,31798920,31681420,948,155496
2018-05-07_16-32-59.508516803,1525703579.512646463,2018-05-07_16-32-59.522507163,1525703579.526869468,0.91,1.03,0.92,5481046915240,3634157208,22231253,21665492,21720381,22639342,21722650,24435014,24467868,61055357,2960,0,169258,1308716,2768,0,1598,0,0,0,32805052,31799248,31680432,948,155496
2018-05-07_16-33-29.608323557,1525703609.612295338,2018-05-07_16-33-29.619984176,1525703609.622667970,0.95,1.02,0.92,5576080002048,3693409374,25368038,21665492,21720381,22639342,21722650,24435014,24467868,61818997,3000,0,172146,1327480,2768,0,1644,0,0,0,32805052,31798540,31679880,948,155500
2018-05-07_16-33-59.732342911,1525703639.737850072,2018-05-07_16-33-59.748654913,1525703639.752825436,0.91,1.01,0.92,5671276089572,3752388900,28260058,21665492,21720381,22888962,21722650,24435014,24467868,62578667,3036,0,175055,1346222,2768,0,1688,0,0,0,32805052,31799128,31680104,948,155504
2018-05-07_16-34-29.826348302,1525703669.828620078,2018-05-07_16-34-29.832938305,1525703669.836611623,0.88,0.99,0.92,5765716626078,3813690006,28260059,21667184,21720381,25459502,21722650,24706648,24467868,63300047,3068,0,177923,1365016,2768,0,1701,0,0,0,32805052,31799084,31681032,948,155508
2018-05-07_16-34-59.889668715,1525703699.895407321,2018-05-07_16-34-59.906993797,1525703699.911204941,0.93,0.99,0.92,5860393861508,3873332052,28260060,21683901,21722044,25459502,21722650,27529482,24742334,64064061,3100,0,180822,1383788,2768,0,1730,0,0,0,32805052,31811364,31693736,948,155500
2018-05-07_16-35-30.020139732,1525703730.023856473,2018-05-07_16-35-30.032458496,1525703730.035691888,1.08,1.02,0.93,5955101436268,3933222078,28261880,21683901,21740525,25459502,22000949,27529482,27560585,64826010,3131,0,183708,1402577,2768,0,1758,0,0,0,32805052,31811640,31693240,948,155500
2018-05-07_16-36-00.127122267,1525703760.131904910,2018-05-07_16-36-00.143580105,1525703760.149325366,1.05,1.02,0.94,6049854094018,3992458584,28280886,21683901,21740525,25461034,24833789,27529482,27560585,65829257,3167,0,186582,1421369,2768,0,1794,0,0,0,32805052,31810992,31692680,948,155500
2018-05-07_16-36-30.231202918,1525703790.234086449,2018-05-07_16-36-30.238368491,1525703790.240119010,1.03,1.02,0.94,6144234032776,4053102450,28280887,21959714,21740525,25476452,24833789,27529482,27560585,69038762,3199,0,189445,1440184,2768,0,1811,0,0,0,32805052,31810184,31692096,948,155500
2018-05-07_16-37-00.311439128,1525703820.314736320,2018-05-07_16-37-00.321619302,1525703820.324378665,1.09,1.03,0.95,6238688538624,4112541036,28280888,24731170,22020980,25476452,24833789,27529482,27560585,69799544,3233,0,192322,1458975,2768,0,1836,0,0,0,32805052,31811516,31693268,948,155500
2018-05-07_16-37-30.434642511,1525703850.437623566,2018-05-07_16-37-30.446662154,1525703850.451689631,1.05,1.03,0.95,6332949452882,4172809362,28280889,24731170,25097098,25476452,24833789,27529482,27560585,70561702,3265,0,195198,1477791,2768,0,1856,0,0,0,32805052,31811392,31693428,948,155500
2018-05-07_16-38-00.560426313,1525703880.563751416,2018-05-07_16-38-00.568384260,1525703880.570438071,1.03,1.02,0.95,6425025831132,4234813068,28280890,25011344,27829594,25476452,24833789,27529482,27560585,71314927,3295,0,198030,1496630,2768,0,1877,0,0,0,32805052,31809948,31692148,948,155500
2018-05-07_16-38-30.633181422,1525703910.636758340,2018-05-07_16-38-30.645390110,1525703910.649705552,1.10,1.04,0.96,6517453803832,4296920574,28280891,27724055,27829594,25478644,24833789,27529482,27560585,72313411,3322,0,200877,1515456,2768,0,1899,0,0,0,32805052,31810180,31692012,948,155500
2018-05-07_16-39-00.715359515,1525703940.717969682,2018-05-07_16-39-00.722481465,1525703940.724486959,1.06,1.04,0.96,6609680213746,4362254640,28283650,27724055,27829594,25502335,25116745,27529482,27560585,75373681,3357,0,203699,1534353,2768,0,1912,0,0,0,32805052,31811124,31692676,948,155500
2018-05-07_16-39-30.811504519,1525703970.818431107,2018-05-07_16-39-30.830705471,1525703970.836695700,0.92,1.00,0.95,6702558728416,4425594726,28311357,27724055,27829594,25771328,27840441,27529482,27560585,76127889,3392,0,206553,1553225,2768,0,1957,0,0,0,32805052,31809504,31691416,948,155500
2018-05-07_16-40-00.962613150,1525704000.965569827,2018-05-07_16-40-00.973677878,1525704000.976731549,0.95,1.00,0.95,6797379092916,4494283812,28617295,27724055,27829594,28290584,27840441,27529482,27560585,76838405,3430,0,209441,1572010,2768,0,1985,0,0,0,32805052,31796684,31678812,948,155508
2018-05-07_16-40-31.073705971,1525704031.079611092,2018-05-07_16-40-31.091242479,1525704031.095868742,1.16,1.05,0.97,6892323108700,4553296758,31468378,27724055,27831184,28290584,27840441,27529482,27879159,77601922,3470,0,212338,1590781,2768,0,2033,0,0,0,32805052,31798020,31679536,948,155520
2018-05-07_16-41-01.206605225,1525704061.211112895,2018-05-07_16-41-01.218442031,1525704061.220537028,1.10,1.04,0.97,6987232321912,4612159404,31468379,27725854,27847076,28290584,27840441,27836447,30735760,78363359,3503,0,215227,1609512,2768,0,2055,0,0,0,32805052,31798176,31680208,948,155520
2018-05-07_16-41-31.263797206,1525704091.266321328,2018-05-07_16-41-31.271057020,1525704091.272746907,1.11,1.05,0.98,7082061280932,4671384030,31468380,27743564,27847076,28290584,27840441,30926678,30735760,79126644,3538,0,218119,1628237,2768,0,2085,0,0,0,32805052,31798792,31680636,948,155528
2018-05-07_16-42-01.326650876,1525704121.330713171,2018-05-07_16-42-01.339690931,1525704121.343541858,1.14,1.06,0.98,7177512593102,4729479546,31468381,27758237,27848388,28290584,27840441,33731016,31052925,79889212,3573,0,221028,1646971,2768,0,2124,0,0,0,32805052,31783912,31665676,948,155528
2018-05-07_16-42-31.447218871,1525704151.450998396,2018-05-07_16-42-31.460784978,1525704151.464442331,1.14,1.07,0.99,7270911100402,4773143172,31784027,27758237,27848597,28290584,27840441,33731016,33914307,80596285,3600,0,224004,1665750,2768,0,2149,0,0,0,32805052,31799376,31681624,948,155528
2018-05-07_16-43-01.561169418,1525704181.567871376,2018-05-07_16-43-01.580702900,1525704181.583212250,1.15,1.08,0.99,7365476291720,4832113578,34606150,27758237,27848597,28577298,27840441,33731016,33914307,81349579,3632,0,226889,1684540,2768,0,2190,0,0,0,32805052,31810768,31692364,948,155524
2018-05-07_16-43-31.699341560,1525704211.705111666,2018-05-07_16-43-31.719198162,1525704211.724366165,1.17,1.09,1.00,7460433381606,4893029424,34606151,27758237,27848597,31420807,27840441,33731016,33914307,82070555,3665,0,229769,1703390,2768,0,2209,0,0,0,32805052,31809988,31691972,948,155524
2018-05-07_16-44-01.848229012,1525704241.852305164,2018-05-07_16-44-01.860837299,1525704241.864079589,1.04,1.07,0.99,7555446005906,4954493730,34932232,27758237,27848597,33926689,27840441,33731016,33914307,82794997,3697,0,232641,1722214,2768,0,2232,0,0,0,32805052,31809272,31691764,948,155524
2018-05-07_16-44-31.960725237,1525704271.965854212,2018-05-07_16-44-31.977922489,1525704271.982118973,1.02,1.06,0.99,7650521810384,5013948096,37723600,27758237,27850812,33926689,27840441,33731016,34248859,83558648,3732,0,235530,1740986,2768,0,2265,0,0,0,32805052,31810252,31691904,948,155524
2018-05-07_16-45-02.090601171,1525704302.093692835,2018-05-07_16-45-02.098213132,1525704302.100156795,1.01,1.06,0.99,7745241071366,5074516902,37723601,27760462,27869284,33926689,27840441,34065089,37021168,84318115,3766,0,238410,1759756,2768,0,2283,0,0,0,32805052,31809392,31692036,948,155524
2018-05-07_16-45-32.150612359,1525704332.152662592,2018-05-07_16-45-32.157013538,1525704332.158973359,1.01,1.05,0.99,7839764533938,5138888568,37723602,27780307,27869284,33926689,27840441,37164827,37021168,85056842,3797,0,241307,1778466,2768,0,2303,0,0,0,32805052,31810448,31692372,948,155524
2018-05-07_16-46-02.204447097,1525704362.209357847,2018-05-07_16-46-02.222089811,1525704362.226852144,1.07,1.06,1.00,7934677464276,5204077074,37723603,27798440,27871202,33926689,27840441,39890218,37366064,85797992,3827,0,244214,1797224,2768,0,2329,0,0,0,32805052,31806764,31689316,948,155524
2018-05-07_16-46-32.348541020,1525704392.351763727,2018-05-07_16-46-32.357938187,1525704392.361482928,1.04,1.05,1.00,8029603363888,5270502720,38060659,27798440,27888661,33926689,27840441,39890218,40185701,86536331,3859,0,247122,1815962,2768,0,2362,0,0,0,32805052,31810820,31692884,948,155524
2018-05-07_16-47-02.448881286,1525704422.453888786,2018-05-07_16-47-02.464503591,1525704422.469116204,1.03,1.05,1.00,8124445988090,5330553966,40822380,27798440,27888661,34235394,27840441,39890218,40185701,87294972,3892,0,250002,1834730,2768,0,2399,0,0,0,32805052,31810552,31692268,948,155524
2018-05-07_16-47-32.556304619,1525704452.560294423,2018-05-07_16-47-32.570363801,1525704452.574261920,1.10,1.06,1.00,8219416704950,5392361100,40824452,27798440,27888661,36735693,28190939,39890218,40185701,88021185,3926,0,252876,1853531,2768,0,2416,0,0,0,32805052,31810128,31692036,948,155524
2018-05-07_16-48-02.640239929,1525704482.645204514,2018-05-07_16-48-02.649769528,1525704482.652241503,1.06,1.05,1.00,8313928342508,5451198726,40841529,27798440,27888661,36737469,31002358,39890218,40185701,89082378,3961,0,255766,1872278,2768,0,2462,0,0,0,32805052,31797032,31679484,948,155532
2018-05-07_16-48-32.722080541,1525704512.724334444,2018-05-07_16-48-32.728093571,1525704512.729946389,1.04,1.05,1.00,8408586039716,5512573392,40841530,28133332,27888661,36752211,31002358,39890218,40185701,92251246,3995,0,258650,1891064,2768,0,2486,0,0,0,32805052,31797884,31679732,948,155536
2018-05-07_16-49-02.777570079,1525704542.782073272,2018-05-07_16-49-02.792866214,1525704542.798281738,1.02,1.04,1.00,8503172838504,5576766900,40841531,30852761,28232280,36752211,31002358,39890218,40185701,92990260,4029,0,261548,1909834,2768,0,2513,0,0,0,32805052,31797812,31680172,948,155540
2018-05-07_16-49-32.915399093,1525704572.921222901,2018-05-07_16-49-32.932920969,1525704572.937307772,1.01,1.04,1.00,8597803826878,5636132946,40841532,30852761,31368757,36752211,31002358,39890218,40185701,93751823,4065,0,264440,1928615,2768,0,2544,0,0,0,32805052,31798780,31680440,948,155540
2018-05-07_16-50-03.049953066,1525704603.053779042,2018-05-07_16-50-03.060735822,1525704603.063895444,1.01,1.04,1.00,8690481883996,5698386432,40841533,31196352,34084984,36752211,31002358,39890218,40185701,94510222,4105,0,267300,1947442,2768,0,2580,0,0,0,32805052,31797300,31679356,948,155552
2018-05-07_16-50-33.155652042,1525704633.159668007,2018-05-07_16-50-33.167877723,1525704633.172707370,1.00,1.03,1.00,8782934866762,5760523458,40841534,33871772,34084984,36754885,31002358,39890218,40185701,95571196,4138,0,270150,1966265,2768,0,2598,0,0,0,32805052,31797508,31679380,948,155552
2018-05-07_16-51-03.243929251,1525704663.247712383,2018-05-07_16-51-03.256368890,1525704663.260315393,1.08,1.05,1.01,8875607262106,5825060904,40844887,33871772,34084984,36776066,31356627,39890218,40185701,98662997,4171,0,273001,1985137,2768,0,2621,0,0,0,32805052,31811632,31692720,948,155544
2018-05-07_16-51-33.347428801,1525704693.352897217,2018-05-07_16-51-33.361662039,1525704693.365323477,1.05,1.04,1.01,8968514138278,5894582910,40870894,33871772,34084984,37107033,34064597,39890218,40185701,99393263,4205,0,275880,2003936,2768,0,2653,0,0,0,32805052,31809740,31692188,948,155544
2018-05-07_16-52-03.443537719,1525704723.448036466,2018-05-07_16-52-03.458667860,1525704723.462092019,1.09,1.05,1.01,9063077196462,5955919896,41236678,33871772,34084984,39618507,34064597,39890218,40185701,100118382,4238,0,278751,2022758,2768,0,2674,0,0,0,32805052,31809564,31691720,948,155544
2018-05-07_16-52-33.550820227,1525704753.552871741,2018-05-07_16-52-33.557413567,1525704753.559466366,1.19,1.08,1.02,9157786453362,6016036062,44009721,33871772,34087187,39618507,34064597,39890218,40556002,100876263,4272,0,281637,2041501,2768,0,2703,0,0,0,32805052,31810004,31692144,948,155544
2018-05-07_16-53-03.610481479,1525704783.615015703,2018-05-07_16-53-03.622025399,1525704783.624382744,1.18,1.09,1.03,9252479356690,6080266068,44009722,33874072,34103966,39618507,34064597,40247388,43359037,101616957,4308,0,284540,2060216,2768,0,2716,0,0,0,32805052,31810388,31691952,948,155544
2018-05-07_16-53-33.671714863,1525704813.673780171,2018-05-07_16-53-33.678326896,1525704813.679994419,1.17,1.10,1.03,9346989733586,6139600734,44009723,33893353,34103966,39618507,34064597,43321156,43359037,102378245,4340,0,287436,2078997,2768,0,2737,0,0,0,32805052,31810488,31692176,948,155544
2018-05-07_16-54-03.801864950,1525704843.805571145,2018-05-07_16-54-03.813035936,1525704843.816531795,1.15,1.10,1.04,9441855736304,6199351620,44009724,33909052,34106064,39618507,34064597,46070483,43733109,103136786,4369,0,290339,2097734,2768,0,2769,0,0,0,32805052,31810776,31692468,948,155544
2018-05-07_16-54-33.877109263,1525704873.881259734,2018-05-07_16-54-33.888469687,1525704873.891950032,1.16,1.11,1.05,9536711405212,6264142746,44375341,33909052,34122033,39618507,34064597,46070483,46512667,103879634,4402,0,293245,2116459,2768,0,2784,0,0,0,32805052,31810692,31692916,948,155544
2018-05-07_16-55-03.964959980,1525704903.971560278,2018-05-07_16-55-03.985377314,1525704903.990833681,1.09,1.10,1.05,9631605325780,6325254192,47117922,33909052,34122033,39946523,34064597,46070483,46512667,104636067,4436,0,296135,2135242,2768,0,2819,0,0,0,32805052,31810228,31692672,948,155544
2018-05-07_16-55-34.077153139,1525704934.080873640,2018-05-07_16-55-34.089279817,1525704934.091911079,1.06,1.09,1.05,9726413719160,6394328658,47120124,33909052,34122033,42374335,34446388,46070483,46512667,105347903,4469,0,299023,2154069,2768,0,2841,0,0,0,32805052,31804936,31686672,948,155548
2018-05-07_16-56-04.207806966,1525704964.210431801,2018-05-07_16-56-04.214622185,1525704964.216720002,1.10,1.10,1.05,9821282038372,6453599664,47136898,33909052,34122033,42376135,37229719,46070483,46512667,106437158,4507,0,301916,2172819,2768,0,2886,0,0,0,32805052,31797412,31679892,948,155556
2018-05-07_16-56-34.285030308,1525704994.291376904,2018-05-07_16-56-34.305640356,1525704994.309023984,1.13,1.10,1.05,9916224991514,6514441170,47136899,34276999,34122033,42390614,37229719,46070483,46512667,109569427,4542,0,304796,2191604,2768,0,2908,0,0,0,32805052,31798444,31680304,948,155560
2018-05-07_16-57-04.359556443,1525705024.365245341,2018-05-07_16-57-04.377307743,1525705024.380345059,1.08,1.09,1.05,10010721121032,6573998376,47136900,36953027,34496241,42390614,37229719,46070483,46512667,110331663,4577,0,307678,2210397,2768,0,2936,0,0,0,32805052,31799104,31681040,948,155560
2018-05-07_16-57-34.503376878,1525705054.506762668,2018-05-07_16-57-34.518844873,1525705054.523392819,1.05,1.09,1.05,10105264781666,6634192362,47136901,36953027,37580814,42390614,37229719,46070483,46512667,111093999,4612,0,310566,2229199,2768,0,2969,0,0,0,32805052,31799436,31681328,948,155564
2018-05-07_16-58-04.625418553,1525705084.628705781,2018-05-07_16-58-04.636544678,1525705084.639388766,1.03,1.08,1.05,10198025657404,6697298628,47136902,37322639,40210510,42390614,37229719,46070483,46512667,111852202,4651,0,313423,2248022,2768,0,3000,0,0,0,32805052,31799040,31681204,948,155564
2018-05-07_16-58-34.709619813,1525705114.711675081,2018-05-07_16-58-34.715958201,1525705114.718041899,1.07,1.08,1.05,10290761909894,6760537014,47136903,39923725,40210510,42393806,37229719,46070483,46512667,112931755,4685,0,316279,2266854,2768,0,3024,0,0,0,32805052,31798248,31680332,948,155564
2018-05-07_16-59-04.801996479,1525705144.805166883,2018-05-07_16-59-04.812376383,1525705144.816016878,1.04,1.08,1.05,10383454795674,6825286980,47140421,39923725,40210510,42415758,37613713,46070483,46512667,115938399,4720,0,319116,2285738,2768,0,3043,0,0,0,32805052,31810848,31692220,948,155560
2018-05-07_16-59-34.883951761,1525705174.888049143,2018-05-07_16-59-34.895233969,1525705174.898398282,1.14,1.10,1.05,10476421581472,6887276106,47167332,39923725,40210510,42415758,40694317,46070483,46512667,116696199,4753,0,321984,2304554,2768,0,3081,0,0,0,32805052,31810480,31692724,948,155560
2018-05-07_17-00-05.011507775,1525705205.015432130,2018-05-07_17-00-05.023632992,1525705205.027754626,1.14,1.11,1.06,10571342977760,6947106432,47184264,39923725,40210510,42418140,43462136,46070483,46512667,117798273,4786,0,324877,2323315,2768,0,3119,0,0,0,32805052,31810272,31692264,948,155568
2018-05-07_17-00-35.101812256,1525705235.106676065,2018-05-07_17-00-35.117134174,1525705235.121171311,1.09,1.10,1.05,10665873578078,7013207538,47184265,40314528,40210510,42436835,43462136,46070483,46512667,120883620,4818,0,327765,2342134,2768,0,3141,0,0,0,32805052,31811280,31693268,948,155568
2018-05-07_17-01-05.228682754,1525705265.231925343,2018-05-07_17-01-05.236496031,1525705265.238382705,1.19,1.12,1.06,10760371732272,7072425264,47184266,42962993,40615244,42436835,43462136,46070483,46512667,121642406,4850,0,330639,2360927,2770,0,3165,0,0,0,32805052,31811296,31693352,948,155568
2018-05-07_17-01-35.349999580,1525705295.353485398,2018-05-07_17-01-35.359618731,1525705295.362726226,1.05,1.09,1.05,10854607637318,7132207650,47184267,42962993,43745502,42436835,43462136,46070483,46512667,122401297,4884,0,333515,2379714,2770,0,3184,0,0,0,32805052,31811960,31693920,948,155568
2018-05-07_17-02-05.454682878,1525705325.458166801,2018-05-07_17-02-05.467342719,1525705325.471127112,0.95,1.07,1.04,10947034202790,7195225056,47184268,43357831,46386653,42436835,43462136,46070483,46512667,123158843,4918,0,336372,2398559,2770,0,3202,0,0,0,32805052,31810692,31692300,948,155568
2018-05-07_17-02-35.575279539,1525705355.577101085,2018-05-07_17-02-35.583476435,1525705355.585867013,0.89,1.04,1.04,11039272196006,7259061702,47184269,45963842,46386653,42441178,43462136,46070483,46512667,124248570,4952,0,339214,2417387,2770,0,3226,0,0,0,32805052,31810544,31692620,948,155572
2018-05-07_17-03-05.658814478,1525705385.662335121,2018-05-07_17-03-05.672270686,1525705385.676736913,0.93,1.04,1.04,11131436031538,7331377548,47188133,45963842,46386653,42472361,43872912,46070483,46512667,127169459,4979,0,342062,2436280,2770,0,3245,0,0,0,32805052,31811308,31692904,948,155572
2018-05-07_17-03-35.764880056,1525705415.771369566,2018-05-07_17-03-35.784844541,1525705415.787591729,1.03,1.05,1.04,11224124230358,7393963434,47213859,45963842,46386653,42852059,46539974,46070483,46512667,127920962,5014,0,344913,2455103,2770,0,3283,0,0,0,32805052,31809952,31691436,948,155572
2018-05-07_17-04-05.836507855,1525705445.840620519,2018-05-07_17-04-05.848846261,1525705445.852102405,1.02,1.05,1.04,11318944375268,7454804580,47631156,45963842,46386653,45309015,46539974,46070483,46512667,128647510,5046,0,347793,2473886,2770,0,3315,0,0,0,32805052,31799176,31680836,948,155580
2018-05-07_17-04-35.922654806,1525705475.924544811,2018-05-07_17-04-35.928259072,1525705475.931350905,1.01,1.04,1.04,11413666777794,7514064186,50329769,45963842,46389075,45309015,46539974,46070483,46936223,129408672,5080,0,350683,2492613,2770,0,3355,0,0,0,32805052,31797536,31679796,948,155584
2018-05-07_17-05-05.989830409,1525705505.992006945,2018-05-07_17-05-05.996656218,1525705505.998604386,1.01,1.04,1.04,11508348019400,7573016292,50329770,45966302,46405402,45309015,46539974,46487044,49670575,130169311,5111,0,353576,2511350,2770,0,3380,0,0,0,32805052,31798652,31680652,948,155584
