StartTime,StartEpoch,EndTime,EndEpoch,CPULoad1m,CPULoad5m,CPULoad5m,NetDevRX,NetDevTX,IRQens2-0,IRQens2-1,IRQens2-2,IRQens2-3,IRQens2-4,IRQens2-5,IRQens2-6,IRQens2-7,user,nice,system,idle,iowait,irq,softirq,steal,guest,guest_nice,MemTotal,MemFree,MemAvailable,Buffers,Cached
2018-05-09_14-05-36.239015311,1525867536.240403672,2018-05-09_14-05-36.243475442,1525867536.244825696,0.34,0.87,1.28,843246514,691272708500,1519221,2238186,1578406,1985652,1536066,1994987,1394097,879035,1109591,13,3058616,43056131,31221,0,6340,0,1028954,0,32805052,13381428,13707544,912,659488
2018-05-09_14-06-06.278613205,1525867566.280026131,2018-05-09_14-06-06.283072799,1525867566.284425202,0.67,0.90,1.28,843246514,691272708500,1519221,2238186,1578406,1985652,1536066,1994987,1394097,879035,1112977,13,3060151,43075253,31232,0,6340,0,1032332,0,32805052,13381584,13707712,912,659504
2018-05-09_14-06-36.318782252,1525867596.320498469,2018-05-09_14-06-36.323807726,1525867596.325237538,1.02,0.95,1.29,843246514,691272708500,1519221,2238186,1578406,1985652,1536066,1994987,1394097,879035,1116363,13,3061683,43094375,31236,0,6340,0,1035711,0,32805052,13379820,13705960,912,659512
2018-05-09_14-07-06.360623730,1525867626.362203991,2018-05-09_14-07-06.365221512,1525867626.366555908,1.34,1.04,1.31,843246514,691272708500,1519221,2238186,1578406,1985652,1536066,1994987,1394097,879035,1119593,13,3063258,43113615,31242,0,6341,0,1038935,0,32805052,13380656,13706804,912,659520
2018-05-09_14-07-36.401062907,1525867656.402706397,2018-05-09_14-07-36.405799852,1525867656.407151082,1.32,1.07,1.31,843246514,691272708500,1519221,2238186,1578406,1985652,1536066,1994987,1394097,879035,1123006,13,3064749,43132725,31244,0,6341,0,1042341,0,32805052,13381692,13707848,912,659528
2018-05-09_14-08-06.441831372,1525867686.443488365,2018-05-09_14-08-06.446702421,1525867686.448120698,1.33,1.09,1.31,843246514,691272708500,1519221,2238186,1578406,1985652,1536066,1994987,1394097,879035,1126376,13,3066280,43151835,31251,0,6341,0,1045704,0,32805052,13392216,13718372,912,659524
2018-05-09_14-08-36.483577863,1525867716.485128791,2018-05-09_14-08-36.488126938,1525867716.489478426,1.31,1.11,1.31,843246514,691272708500,1519221,2238186,1578406,1985652,1536066,1994987,1394097,879035,1129775,13,3067711,43170984,31253,0,6342,0,1049098,0,32805052,13393452,13719872,912,659524
2018-05-09_14-09-06.523801863,1525867746.525367083,2018-05-09_14-09-06.528378970,1525867746.529703855,1.37,1.15,1.32,843246514,691272708500,1519221,2238186,1578406,1985652,1536066,1994987,1394097,879035,1132928,13,3069334,43190231,31254,0,6342,0,1052244,0,32805052,13394300,13720460,912,659524
2018-05-09_14-09-36.563875407,1525867776.565529754,2018-05-09_14-09-36.568582854,1525867776.569919867,1.49,1.20,1.33,843246514,691272708500,1519221,2238186,1578406,1985652,1536066,1994987,1394097,879035,1136410,13,3070684,43209349,31255,0,6342,0,1055721,0,32805052,13394260,13720420,912,659524
2018-05-09_14-10-06.603573563,1525867806.604948189,2018-05-09_14-10-06.607956694,1525867806.609283636,1.44,1.21,1.33,843246514,691272708500,1519221,2238186,1578406,1985652,1536066,1994987,1394097,879035,1139834,13,3072061,43228471,31260,0,6342,0,1059140,0,32805052,13394096,13720276,912,659536
2018-05-09_14-10-36.643143102,1525867836.644677951,2018-05-09_14-10-36.647651259,1525867836.648982490,1.46,1.24,1.33,843246514,691272708500,1519221,2238186,1578406,1985652,1536066,1994987,1394097,879035,1143134,13,3073535,43247621,31260,0,6342,0,1062434,0,32805052,13394228,13720052,912,659536
2018-05-09_14-11-06.682918279,1525867866.684295604,2018-05-09_14-11-06.687302113,1525867866.688651091,1.54,1.28,1.34,843246514,691272708500,1519221,2238186,1578406,1985652,1536066,1994987,1394097,879035,1146474,13,3074895,43266879,31263,0,6343,0,1065766,0,32805052,13394384,13720572,912,659544
2018-05-09_14-11-36.723401860,1525867896.724847748,2018-05-09_14-11-36.727832734,1525867896.729161215,1.53,1.30,1.35,843246514,691272708500,1519221,2238186,1578406,1985652,1536066,1994987,1394097,879035,1149859,13,3076353,43285960,31268,0,6343,0,1069146,0,32805052,13393712,13719904,912,659548
2018-05-09_14-12-06.763225832,1525867926.764710294,2018-05-09_14-12-06.767721315,1525867926.769051693,1.45,1.31,1.34,843246514,691272708500,1519221,2238186,1578406,1985652,1536066,1994987,1394097,879035,1153261,13,3077752,43305060,31273,0,6344,0,1072544,0,32805052,13394200,13720400,912,659556
2018-05-09_14-12-36.803270387,1525867956.804823368,2018-05-09_14-12-36.807828860,1525867956.809158957,1.40,1.31,1.34,843246514,691272708500,1519221,2238186,1578406,1985652,1536066,1994987,1394097,879035,1156743,13,3079043,43324180,31276,0,6344,0,1076021,0,32805052,13394284,13720224,912,659560
2018-05-09_14-13-06.843060607,1525867986.844475552,2018-05-09_14-13-06.847557864,1525867986.848895777,1.50,1.34,1.35,843246514,691272708500,1519221,2238186,1578406,1985652,1536066,1994987,1394097,879035,1159952,13,3080415,43343421,31281,0,6345,0,1079223,0,32805052,13381060,13707276,912,659576
2018-05-09_14-13-36.883253671,1525868016.884637213,2018-05-09_14-13-36.887635022,1525868016.888981766,1.41,1.34,1.35,843246514,691272708500,1519221,2238186,1578406,1985652,1536066,1994987,1394097,879035,1163438,13,3081759,43362473,31284,0,6345,0,1082704,0,32805052,13381268,13707496,912,659588
2018-05-09_14-14-06.923646282,1525868046.925239835,2018-05-09_14-14-06.928311430,1525868046.929670213,1.51,1.37,1.36,843246514,691272708500,1519221,2238186,1578406,1985652,1536066,1994987,1394097,879035,1166812,13,3083070,43381616,31287,0,6346,0,1086072,0,32805052,13380248,13706484,912,659596
2018-05-09_14-14-36.963759954,1525868076.965170203,2018-05-09_14-14-36.968236866,1525868076.969594095,1.63,1.41,1.38,843246514,691272708500,1519221,2238186,1578406,1985652,1536066,1994987,1394097,879035,1169960,13,3084479,43400879,31292,0,6346,0,1089212,0,32805052,13380724,13706976,912,659612
2018-05-09_14-15-07.004503318,1525868107.006083664,2018-05-09_14-15-07.009140653,1525868107.010503311,1.66,1.44,1.39,843246514,691272708500,1519221,2238186,1578406,1985652,1536066,1994987,1394097,879035,1173319,13,3085825,43419996,31298,0,6346,0,1092567,0,32805052,13381152,13707416,912,659624
2018-05-09_14-15-37.045259865,1525868137.046968724,2018-05-09_14-15-37.050241027,1525868137.051649322,1.46,1.41,1.38,843246514,691272708500,1519221,2238186,1578406,1985652,1536066,1994987,1394097,879035,1176699,13,3087194,43439077,31327,0,6347,0,1095942,0,32805052,13369960,13706800,912,670228
2018-05-09_14-16-07.087003951,1525868167.088405251,2018-05-09_14-16-07.091560850,1525868167.092900435,1.62,1.45,1.40,843246514,691272708500,1519221,2238186,1578406,1985652,1536066,1994987,1394097,879035,1180084,13,3088642,43458145,31329,0,6347,0,1099321,0,32805052,13382876,13719748,912,670228
2018-05-09_14-16-37.126978628,1525868197.128347746,2018-05-09_14-16-37.131315804,1525868197.132656049,1.71,1.49,1.41,843246514,691272708500,1519221,2238186,1578406,1985652,1536066,1994987,1394097,879035,1183435,13,3090031,43477248,31336,0,6347,0,1102669,0,32805052,13383720,13720600,912,670236
2018-05-09_14-17-07.166768088,1525868227.168309015,2018-05-09_14-17-07.171350699,1525868227.172685851,1.54,1.47,1.41,843246514,691272708500,1519221,2238186,1578406,1985652,1536066,1994987,1394097,879035,1186629,13,3091469,43496392,31341,0,6348,0,1105857,0,32805052,13383372,13720252,912,670236
2018-05-09_14-17-37.206657368,1525868257.208096412,2018-05-09_14-17-37.211459619,1525868257.212801582,1.46,1.46,1.41,843246514,691272708500,1519221,2238186,1578406,1985652,1536066,1994987,1394097,879035,1189851,13,3092863,43515608,31342,0,6348,0,1109075,0,32805052,13383460,13720340,912,670236
2018-05-09_14-18-07.246611649,1525868287.247987454,2018-05-09_14-18-07.250980893,1525868287.252307823,1.33,1.43,1.40,843246514,691272708500,1519221,2238186,1578406,1985652,1536066,1994987,1394097,879035,1193169,13,3094345,43534684,31344,0,6348,0,1112386,0,32805052,13384280,13721160,912,670236
2018-05-09_14-18-37.286036905,1525868317.287413185,2018-05-09_14-18-37.290383350,1525868317.291714493,1.48,1.46,1.41,843246514,691272708500,1519221,2238186,1578406,1985652,1536066,1994987,1394097,879035,1196318,13,3095791,43553850,31346,0,6349,0,1115531,0,32805052,13384016,13721160,912,670240
2018-05-09_14-19-07.325602675,1525868347.327370467,2018-05-09_14-19-07.330657076,1525868347.332064582,1.50,1.46,1.41,843246514,691272708500,1519221,2238186,1578406,1985652,1536066,1994987,1394097,879035,1199578,13,3097171,43573038,31355,0,6351,0,1118786,0,32805052,13382344,13722548,912,673936
2018-05-09_14-19-37.367083434,1525868377.368459792,2018-05-09_14-19-37.371443787,1525868377.372767434,1.51,1.46,1.41,843246514,691272708500,1519221,2238186,1578406,1985652,1536066,1994987,1394097,879035,1202770,13,3098660,43592136,31360,0,6352,0,1121974,0,32805052,13380588,13723704,912,676408
2018-05-09_14-20-07.406751311,1525868407.408136204,2018-05-09_14-20-07.411166463,1525868407.412493149,1.50,1.47,1.41,843246514,691272708500,1519221,2238186,1578406,1985652,1536066,1994987,1394097,879035,1206016,13,3100129,43611206,31365,0,6353,0,1125214,0,32805052,13380340,13723792,912,676740
2018-05-09_14-20-37.446480838,1525868437.447928390,2018-05-09_14-20-37.450931915,1525868437.452251419,1.49,1.47,1.42,843246514,691272708500,1519221,2238186,1578406,1985652,1536066,1994987,1394097,879035,1209212,13,3101647,43630291,31375,0,6353,0,1128407,0,32805052,13381456,13724936,912,676768
2018-05-09_14-21-07.485980029,1525868467.487386025,2018-05-09_14-21-07.490409598,1525868467.491737457,1.56,1.49,1.42,843246514,691272708500,1519221,2238186,1578406,1985652,1536066,1994987,1394097,879035,1212448,13,3103141,43649318,31390,0,6354,0,1131635,0,32805052,13364384,13712480,912,681128
2018-05-09_14-21-37.525980228,1525868497.527463074,2018-05-09_14-21-37.530522481,1525868497.531847508,1.46,1.47,1.42,843246514,691272708500,1519221,2238186,1578406,1985652,1536066,1994987,1394097,879035,1215578,13,3104611,43668437,31406,0,6354,0,1134762,0,32805052,13363536,13711624,912,681376
2018-05-09_14-22-07.566096409,1525868527.567755459,2018-05-09_14-22-07.570853838,1525868527.572190736,1.54,1.49,1.43,843246514,691272708500,1519221,2238186,1578406,1985652,1536066,1994987,1394097,879035,1218744,13,3105981,43687674,31413,0,6355,0,1137919,0,32805052,13362808,13710912,912,681392
2018-05-09_14-22-37.606438200,1525868557.607965612,2018-05-09_14-22-37.611059632,1525868557.612414734,1.44,1.48,1.42,843246514,691272708500,1519221,2238186,1578406,1985652,1536066,1994987,1394097,879035,1221908,13,3107456,43706786,31416,0,6356,0,1141076,0,32805052,13362260,13710628,912,681396
2018-05-09_14-23-07.646658361,1525868587.648133981,2018-05-09_14-23-07.651179109,1525868587.652520610,1.48,1.48,1.42,843246514,691272708500,1519221,2238186,1578406,1985652,1536066,1994987,1394097,879035,1225122,13,3108905,43725880,31420,0,6356,0,1144285,0,32805052,13362044,13710160,912,681404
2018-05-09_14-23-37.686627219,1525868617.688349216,2018-05-09_14-23-37.691618295,1525868617.693026480,1.50,1.48,1.43,843246514,691272708500,1519221,2238186,1578406,1985652,1536066,1994987,1394097,879035,1228328,13,3110318,43744990,31428,0,6357,0,1147486,0,32805052,13361328,13709456,912,681412
2018-05-09_14-24-07.728353707,1525868647.729763181,2018-05-09_14-24-07.732798589,1525868647.734132395,1.51,1.48,1.43,843246514,691272708500,1519221,2238186,1578406,1985652,1536066,1994987,1394097,879035,1231466,13,3111683,43764261,31430,0,6357,0,1150619,0,32805052,13374280,13722404,912,681404
2018-05-09_14-24-37.768404444,1525868677.770065122,2018-05-09_14-24-37.773259042,1525868677.774670942,1.56,1.50,1.43,843246514,691272708500,1519221,2238186,1578406,1985652,1536066,1994987,1394097,879035,1234621,13,3113096,43783392,31432,0,6357,0,1153771,0,32805052,13374772,13722828,912,681408
2018-05-09_14-25-07.809916937,1525868707.811317264,2018-05-09_14-25-07.814328271,1525868707.815669650,1.49,1.49,1.43,843246514,691272708500,1519221,2238186,1578406,1985652,1536066,1994987,1394097,879035,1237763,13,3114550,43802497,31435,0,6358,0,1156909,0,32805052,13376104,13724236,912,681412
2018-05-09_14-25-37.849440104,1525868737.850811938,2018-05-09_14-25-37.853816709,1525868737.855148238,1.35,1.45,1.42,843246514,691272708500,1519221,2238186,1578406,1985652,1536066,1994987,1394097,879035,1240901,13,3115982,43821633,31440,0,6358,0,1160042,0,32805052,13375812,13723948,912,681416
2018-05-09_14-26-07.889147191,1525868767.890607368,2018-05-09_14-26-07.893633360,1525868767.894967449,1.55,1.49,1.43,843246514,691272708500,1519221,2238186,1578406,1985652,1536066,1994987,1394097,879035,1244028,13,3117332,43840922,31447,0,6359,0,1163158,0,32805052,13375548,13723816,912,681548
2018-05-09_14-26-37.928713992,1525868797.930085949,2018-05-09_14-26-37.933081353,1525868797.934409153,1.40,1.46,1.42,843246514,691272708500,1519221,2238186,1578406,1985652,1536066,1994987,1394097,879035,1247138,13,3118673,43860181,31450,0,6359,0,1166261,0,32805052,13375520,13723792,912,681552
2018-05-09_14-27-07.968418083,1525868827.969802713,2018-05-09_14-27-07.972790732,1525868827.974126545,1.64,1.51,1.44,843246514,691272708500,1519221,2238186,1578406,1985652,1536066,1994987,1394097,879035,1250265,13,3120121,43879296,31451,0,6359,0,1169384,0,32805052,13375576,13723848,912,681552
2018-05-09_14-27-38.008466717,1525868858.010104805,2018-05-09_14-27-38.013301987,1525868858.014708707,1.58,1.51,1.44,843246514,691272708500,1519221,2238186,1578406,1985652,1536066,1994987,1394097,879035,1253464,13,3121543,43898405,31452,0,6360,0,1172579,0,32805052,13374568,13723100,912,681552
2018-05-09_14-28-08.049706163,1525868888.051095955,2018-05-09_14-28-08.054092219,1525868888.055429928,1.61,1.53,1.45,843246514,691272708500,1519221,2238186,1578406,1985652,1536066,1994987,1394097,879035,1256671,13,3122960,43917515,31455,0,6360,0,1175781,0,32805052,13375200,13723480,912,681560
2018-05-09_14-28-38.089724720,1525868918.091484097,2018-05-09_14-28-38.094775319,1525868918.096181933,1.54,1.52,1.45,843246514,691272708500,1519221,2238186,1578406,1985652,1536066,1994987,1394097,879035,1259778,13,3124351,43936795,31464,0,6360,0,1178882,0,32805052,13375020,13723304,912,681564
2018-05-09_14-29-08.131272303,1525868948.132689413,2018-05-09_14-29-08.135752516,1525868948.137089729,1.53,1.52,1.45,843246514,691272708500,1519221,2238186,1578406,1985652,1536066,1994987,1394097,879035,1262672,13,3126123,43955934,31465,0,6360,0,1181770,0,32805052,13362508,13711064,912,681580
2018-05-09_14-29-38.171821464,1525868978.173287796,2018-05-09_14-29-38.176445237,1525868978.177854622,1.45,1.50,1.45,843246514,691272708500,1519221,2238186,1578406,1985652,1536066,1994987,1394097,879035,1265838,13,3127714,43975039,31469,0,6361,0,1184933,0,32805052,13362584,13710624,912,681588
2018-05-09_14-30-08.213126212,1525869008.214691760,2018-05-09_14-30-08.217756605,1525869008.219084957,1.68,1.55,1.47,843246514,691272708500,1519221,2238186,1578406,1985652,1536066,1994987,1394097,879035,1269359,13,3129037,43994097,31475,0,6361,0,1188446,0,32805052,13361572,13709896,912,681600
2018-05-09_14-30-38.252935737,1525869038.254354238,2018-05-09_14-30-38.257492325,1525869038.258861713,1.69,1.56,1.47,843246514,691272708500,1519221,2238186,1578406,1985652,1536066,1994987,1394097,879035,1272721,13,3130285,44013364,31480,0,6361,0,1191802,0,32805052,13362404,13710400,912,681612
2018-05-09_14-31-08.293191001,1525869068.294592948,2018-05-09_14-31-08.297609015,1525869068.298951121,1.60,1.56,1.47,843246514,691272708500,1519221,2238186,1578406,1985652,1536066,1994987,1394097,879035,1276032,13,3131804,44032423,31483,0,6361,0,1195108,0,32805052,13362484,13710824,912,681616
2018-05-09_14-31-38.333212170,1525869098.334725770,2018-05-09_14-31-38.337795524,1525869098.339129038,1.49,1.53,1.47,843246514,691272708500,1519221,2238186,1578406,1985652,1536066,1994987,1394097,879035,1279192,13,3133409,44051500,31493,0,6361,0,1198257,0,32805052,13361400,13709748,912,681624
2018-05-09_14-32-08.373746623,1525869128.375312341,2018-05-09_14-32-08.378802417,1525869128.380143937,1.48,1.53,1.47,843246514,691272708500,1519221,2238186,1578406,1985652,1536066,1994987,1394097,879035,1282361,13,3134955,44070648,31496,0,6362,0,1201414,0,32805052,13373488,13721832,912,681616
2018-05-09_14-32-38.415113245,1525869158.416654208,2018-05-09_14-32-38.419666317,1525869158.420996190,1.43,1.51,1.47,843246514,691272708500,1519221,2238186,1578406,1985652,1536066,1994987,1394097,879035,1285627,13,3136348,44089927,31498,0,6362,0,1204670,0,32805052,13374748,13723092,912,681616
2018-05-09_14-33-08.454990183,1525869188.456380224,2018-05-09_14-33-08.459370143,1525869188.460692494,1.46,1.51,1.47,843246514,691272708500,1519221,2238186,1578406,1985652,1536066,1994987,1394097,879035,1288926,13,3137804,44109068,31501,0,6362,0,1207967,0,32805052,13374796,13723148,912,681624
2018-05-09_14-33-38.495307419,1525869218.496864373,2018-05-09_14-33-38.499848549,1525869218.501170781,1.52,1.53,1.48,843246514,691272708500,1519221,2238186,1578406,1985652,1536066,1994987,1394097,879035,1292254,13,3139237,44128191,31502,0,6362,0,1211287,0,32805052,13374636,13723248,912,681624
2018-05-09_14-34-08.535205456,1525869248.536594142,2018-05-09_14-34-08.539581347,1525869248.540909927,1.64,1.55,1.49,843246514,691272708500,1519221,2238186,1578406,1985652,1536066,1994987,1394097,879035,1295557,13,3140706,44147324,31504,0,6363,0,1214585,0,32805052,13374856,13723208,912,681624
2018-05-09_14-34-38.574951238,1525869278.576317193,2018-05-09_14-34-38.579303965,1525869278.580625993,1.66,1.57,1.50,843246514,691272708500,1519221,2238186,1578406,1985652,1536066,1994987,1394097,879035,1298967,13,3142192,44166348,31507,0,6363,0,1217991,0,32805052,13374840,13723456,912,681628
2018-05-09_14-35-08.614591832,1525869308.616381612,2018-05-09_14-35-08.619669847,1525869308.621073652,1.74,1.59,1.51,843246514,691272708500,1519221,2238186,1578406,1985652,1536066,1994987,1394097,879035,1302396,13,3143662,44185442,31510,0,6363,0,1221415,0,32805052,13374308,13722396,912,681640
2018-05-09_14-35-38.656252131,1525869338.657825893,2018-05-09_14-35-38.660855237,1525869338.662190572,1.62,1.58,1.50,843246514,691272708500,1519221,2238186,1578406,1985652,1536066,1994987,1394097,879035,1305792,13,3145142,44204592,31511,0,6363,0,1224808,0,32805052,13374556,13722924,912,681640
2018-05-09_14-36-08.696644008,1525869368.698222220,2018-05-09_14-36-08.701264287,1525869368.702605309,1.62,1.59,1.51,843246514,691272708500,1519221,2238186,1578406,1985652,1536066,1994987,1394097,879035,1309143,13,3146540,44223822,31515,0,6363,0,1228153,0,32805052,13374480,13723112,912,681644
2018-05-09_14-36-38.736553777,1525869398.737924676,2018-05-09_14-36-38.740922953,1525869398.742265885,1.70,1.61,1.52,843246514,691272708500,1519221,2238186,1578406,1985652,1536066,1994987,1394097,879035,1312497,13,3147997,44242920,31518,0,6364,0,1231501,0,32805052,13375184,13723560,912,681648
2018-05-09_14-37-08.776440560,1525869428.778053072,2018-05-09_14-37-08.781189130,1525869428.782582146,1.55,1.59,1.51,843246514,691272708500,1519221,2238186,1578406,1985652,1536066,1994987,1394097,879035,1315885,13,3149419,44262006,31519,0,6364,0,1234884,0,32805052,13361772,13710160,912,681664
2018-05-09_14-37-38.816868753,1525869458.818518683,2018-05-09_14-37-38.821665561,1525869458.823066116,1.54,1.58,1.51,843246514,691272708500,1519221,2238186,1578406,1985652,1536066,1994987,1394097,879035,1319286,13,3150840,44281126,31520,0,6364,0,1238281,0,32805052,13361032,13709684,912,681668
2018-05-09_14-38-08.858242843,1525869488.859941242,2018-05-09_14-38-08.863122912,1525869488.864502245,1.46,1.56,1.50,843246514,691272708500,1519221,2238186,1578406,1985652,1536066,1994987,1394097,879035,1322602,13,3152283,44300334,31529,0,6365,0,1241588,0,32805052,13361372,13709776,912,681676
2018-05-09_14-38-38.898931700,1525869518.900415331,2018-05-09_14-38-38.903465041,1525869518.904820884,1.47,1.55,1.50,843246514,691272708500,1519221,2238186,1578406,1985652,1536066,1994987,1394097,879035,1326089,13,3153682,44319417,31532,0,6365,0,1245070,0,32805052,13361228,13709644,912,681688
2018-05-09_14-39-08.939090717,1525869548.940758302,2018-05-09_14-39-08.943973964,1525869548.945393325,1.47,1.54,1.50,843246514,691272708500,1519221,2238186,1578406,1985652,1536066,1994987,1394097,879035,1329597,13,3155099,44338502,31534,0,6365,0,1248574,0,32805052,13361024,13709444,912,681692
2018-05-09_14-39-38.980666958,1525869578.982070946,2018-05-09_14-39-38.985139665,1525869578.986482645,1.53,1.55,1.50,843246514,691272708500,1519221,2238186,1578406,1985652,1536066,1994987,1394097,879035,1333041,13,3156475,44357679,31544,0,6366,0,1252013,0,32805052,13361556,13709980,912,681696
2018-05-09_14-40-09.021010438,1525869609.022480683,2018-05-09_14-40-09.025522996,1525869609.026850947,1.52,1.55,1.50,843246514,691272708500,1519221,2238186,1578406,1985652,1536066,1994987,1394097,879035,1336315,13,3157875,44377038,31545,0,6366,0,1255276,0,32805052,13373300,13721996,912,681704
2018-05-09_14-40-39.061487002,1525869639.063012944,2018-05-09_14-40-39.066009808,1525869639.067344565,1.57,1.56,1.51,843246514,691272708500,1519221,2238186,1578406,1985652,1536066,1994987,1394097,879035,1339829,13,3159322,44396108,31550,0,6366,0,1258786,0,32805052,13373644,13722084,912,681708
2018-05-09_14-41-09.101303869,1525869669.102783917,2018-05-09_14-41-09.105801095,1525869669.107129157,1.56,1.56,1.51,843246514,691272708500,1519221,2238186,1578406,1985652,1536066,1994987,1394097,879035,1343332,13,3160744,44415223,31555,0,6366,0,1262285,0,32805052,13374876,13722960,912,681708
2018-05-09_14-41-39.141025178,1525869699.142679244,2018-05-09_14-41-39.145869973,1525869699.147276700,1.53,1.55,1.50,843246514,691272708500,1519221,2238186,1578406,1985652,1536066,1994987,1394097,879035,1346775,13,3162173,44434369,31560,0,6366,0,1265724,0,32805052,13374704,13722740,912,681712
2018-05-09_14-42-09.182233554,1525869729.183622955,2018-05-09_14-42-09.186626078,1525869729.187960836,1.58,1.56,1.51,843246514,691272708500,1519221,2238186,1578406,1985652,1536066,1994987,1394097,879035,1350053,13,3163634,44453619,31561,0,6367,0,1268996,0,32805052,13375336,13723784,912,681716
2018-05-09_14-42-39.222028070,1525869759.223680319,2018-05-09_14-42-39.226854205,1525869759.228260783,1.42,1.52,1.50,843246514,691272708500,1519221,2238186,1578406,1985652,1536066,1994987,1394097,879035,1353364,13,3165057,44472885,31563,0,6367,0,1272301,0,32805052,13374752,13722844,912,681716
2018-05-09_14-43-09.263382850,1525869789.264954793,2018-05-09_14-43-09.267973894,1525869789.269302633,1.32,1.49,1.49,843246514,691272708500,1519221,2238186,1578406,1985652,1536066,1994987,1394097,879035,1356805,13,3166529,44491929,31564,0,6368,0,1275737,0,32805052,13374288,13722736,912,681716
2018-05-09_14-43-39.303300232,1525869819.304844096,2018-05-09_14-43-39.308101186,1525869819.309437358,1.48,1.51,1.49,843246514,691272708500,1519221,2238186,1578406,1985652,1536066,1994987,1394097,879035,1360222,13,3168082,44510961,31565,0,6368,0,1279150,0,32805052,13374424,13723140,912,681720
2018-05-09_14-44-09.343635767,1525869849.345194604,2018-05-09_14-44-09.348217793,1525869849.349563940,1.50,1.51,1.50,843246514,691272708500,1519221,2238186,1578406,1985652,1536066,1994987,1394097,879035,1363573,13,3169622,44530058,31567,0,6368,0,1282496,0,32805052,13375176,13723372,912,681728
2018-05-09_14-44-39.383636722,1525869879.385003024,2018-05-09_14-44-39.387979595,1525869879.389314863,1.65,1.54,1.51,843246514,691272708500,1519221,2238186,1578406,1985652,1536066,1994987,1394097,879035,1366975,13,3171009,44549290,31577,0,6368,0,1285893,0,32805052,13375160,13723624,912,681732
2018-05-09_14-45-09.423308540,1525869909.424806155,2018-05-09_14-45-09.427867186,1525869909.429207772,1.72,1.57,1.52,843246514,691272708500,1519221,2238186,1578406,1985652,1536066,1994987,1394097,879035,1370383,13,3172524,44568357,31581,0,6368,0,1289292,0,32805052,13361808,13710280,912,681744
2018-05-09_14-45-39.463430306,1525869939.464799512,2018-05-09_14-45-39.467778378,1525869939.469100434,1.69,1.58,1.52,843246514,691272708500,1519221,2238186,1578406,1985652,1536066,1994987,1394097,879035,1373769,13,3174053,44587457,31584,0,6368,0,1292673,0,32805052,13362152,13710632,912,681752
2018-05-09_14-46-09.502971672,1525869969.504374956,2018-05-09_14-46-09.507382877,1525869969.508710062,1.55,1.55,1.51,843246514,691272708500,1519221,2238186,1578406,1985652,1536066,1994987,1394097,879035,1377185,13,3175562,44606522,31592,0,6369,0,1296082,0,32805052,13361280,13709488,912,681760
2018-05-09_14-46-39.542776143,1525869999.544162419,2018-05-09_14-46-39.547224441,1525869999.548566579,1.66,1.58,1.52,843246514,691272708500,1519221,2238186,1578406,1985652,1536066,1994987,1394097,879035,1380536,13,3176995,44625767,31595,0,6369,0,1299426,0,32805052,13361136,13709628,912,681764
2018-05-09_14-47-09.582863324,1525870029.584578886,2018-05-09_14-47-09.587780420,1525870029.589185714,1.80,1.62,1.54,843246514,691272708500,1519221,2238186,1578406,1985652,1536066,1994987,1394097,879035,1383898,13,3178556,44644853,31599,0,6369,0,1302783,0,32805052,13360508,13708468,912,681776
2018-05-09_14-47-39.624505137,1525870059.625911131,2018-05-09_14-47-39.628985730,1525870059.630321078,1.82,1.64,1.55,843246514,691272708500,1519221,2238186,1578406,1985652,1536066,1994987,1394097,879035,1387261,13,3180159,44663908,31604,0,6370,0,1306139,0,32805052,13361040,13709548,912,681780
2018-05-09_14-48-09.664980620,1525870089.666594021,2018-05-09_14-48-09.669814497,1525870089.671238676,1.83,1.66,1.56,843246514,691272708500,1519221,2238186,1578406,1985652,1536066,1994987,1394097,879035,1390631,13,3181755,44682965,31609,0,6370,0,1309504,0,32805052,13373444,13721932,912,681776
2018-05-09_14-48-39.706560057,1525870119.708105896,2018-05-09_14-48-39.711440096,1525870119.712817969,1.64,1.63,1.55,843246514,691272708500,1519221,2238186,1578406,1985652,1536066,1994987,1394097,879035,1394025,13,3183106,44702244,31614,0,6370,0,1312890,0,32805052,13375272,13723780,912,681776
2018-05-09_14-49-09.747370649,1525870149.748969931,2018-05-09_14-49-09.752006266,1525870149.753357431,1.72,1.65,1.56,843246514,691272708500,1519221,2238186,1578406,1985652,1536066,1994987,1394097,879035,1397419,13,3184668,44721327,31616,0,6371,0,1316281,0,32805052,13374408,13722920,912,681780
2018-05-09_14-49-39.787446114,1525870179.788910279,2018-05-09_14-49-39.791927684,1525870179.793273833,1.69,1.65,1.56,843246514,691272708500,1519221,2238186,1578406,1985652,1536066,1994987,1394097,879035,1400757,13,3186247,44740427,31620,0,6371,0,1319615,0,32805052,13374468,13722980,912,681780
2018-05-09_14-50-09.828100064,1525870209.829694479,2018-05-09_14-50-09.832776187,1525870209.834136451,1.66,1.65,1.57,843246514,691272708500,1519221,2238186,1578406,1985652,1536066,1994987,1394097,879035,1404189,13,3187775,44759496,31622,0,6371,0,1323042,0,32805052,13374976,13723504,912,681796
2018-05-09_14-50-39.868236077,1525870239.869707265,2018-05-09_14-50-39.872705471,1525870239.874048518,1.61,1.64,1.56,843246514,691272708500,1519221,2238186,1578406,1985652,1536066,1994987,1394097,879035,1407580,13,3189320,44778570,31624,0,6371,0,1326428,0,32805052,13375216,13723452,912,681800
2018-05-09_14-51-09.908125866,1525870269.909699546,2018-05-09_14-51-09.912745856,1525870269.914088085,1.49,1.61,1.56,843246514,691272708500,1519221,2238186,1578406,1985652,1536066,1994987,1394097,879035,1411016,13,3190845,44797630,31633,0,6372,0,1329860,0,32805052,13374720,13723332,912,682144
2018-05-09_14-51-39.948231485,1525870299.949804183,2018-05-09_14-51-39.952833597,1525870299.954174709,1.69,1.64,1.57,843246514,691272708500,1519221,2238186,1578406,1985652,1536066,1994987,1394097,879035,1414422,13,3192188,44816909,31636,0,6372,0,1333264,0,32805052,13374328,13723212,912,682152
2018-05-09_14-52-09.989776427,1525870329.991378534,2018-05-09_14-52-09.994470241,1525870329.995801561,1.61,1.63,1.57,843246514,691272708500,1519221,2238186,1578406,1985652,1536066,1994987,1394097,879035,1417826,13,3193720,44835993,31642,0,6373,0,1336649,0,32805052,13374152,13723056,912,682168
2018-05-09_14-52-40.030122751,1525870360.031499799,2018-05-09_14-52-40.034480277,1525870360.035806546,1.57,1.62,1.57,843246514,691272708500,1519221,2238186,1578406,1985652,1536066,1994987,1394097,879035,1421215,13,3195271,44855075,31651,0,6373,0,1340033,0,32805052,13374292,13723196,912,682168
2018-05-09_14-53-10.070155434,1525870390.071566742,2018-05-09_14-53-10.074631581,1525870390.075967324,1.62,1.62,1.57,843246514,691272708500,1519221,2238186,1578406,1985652,1536066,1994987,1394097,879035,1424649,13,3196810,44874101,31654,0,6374,0,1343460,0,32805052,13360880,13709800,912,682188
2018-05-09_14-53-40.110245469,1525870420.111615454,2018-05-09_14-53-40.114597018,1525870420.115917097,1.62,1.63,1.58,843246514,691272708500,1519221,2238186,1578406,1985652,1536066,1994987,1394097,879035,1428009,13,3198270,44893331,31657,0,6374,0,1346813,0,32805052,13361384,13710312,912,682196
2018-05-09_14-54-10.149644346,1525870450.151032106,2018-05-09_14-54-10.154032612,1525870450.155365197,1.63,1.63,1.58,843246514,691272708500,1519221,2238186,1578406,1985652,1536066,1994987,1394097,879035,1431376,13,3199828,44912420,31663,0,6374,0,1350174,0,32805052,13361004,13709940,912,682204
2018-05-09_14-54-40.189577804,1525870480.191160748,2018-05-09_14-54-40.194259174,1525870480.195598505,1.58,1.62,1.58,843246514,691272708500,1519221,2238186,1578406,1985652,1536066,1994987,1394097,879035,1434742,13,3201388,44931526,31666,0,6374,0,1353532,0,32805052,13360948,13709892,912,682212
2018-05-09_14-55-10.230198161,1525870510.231865972,2018-05-09_14-55-10.235050447,1525870510.236467042,1.54,1.61,1.58,843246514,691272708500,1519221,2238186,1578406,1985652,1536066,1994987,1394097,879035,1438091,13,3202939,44950645,31669,0,6375,0,1356875,0,32805052,13359688,13708640,912,682220
2018-05-09_14-55-40.271783718,1525870540.273370622,2018-05-09_14-55-40.276443207,1525870540.277783527,1.62,1.63,1.59,843246514,691272708500,1519221,2238186,1578406,1985652,1536066,1994987,1394097,879035,1441463,13,3204324,44969905,31676,0,6375,0,1360236,0,32805052,13360864,13709824,912,682228
2018-05-09_14-56-10.312241842,1525870570.313824350,2018-05-09_14-56-10.316893793,1525870570.318230517,1.55,1.61,1.58,843246514,691272708500,1519221,2238186,1578406,1985652,1536066,1994987,1394097,879035,1444866,13,3205860,44988965,31680,0,6375,0,1363636,0,32805052,13372940,13721900,912,682224
2018-05-09_14-56-40.352874467,1525870600.354249006,2018-05-09_14-56-40.357231713,1525870600.358564409,1.65,1.63,1.59,843246514,691272708500,1519221,2238186,1578406,1985652,1536066,1994987,1394097,879035,1448246,13,3207425,45008013,31686,0,6376,0,1367012,0,32805052,13373600,13722560,912,682228
