StartTime,StartEpoch,EndTime,EndEpoch,CPULoad1m,CPULoad5m,CPULoad5m,NetDevRX,NetDevTX,IRQens2-0,IRQens2-1,IRQens2-2,IRQens2-3,IRQens2-4,IRQens2-5,IRQens2-6,IRQens2-7,user,nice,system,idle,iowait,irq,softirq,steal,guest,guest_nice,MemTotal,MemFree,MemAvailable,Buffers,Cached
2018-05-13_17-59-49.575096398,1526227189.576863554,2018-05-13_17-59-49.580611939,1526227189.582276310,0.27,0.70,0.86,378570,327330,2135,749,886,766,578,582,602,545,858536,0,3694,7207447,2514,0,10,0,0,0,32804244,31732324,31622084,2116,170516
2018-05-13_18-00-19.623795096,1526227219.625506240,2018-05-13_18-00-19.629233962,1526227219.630915665,0.56,0.72,0.87,379894,328474,2142,749,887,766,578,582,606,557,861537,0,3703,7228473,2514,0,10,0,0,0,32804244,31731676,31621440,2116,170524
2018-05-13_18-00-49.672782705,1526227249.674518972,2018-05-13_18-00-49.678374014,1526227249.680062681,0.73,0.75,0.87,381218,329618,2150,749,887,766,578,582,606,573,864539,0,3710,7249499,2514,0,10,0,0,0,32804244,31718916,31608680,2116,170528
2018-05-13_18-01-19.722352085,1526227279.724081211,2018-05-13_18-01-19.727845197,1526227279.729521313,0.68,0.74,0.86,382542,330762,2153,749,887,783,578,582,606,577,867542,0,3719,7270521,2514,0,10,0,0,0,32804244,31719228,31608996,2116,170532
2018-05-13_18-01-49.771427952,1526227309.773144988,2018-05-13_18-01-49.776861551,1526227309.778526644,0.73,0.75,0.86,383866,331906,2155,749,888,803,578,582,606,577,870543,0,3724,7291552,2514,0,10,0,0,0,32804244,31719212,31608984,2116,170532
2018-05-13_18-02-19.820295502,1526227339.822026657,2018-05-13_18-02-19.825786658,1526227339.827468142,0.84,0.78,0.86,385190,333050,2162,749,889,807,578,594,606,577,873545,0,3732,7312577,2514,0,10,0,0,0,32804244,31719156,31609192,2116,170536
2018-05-13_18-02-49.869483052,1526227369.871229246,2018-05-13_18-02-49.875083886,1526227369.876765183,0.90,0.80,0.87,386514,334194,2170,749,889,807,578,609,606,577,876547,0,3739,7333604,2514,0,10,0,0,0,32804244,31719216,31608668,2116,170536
2018-05-13_18-03-19.918756476,1526227399.920474209,2018-05-13_18-03-19.924209860,1526227399.925884215,0.94,0.82,0.87,387838,335338,2172,766,889,807,578,613,606,577,879548,0,3744,7354634,2514,0,10,0,0,0,32804244,31719796,31609572,2116,170536
2018-05-13_18-03-49.967642170,1526227429.969343387,2018-05-13_18-03-49.973088453,1526227429.974761382,0.90,0.82,0.87,389162,336482,2174,787,890,807,578,613,606,577,882548,0,3750,7375664,2514,0,10,0,0,0,32804244,31732520,31622296,2116,170532
2018-05-13_18-04-20.016514051,1526227460.018226182,2018-05-13_18-04-20.021963433,1526227460.023628563,0.94,0.84,0.87,390486,337626,2176,791,907,807,578,613,606,577,885548,0,3756,7396693,2514,0,10,0,0,0,32804244,31732364,31622400,2116,170532
2018-05-13_18-04-50.065348661,1526227490.067063653,2018-05-13_18-04-50.070786308,1526227490.072459601,0.96,0.85,0.87,391810,338770,2178,791,929,807,578,613,606,577,888548,0,3761,7417725,2514,0,10,0,0,0,32804244,31732896,31622672,2116,170532
2018-05-13_18-05-20.114257993,1526227520.115972767,2018-05-13_18-05-20.119695428,1526227520.121365124,0.98,0.87,0.88,393134,339914,2185,791,934,807,578,613,618,577,891549,0,3767,7438754,2514,0,10,0,0,0,32804244,31732744,31622520,2116,170532
2018-05-13_18-05-50.163110058,1526227550.164819669,2018-05-13_18-05-50.168538986,1526227550.170203277,0.99,0.88,0.88,394458,341058,2192,791,934,807,578,613,635,577,894549,0,3771,7459786,2514,0,10,0,0,0,32804244,31732548,31622324,2116,170532
2018-05-13_18-06-20.211960153,1526227580.213667066,2018-05-13_18-06-20.217390374,1526227580.219057091,0.92,0.87,0.88,395782,342202,2212,792,934,807,578,613,639,577,897550,0,3777,7480815,2514,0,10,0,0,0,32804244,31732736,31622512,2116,170532
2018-05-13_18-06-50.260890206,1526227610.262581068,2018-05-13_18-06-50.266309262,1526227610.267986062,0.88,0.87,0.87,397106,343346,2235,793,934,808,578,613,639,577,900550,0,3782,7501846,2514,0,10,0,0,0,32804244,31732544,31622580,2116,170532
2018-05-13_18-07-20.309707506,1526227640.311420721,2018-05-13_18-07-20.315150147,1526227640.316818727,0.92,0.88,0.88,398430,344490,2246,794,934,808,590,613,639,577,903550,0,3788,7522876,2514,0,10,0,0,0,32804244,31732868,31622904,2116,170532
2018-05-13_18-07-50.359102409,1526227670.360820440,2018-05-13_18-07-50.364576950,1526227670.366385990,0.95,0.89,0.88,399754,345634,2253,794,934,808,607,613,639,577,906551,0,3793,7543908,2514,0,10,0,0,0,32804244,31732624,31622400,2116,170536
2018-05-13_18-08-20.408502952,1526227700.410237942,2018-05-13_18-08-20.413995898,1526227700.415670125,0.97,0.90,0.88,401078,346778,2261,794,934,808,611,625,639,577,909551,0,3799,7564938,2514,0,10,0,0,0,32804244,31732596,31622632,2116,170536
2018-05-13_18-08-50.457509691,1526227730.459258274,2018-05-13_18-08-50.463108236,1526227730.464784531,0.98,0.91,0.89,402402,347922,2269,794,934,808,611,640,639,577,912553,0,3805,7585965,2514,0,10,0,0,0,32804244,31719944,31609724,2116,170544
2018-05-13_18-09-20.506878011,1526227760.508604189,2018-05-13_18-09-20.512364804,1526227760.514044238,0.99,0.92,0.89,403726,349066,2272,810,934,808,611,643,639,577,915556,0,3813,7606990,2514,0,10,0,0,0,32804244,31719868,31609648,2116,170544
2018-05-13_18-09-50.556508374,1526227790.558226033,2018-05-13_18-09-50.561971864,1526227790.563646446,0.99,0.93,0.89,405050,350210,2274,831,934,808,611,643,639,577,918556,0,3818,7628022,2514,0,10,0,0,0,32804244,31720452,31610232,2116,170548
2018-05-13_18-10-20.605411517,1526227820.607141592,2018-05-13_18-10-20.610877327,1526227820.612542749,0.92,0.92,0.89,406374,351354,2281,834,934,809,611,643,639,589,921559,0,3828,7649044,2514,0,10,0,0,0,32804244,31719716,31609240,2116,170560
2018-05-13_18-10-50.654392080,1526227850.656160240,2018-05-13_18-10-50.660021320,1526227850.661695291,0.95,0.93,0.89,407698,352498,2288,834,935,809,611,643,639,605,924561,0,3835,7670071,2514,0,10,0,0,0,32804244,31719428,31609216,2116,170564
2018-05-13_18-11-20.703617987,1526227880.705361629,2018-05-13_18-11-20.709125031,1526227880.710806856,0.97,0.93,0.90,409022,353642,2292,834,935,826,611,643,639,609,927562,0,3841,7691100,2514,0,10,0,0,0,32804244,31718876,31608664,2116,170564
2018-05-13_18-11-50.752585714,1526227910.754317773,2018-05-13_18-11-50.758075138,1526227910.759743495,0.90,0.92,0.89,410346,354786,2295,834,935,848,611,643,639,609,930563,0,3846,7712131,2514,0,10,0,0,0,32804244,31731884,31621384,2116,170556
2018-05-13_18-12-20.801383492,1526227940.803102162,2018-05-13_18-12-20.806841064,1526227940.808501800,0.94,0.93,0.90,411670,355930,2314,835,936,852,611,643,639,609,933564,0,3851,7733160,2514,0,10,0,0,0,32804244,31732080,31621556,2116,170556
2018-05-13_18-12-50.850306090,1526227970.851992382,2018-05-13_18-12-50.855697603,1526227970.857368030,0.96,0.94,0.90,412994,357074,2337,836,937,852,611,643,639,609,936563,0,3856,7754191,2514,0,10,0,0,0,32804244,31731908,31621696,2116,170556
2018-05-13_18-13-20.899018075,1526228000.900731171,2018-05-13_18-13-20.904471460,1526228000.906148610,0.98,0.94,0.90,414318,358218,2348,836,938,852,623,643,639,609,939564,0,3862,7775221,2514,0,10,0,0,0,32804244,31732292,31622080,2116,170556
2018-05-13_18-13-50.947809421,1526228030.949501973,2018-05-13_18-13-50.953211446,1526228030.954881875,0.99,0.95,0.91,415642,359362,2355,836,938,852,640,643,639,609,942564,0,3867,7796252,2514,0,10,0,0,0,32804244,31732260,31622048,2116,170556
2018-05-13_18-14-20.996448663,1526228060.998182514,2018-05-13_18-14-21.001915748,1526228061.003592161,0.99,0.95,0.91,416966,360506,2358,836,955,852,644,643,639,609,945566,0,3872,7817281,2514,0,10,0,0,0,32804244,31731752,31621540,2116,170556
2018-05-13_18-14-51.045176665,1526228091.046876204,2018-05-13_18-14-51.050587350,1526228091.052254636,1.05,0.97,0.92,418290,361650,2360,836,974,852,644,643,639,609,948566,0,3877,7838313,2514,0,10,0,0,0,32804244,31732148,31621936,2116,170556
2018-05-13_18-15-21.093918101,1526228121.095620160,2018-05-13_18-15-21.099336795,1526228121.101005334,0.98,0.96,0.91,419614,362794,2367,836,978,853,644,643,651,609,951566,0,3884,7859342,2514,0,10,0,0,0,32804244,31732260,31621784,2116,170556
2018-05-13_18-15-51.142649610,1526228151.144350375,2018-05-13_18-15-51.148081888,1526228151.149762643,0.99,0.96,0.92,420938,363938,2375,836,978,853,644,643,666,609,954566,0,3889,7880373,2514,0,10,0,0,0,32804244,31732484,31622272,2116,170556
2018-05-13_18-16-21.191450341,1526228181.193161400,2018-05-13_18-16-21.196903814,1526228181.198568952,0.99,0.97,0.92,422262,365082,2383,836,978,853,644,643,669,621,957567,0,3894,7901403,2514,0,10,0,0,0,32804244,31732368,31622156,2116,170560
2018-05-13_18-16-51.240439464,1526228211.242201284,2018-05-13_18-16-51.246075150,1526228211.247766604,0.99,0.97,0.92,423586,366226,2391,836,978,853,644,643,669,638,960569,0,3900,7922431,2514,0,10,0,0,0,32804244,31719528,31609320,2116,170568
2018-05-13_18-17-21.290666751,1526228241.292396041,2018-05-13_18-17-21.296178314,1526228241.297863361,1.06,0.99,0.93,424910,367370,2393,836,978,872,644,643,669,642,963572,0,3908,7943456,2514,0,10,0,0,0,32804244,31719240,31608772,2116,170572
2018-05-13_18-17-51.339932213,1526228271.341645176,2018-05-13_18-17-51.345404799,1526228271.347087242,1.04,0.99,0.93,426234,368514,2395,836,978,894,644,643,669,642,966572,0,3913,7964487,2514,0,10,0,0,0,32804244,31719384,31609176,2116,170572
2018-05-13_18-18-21.388993209,1526228301.390721828,2018-05-13_18-18-21.394499306,1526228301.396185326,1.02,0.99,0.94,427558,369658,2402,836,978,899,644,655,669,642,969575,0,3921,7985512,2514,0,10,0,0,0,32804244,31719252,31609048,2116,170576
2018-05-13_18-18-51.438440314,1526228331.440210108,2018-05-13_18-18-51.444073843,1526228331.445775620,1.01,0.99,0.94,428882,370802,2409,836,979,899,644,670,669,642,972577,0,3928,8006539,2514,0,10,0,0,0,32804244,31718868,31608668,2116,170576
2018-05-13_18-19-21.487882356,1526228361.489587784,2018-05-13_18-19-21.493335588,1526228361.495014124,1.01,0.99,0.94,430206,371946,2411,853,979,899,644,674,669,642,975578,0,3934,8027569,2514,0,10,0,0,0,32804244,31719464,31609000,2116,170576
2018-05-13_18-19-51.536940552,1526228391.538639635,2018-05-13_18-19-51.542375049,1526228391.544057886,0.95,0.97,0.94,431530,373090,2413,873,979,900,644,674,669,642,978579,0,3939,8048599,2514,0,10,0,0,0,32804244,31731600,31621660,2116,170572
2018-05-13_18-20-21.585842607,1526228421.587550159,2018-05-13_18-20-21.591283828,1526228421.592960569,0.89,0.96,0.94,432854,374234,2414,877,996,901,644,674,669,642,981581,0,3946,8069626,2514,0,10,0,0,0,32804244,31731452,31621252,2116,170576
2018-05-13_18-20-51.634583829,1526228451.636285401,2018-05-13_18-20-51.640008731,1526228451.641673086,0.93,0.96,0.94,434178,375378,2415,877,1018,901,644,674,669,642,984581,0,3951,8090657,2514,0,11,0,0,0,32804244,31731696,31621496,2116,170576
2018-05-13_18-21-21.683356463,1526228481.685070883,2018-05-13_18-21-21.688783606,1526228481.690461050,0.96,0.96,0.94,435502,376522,2422,877,1023,901,644,674,681,642,987582,0,3957,8111687,2514,0,11,0,0,0,32804244,31731504,31621024,2116,170576
2018-05-13_18-21-51.732052236,1526228511.733743572,2018-05-13_18-21-51.737459417,1526228511.739134650,0.98,0.97,0.95,436826,377666,2430,877,1023,901,644,674,697,642,990582,0,3961,8132718,2514,0,11,0,0,0,32804244,31731816,31621616,2116,170576
2018-05-13_18-22-21.780760531,1526228541.782479647,2018-05-13_18-22-21.786226366,1526228541.787903642,0.99,0.97,0.95,438150,378810,2450,877,1023,901,644,674,701,642,993582,0,3967,8153748,2514,0,11,0,0,0,32804244,31731688,31621748,2116,170576
2018-05-13_18-22-51.829520478,1526228571.831221025,2018-05-13_18-22-51.835140822,1526228571.836816700,0.99,0.97,0.95,439474,379954,2473,877,1024,901,644,674,701,642,996582,0,3972,8174779,2514,0,11,0,0,0,32804244,31731788,31621588,2116,170576
2018-05-13_18-23-21.878420293,1526228601.880129062,2018-05-13_18-23-21.883869247,1526228601.885547878,0.99,0.98,0.95,440798,381098,2485,877,1024,901,656,674,701,642,999583,0,3978,8195809,2514,0,11,0,0,0,32804244,31731396,31620932,2116,170576
2018-05-13_18-23-51.927191991,1526228631.928886107,2018-05-13_18-23-51.932580554,1526228631.934251317,1.00,0.98,0.95,440798,381098,2485,877,1024,901,660,674,701,642,1002588,0,3982,8216836,2514,0,11,0,0,0,32804244,31729468,31618700,2116,170576
2018-05-13_18-24-21.978605363,1526228661.980455389,2018-05-13_18-24-21.984312384,1526228661.986004281,1.00,0.98,0.95,442122,382242,2493,877,1024,901,672,674,701,642,1005592,0,3989,8237862,2514,0,11,0,0,0,32804244,31715948,31605748,2116,170576
2018-05-13_18-24-52.027945174,1526228692.029699579,2018-05-13_18-24-52.033443729,1526228692.035119068,0.95,0.97,0.95,443446,383386,2513,877,1024,901,676,674,701,642,1008593,0,3994,8258893,2514,0,11,0,0,0,32804244,31716804,31606608,2116,170588
2018-05-13_18-25-22.077062868,1526228722.078803601,2018-05-13_18-25-22.082559383,1526228722.084242234,0.97,0.97,0.95,444770,384530,2534,878,1025,901,676,674,701,642,1011595,0,4002,8279917,2514,0,11,0,0,0,32804244,31716580,31606384,2116,170592
2018-05-13_18-25-52.126300037,1526228752.128064697,2018-05-13_18-25-52.131940762,1526228752.133627431,0.98,0.97,0.95,446094,385674,2545,878,1025,901,688,674,701,642,1014597,0,4009,8300944,2514,0,11,0,0,0,32804244,31716652,31606716,2116,170588
2018-05-13_18-26-22.175822765,1526228782.177535054,2018-05-13_18-26-22.181292533,1526228782.182976058,0.99,0.98,0.95,447418,386818,2552,878,1026,901,703,674,701,642,1017598,0,4014,8321973,2514,0,11,0,0,0,32804244,31717800,31607608,2116,170592
2018-05-13_18-26-52.225113770,1526228812.226874861,2018-05-13_18-26-52.230742108,1526228812.232444442,0.99,0.98,0.95,448742,387962,2555,878,1043,901,707,674,701,642,1020600,0,4021,8343000,2514,0,11,0,0,0,32804244,31717992,31607800,2116,170596
2018-05-13_18-27-22.274549240,1526228842.276287221,2018-05-13_18-27-22.280074010,1526228842.281762480,1.00,0.98,0.95,450066,389106,2556,878,1066,901,707,674,701,642,1023602,0,4027,8364029,2514,0,11,0,0,0,32804244,31731808,31621616,2116,170596
2018-05-13_18-27-52.323573216,1526228872.325415233,2018-05-13_18-27-52.329165960,1526228872.330839762,1.00,0.99,0.95,451390,390250,2563,878,1071,901,707,674,713,642,1026602,0,4032,8385060,2514,0,11,0,0,0,32804244,31731644,31621712,2116,170588
2018-05-13_18-28-22.372786203,1526228902.374514531,2018-05-13_18-28-22.378295260,1526228902.379985923,0.94,0.97,0.95,452714,391394,2570,878,1071,901,707,674,730,642,1029602,0,4038,8406090,2514,0,11,0,0,0,32804244,31731576,31621384,2116,170588
2018-05-13_18-28-52.421858009,1526228932.423570181,2018-05-13_18-28-52.427311801,1526228932.428985846,0.96,0.97,0.95,454038,392538,2577,878,1072,901,707,686,734,642,1032603,0,4042,8427121,2514,0,11,0,0,0,32804244,31731732,31621800,2116,170588
2018-05-13_18-29-22.470666763,1526228962.472377631,2018-05-13_18-29-22.476120031,1526228962.477801988,0.92,0.96,0.95,455362,393682,2585,878,1072,901,707,702,734,642,1035603,0,4048,8448151,2514,0,11,0,0,0,32804244,31731580,31621388,2116,170588
2018-05-13_18-29-52.519522176,1526228992.521228354,2018-05-13_18-29-52.525231161,1526228992.526922241,0.89,0.95,0.95,456686,394826,2586,896,1073,901,707,706,734,642,1038604,0,4053,8469182,2514,0,11,0,0,0,32804244,31731544,31621352,2116,170588
2018-05-13_18-30-22.568614539,1526229022.570366622,2018-05-13_18-30-22.574123588,1526229022.575818741,0.94,0.95,0.95,458010,395970,2588,917,1073,902,707,706,734,642,1041606,0,4060,8490208,2515,0,11,0,0,0,32804244,31731804,31621616,2116,170596
2018-05-13_18-30-52.617630642,1526229052.619406174,2018-05-13_18-30-52.623147114,1526229052.624832644,0.96,0.96,0.95,459334,397114,2595,921,1073,903,707,706,734,654,1044606,0,4065,8511240,2515,0,11,0,0,0,32804244,31731384,31620900,2116,170596
2018-05-13_18-31-22.666380514,1526229082.668097349,2018-05-13_18-31-22.671829017,1526229082.673506868,0.92,0.95,0.95,460658,398258,2603,921,1073,903,707,706,734,670,1047607,0,4070,8532269,2515,0,11,0,0,0,32804244,31731344,31621156,2116,170596
2018-05-13_18-31-52.715088697,1526229112.716803429,2018-05-13_18-31-52.720556740,1526229112.722241621,1.01,0.97,0.96,461982,399402,2605,921,1074,919,707,706,734,674,1050607,0,4075,8553300,2515,0,11,0,0,0,32804244,31732348,31622160,2116,170596
2018-05-13_18-32-22.764122643,1526229142.765883853,2018-05-13_18-32-22.769748682,1526229142.771437073,0.93,0.95,0.95,463306,400546,2606,921,1074,942,707,706,734,674,1053610,0,4083,8574326,2515,0,11,0,0,0,32804244,31719848,31609664,2116,170608
2018-05-13_18-32-52.813541565,1526229172.815279102,2018-05-13_18-32-52.819340271,1526229172.821029257,0.96,0.96,0.95,464630,401690,2608,921,1092,946,707,706,734,674,1056610,0,4089,8595357,2515,0,11,0,0,0,32804244,31718720,31608212,2116,170608
2018-05-13_18-33-22.862886513,1526229202.864612940,2018-05-13_18-33-22.868408350,1526229202.870080891,0.99,0.96,0.96,465954,402834,2610,921,1113,947,707,706,734,674,1059613,0,4097,8616382,2515,0,11,0,0,0,32804244,31717220,31607036,2116,170612
2018-05-13_18-33-52.912437396,1526229232.914400289,2018-05-13_18-33-52.918307199,1526229232.920007634,0.99,0.97,0.96,467278,403978,2617,921,1118,947,707,706,746,674,1062615,0,4104,8637409,2515,0,11,0,0,0,32804244,31717080,31606900,2116,170616
2018-05-13_18-34-22.962551569,1526229262.964276169,2018-05-13_18-34-22.968020018,1526229262.969691580,1.00,0.97,0.96,468602,405122,2624,921,1119,947,707,706,762,674,1065616,0,4110,8658438,2515,0,11,0,0,0,32804244,31717668,31607488,2116,170616
2018-05-13_18-34-53.011514663,1526229293.013347948,2018-05-13_18-34-53.017187385,1526229293.018866361,1.00,0.97,0.96,469926,406266,2644,921,1119,947,707,706,766,674,1068619,0,4116,8679465,2515,0,11,0,0,0,32804244,31717384,31606912,2116,170616
2018-05-13_18-35-23.060703595,1526229323.062447148,2018-05-13_18-35-23.066221510,1526229323.067908776,1.05,0.99,0.96,471250,407410,2665,923,1119,947,707,706,766,674,1071620,0,4123,8700494,2515,0,11,0,0,0,32804244,31730456,31620276,2116,170620
2018-05-13_18-35-53.109606802,1526229353.111438980,2018-05-13_18-35-53.115252628,1526229353.116953335,1.03,0.99,0.96,472574,408554,2677,923,1119,947,719,706,766,674,1074620,0,4128,8721525,2515,0,11,0,0,0,32804244,31730520,31620600,2116,170612
2018-05-13_18-36-23.158809786,1526229383.160520973,2018-05-13_18-36-23.164276938,1526229383.165967407,0.96,0.97,0.96,473898,409698,2684,923,1120,947,735,706,766,674,1077621,0,4133,8742555,2515,0,11,0,0,0,32804244,31730292,31620112,2116,170612
2018-05-13_18-36-53.208016940,1526229413.209796237,2018-05-13_18-36-53.213528206,1526229413.215199641,0.97,0.98,0.96,475222,410842,2691,923,1121,947,739,706,766,686,1080621,0,4138,8763586,2515,0,11,0,0,0,32804244,31730828,31620300,2116,170612
2018-05-13_18-37-23.256906697,1526229443.258631682,2018-05-13_18-37-23.262403834,1526229443.264095093,0.98,0.98,0.96,476546,411986,2699,923,1121,947,739,706,766,702,1083622,0,4143,8784616,2515,0,11,0,0,0,32804244,31730572,31620392,2116,170612
2018-05-13_18-37-53.306066799,1526229473.307899640,2018-05-13_18-37-53.311636983,1526229473.313319871,0.99,0.98,0.96,477870,413130,2702,923,1121,963,739,706,766,705,1086622,0,4149,8805647,2515,0,11,0,0,0,32804244,31731080,31620900,2116,170612
2018-05-13_18-38-23.355093675,1526229503.356820012,2018-05-13_18-38-23.360578571,1526229503.362266703,1.07,1.00,0.96,479194,414274,2703,923,1121,983,739,706,766,705,1089623,0,4155,8826677,2515,0,11,0,0,0,32804244,31730980,31620800,2116,170612
2018-05-13_18-38-53.404130946,1526229533.405964545,2018-05-13_18-38-53.409676924,1526229533.411370933,1.04,1.00,0.96,480518,415418,2710,923,1121,988,739,718,766,705,1092623,0,4160,8847708,2515,0,11,0,0,0,32804244,31731032,31620852,2116,170612
2018-05-13_18-39-23.452998405,1526229563.454779434,2018-05-13_18-39-23.458528025,1526229563.460206035,1.03,1.00,0.96,481842,416562,2717,923,1121,988,739,735,766,705,1095624,0,4166,8868738,2515,0,11,0,0,0,32804244,31731064,31620880,2116,170612
2018-05-13_18-39-53.502019398,1526229593.503847526,2018-05-13_18-39-53.507567031,1526229593.509237736,0.87,0.97,0.95,483166,417706,2720,941,1121,988,739,739,766,705,1098624,0,4170,8889770,2515,0,11,0,0,0,32804244,31731088,31620908,2116,170612
2018-05-13_18-40-23.551646776,1526229623.553417335,2018-05-13_18-40-23.557293857,1526229623.559001583,0.98,0.99,0.96,484490,418850,2722,962,1122,988,739,739,766,705,1101627,0,4179,8910793,2515,0,11,0,0,0,32804244,31717724,31607552,2116,170632
2018-05-13_18-40-53.601242081,1526229653.602959339,2018-05-13_18-40-53.606712677,1526229653.608401003,0.99,0.99,0.96,485814,419994,2724,966,1123,1005,739,739,766,705,1104627,0,4184,8931825,2515,0,11,0,0,0,32804244,31718228,31608056,2116,170632
2018-05-13_18-41-23.650515763,1526229683.652251915,2018-05-13_18-41-23.656030975,1526229683.657716356,0.99,0.99,0.96,487138,421138,2726,966,1124,1025,739,739,766,705,1107630,0,4193,8952850,2515,0,11,0,0,0,32804244,31718316,31608144,2116,170636
2018-05-13_18-41-53.699902940,1526229713.701658201,2018-05-13_18-41-53.705537475,1526229713.707229996,1.06,1.00,0.96,488462,422282,2733,967,1124,1029,739,739,766,717,1110632,0,4200,8973877,2515,0,11,0,0,0,32804244,31717324,31607412,2116,170636
2018-05-13_18-42-23.749378279,1526229743.751097661,2018-05-13_18-42-23.755077087,1526229743.756759926,1.04,1.00,0.96,489786,423426,2741,967,1124,1029,739,739,766,732,1113632,0,4207,8994906,2515,0,11,0,0,0,32804244,31717500,31607332,2116,170640
2018-05-13_18-42-53.798841872,1526229773.800576779,2018-05-13_18-42-53.804443282,1526229773.806139177,0.96,0.99,0.96,491110,424570,2744,984,1124,1029,739,739,766,736,1116635,0,4212,9015933,2515,0,11,0,0,0,32804244,31718936,31608768,2116,170644
2018-05-13_18-43-23.848209975,1526229803.849955220,2018-05-13_18-43-23.853750999,1526229803.855443052,1.06,1.00,0.96,492434,425714,2746,1004,1125,1029,739,739,766,736,1119636,0,4219,9036962,2515,0,11,0,0,0,32804244,31732040,31621524,2116,170636
2018-05-13_18-43-53.897753533,1526229833.899472398,2018-05-13_18-43-53.903238881,1526229833.904931475,1.03,1.00,0.96,493758,426858,2753,1008,1126,1029,739,751,766,736,1122635,0,4224,9057994,2515,0,11,0,0,0,32804244,31731548,31621380,2116,170636
2018-05-13_18-44-23.947107322,1526229863.948826802,2018-05-13_18-44-23.952564600,1526229863.954244710,1.02,1.00,0.96,495082,428002,2761,1008,1126,1029,739,767,766,736,1125636,0,4230,9079024,2515,0,11,0,0,0,32804244,31731748,31621580,2116,170636
2018-05-13_18-44-53.996216181,1526229893.997934776,2018-05-13_18-44-54.001690565,1526229894.003378174,1.01,1.00,0.96,496406,429146,2769,1008,1126,1029,739,771,778,736,1128636,0,4236,9100055,2515,0,11,0,0,0,32804244,31731772,31621604,2116,170636
2018-05-13_18-45-24.045282093,1526229924.046998233,2018-05-13_18-45-24.050746000,1526229924.052426105,1.01,1.00,0.96,497730,430290,2776,1008,1126,1029,739,771,795,736,1131637,0,4241,9121085,2515,0,12,0,0,0,32804244,31731500,31621332,2116,170636
2018-05-13_18-45-54.094359761,1526229954.096078429,2018-05-13_18-45-54.099826413,1526229954.101506391,1.00,1.00,0.96,499054,431434,2779,1008,1144,1029,739,771,799,736,1134637,0,4245,9142116,2515,0,12,0,0,0,32804244,31731660,31621492,2116,170636
2018-05-13_18-46-24.143426350,1526229984.145145735,2018-05-13_18-46-24.148876984,1526229984.150553230,1.00,1.00,0.96,500378,432578,2781,1008,1164,1029,739,771,799,736,1137638,0,4251,9163146,2515,0,12,0,0,0,32804244,31732304,31622072,2116,170636
2018-05-13_18-46-54.192402568,1526230014.194118881,2018-05-13_18-46-54.197849382,1526230014.199524904,1.00,1.00,0.96,501702,433722,2786,1010,1169,1029,751,771,799,736,1140639,0,4255,9184177,2515,0,12,0,0,0,32804244,31731820,31621652,2116,170636
2018-05-13_18-47-24.241403129,1526230044.243120349,2018-05-13_18-47-24.246861513,1526230044.248547732,0.93,0.99,0.96,503026,434866,2793,1010,1170,1029,767,771,799,736,1143640,0,4260,9205207,2515,0,12,0,0,0,32804244,31731884,31621716,2116,170636
2018-05-13_18-47-54.290411994,1526230074.292112779,2018-05-13_18-47-54.295845702,1526230074.297517997,0.89,0.97,0.95,504350,436010,2812,1010,1171,1029,771,771,799,736,1146640,0,4264,9226238,2515,0,12,0,0,0,32804244,31731684,31621516,2116,170636
2018-05-13_18-48-24.339514301,1526230104.341271528,2018-05-13_18-48-24.345148911,1526230104.346846567,0.94,0.97,0.95,505674,437154,2835,1010,1171,1029,771,771,799,736,1149643,0,4272,9247264,2515,0,12,0,0,0,32804244,31718440,31608276,2116,170648
2018-05-13_18-48-54.388856377,1526230134.390553495,2018-05-13_18-48-54.394293618,1526230134.395968914,0.89,0.96,0.95,506998,438298,2841,1028,1171,1030,771,771,799,736,1152643,0,4277,9268295,2515,0,12,0,0,0,32804244,31718864,31608700,2116,170648
2018-05-13_18-49-24.437870522,1526230164.439593300,2018-05-13_18-49-24.443326965,1526230164.444999385,0.86,0.95,0.95,508322,439442,2843,1051,1171,1030,771,771,799,736,1155645,0,4287,9289320,2515,0,12,0,0,0,32804244,31718464,31608300,2116,170648
2018-05-13_18-49-54.487465233,1526230194.489262209,2018-05-13_18-49-54.493147182,1526230194.494851779,0.92,0.95,0.95,509646,440586,2850,1055,1172,1030,771,783,799,736,1158647,0,4294,9310347,2515,0,12,0,0,0,32804244,31718156,31607992,2116,170652
2018-05-13_18-50-24.537085688,1526230224.538821249,2018-05-13_18-50-24.542575727,1526230224.544256738,0.95,0.96,0.95,510970,441730,2858,1055,1172,1030,771,799,799,736,1161647,0,4302,9331375,2515,0,12,0,0,0,32804244,31718576,31608676,2116,170660
2018-05-13_18-50-54.586456450,1526230254.588203102,2018-05-13_18-50-54.592073095,1526230254.593761736,0.97,0.96,0.95,512294,442874,2860,1055,1172,1048,771,803,799,736,1164650,0,4308,9352401,2515,0,12,0,0,0,32804244,31718872,31608980,2116,170664
2018-05-13_18-51-24.635883774,1526230284.637613308,2018-05-13_18-51-24.641393897,1526230284.643096854,0.98,0.96,0.95,513618,444018,2862,1055,1172,1069,771,803,799,736,1167651,0,4315,9373430,2515,0,12,0,0,0,32804244,31732216,31622316,2116,170656
2018-05-13_18-51-54.685138184,1526230314.686839663,2018-05-13_18-51-54.690578353,1526230314.692251709,0.99,0.97,0.95,514942,445162,2869,1055,1172,1074,771,803,799,748,1170650,0,4320,9394461,2515,0,12,0,0,0,32804244,31732704,31622236,2116,170656
2018-05-13_18-52-24.734229187,1526230344.735953173,2018-05-13_18-52-24.739691148,1526230344.741378490,0.99,0.97,0.95,516266,446306,2877,1055,1172,1074,771,803,799,763,1173651,0,4326,9415491,2515,0,12,0,0,0,32804244,31732636,31622104,2116,170656
2018-05-13_18-52-54.783345563,1526230374.785071218,2018-05-13_18-52-54.788830345,1526230374.790509689,1.00,0.97,0.95,517590,447450,2886,1055,1172,1074,783,803,799,766,1176651,0,4330,9436523,2515,0,12,0,0,0,32804244,31732468,31622308,2116,170656
2018-05-13_18-53-24.832441721,1526230404.834158346,2018-05-13_18-53-24.837914982,1526230404.839595158,1.00,0.97,0.95,518914,448594,2894,1055,1172,1074,798,803,799,766,1179651,0,4337,9457552,2515,0,12,0,0,0,32804244,31732200,31622040,2116,170656
2018-05-13_18-53-54.881520717,1526230434.883240376,2018-05-13_18-53-54.886985021,1526230434.888663762,1.00,0.98,0.95,520238,449738,2913,1055,1173,1074,802,803,799,766,1182651,0,4342,9478584,2515,0,12,0,0,0,32804244,31732044,31621884,2116,170656
2018-05-13_18-54-24.930511378,1526230464.932233177,2018-05-13_18-54-24.935983042,1526230464.937655661,1.00,0.98,0.95,521562,450882,2937,1055,1173,1074,802,803,799,766,1185652,0,4347,9499614,2515,0,12,0,0,0,32804244,31732012,31621852,2116,170656
2018-05-13_18-54-54.979624141,1526230494.981339417,2018-05-13_18-54-54.985093614,1526230494.986779521,1.00,0.98,0.95,522886,452026,2948,1055,1174,1074,802,803,811,766,1188652,0,4353,9520645,2515,0,12,0,0,0,32804244,31731916,31621756,2116,170656
2018-05-13_18-55-25.028700207,1526230525.030423199,2018-05-13_18-55-25.034180559,1526230525.035875934,1.00,0.99,0.95,524210,453170,2955,1055,1174,1074,802,803,828,766,1191653,0,4358,9541675,2515,0,12,0,0,0,32804244,31731844,31621684,2116,170656
2018-05-13_18-55-55.077801694,1526230555.079514792,2018-05-13_18-55-55.083271433,1526230555.084967785,1.00,0.99,0.95,525534,454314,2958,1055,1192,1074,802,803,832,766,1194653,0,4363,9562706,2515,0,12,0,0,0,32804244,31731968,31621808,2116,170656
2018-05-13_18-56-25.127044587,1526230585.128785345,2018-05-13_18-56-25.132641515,1526230585.134329902,1.00,0.99,0.95,526858,455458,2960,1055,1214,1074,802,803,832,766,1197655,0,4370,9583732,2515,0,12,0,0,0,32804244,31719144,31608988,2116,170664
2018-05-13_18-56-55.176349756,1526230615.178064640,2018-05-13_18-56-55.181804907,1526230615.183476801,1.00,0.99,0.95,528182,456602,2966,1056,1219,1074,802,803,844,766,1200655,0,4375,9604763,2515,0,12,0,0,0,32804244,31718812,31608656,2116,170664
2018-05-13_18-57-25.225348488,1526230645.227083158,2018-05-13_18-57-25.230853565,1526230645.232543952,1.00,0.99,0.95,529506,457746,2974,1056,1219,1074,802,803,860,766,1203658,0,4383,9625788,2515,0,12,0,0,0,32804244,31719144,31608988,2116,170668
2018-05-13_18-57-55.274807131,1526230675.276538901,2018-05-13_18-57-55.280379973,1526230675.282067203,1.00,0.99,0.95,530830,458890,2977,1056,1235,1074,802,803,864,766,1206661,0,4390,9646815,2515,0,12,0,0,0,32804244,31718816,31608920,2116,170672
2018-05-13_18-58-25.324641654,1526230705.326362301,2018-05-13_18-58-25.330108027,1526230705.331779719,1.00,0.99,0.95,532154,460034,2978,1056,1256,1074,802,803,864,766,1209662,0,4396,9667845,2515,0,12,0,0,0,32804244,31719092,31608940,2116,170676
2018-05-13_18-58-55.373793206,1526230735.375531572,2018-05-13_18-58-55.379400596,1526230735.381096847,1.00,0.99,0.95,533478,461178,2985,1056,1260,1074,814,803,864,766,1212664,0,4402,9688871,2515,0,12,0,0,0,32804244,31719296,31609144,2116,170676
2018-05-13_18-59-25.423249453,1526230765.424991731,2018-05-13_18-59-25.428798484,1526230765.430481671,1.00,0.99,0.95,534802,462322,2991,1056,1261,1074,831,803,864,766,1215665,0,4408,9709900,2515,0,12,0,0,0,32804244,31731368,31621216,2116,170672
2018-05-13_18-59-55.472516475,1526230795.474233977,2018-05-13_18-59-55.477992262,1526230795.479671296,0.90,0.97,0.95,536126,463466,3010,1057,1262,1074,835,803,864,766,1218666,0,4413,9730931,2515,0,12,0,0,0,32804244,31731480,31621064,2116,170672
2018-05-13_19-00-25.521592357,1526230825.523325036,2018-05-13_19-00-25.527100594,1526230825.528779980,0.87,0.96,0.95,537450,464610,3032,1058,1263,1074,835,803,864,766,1221666,0,4421,9751959,2515,0,12,0,0,0,32804244,31731636,31621492,2116,170684
2018-05-13_19-00-55.570722317,1526230855.572430313,2018-05-13_19-00-55.576165079,1526230855.577848643,0.92,0.96,0.95,538774,465754,3038,1058,1264,1092,835,803,864,766,1224667,0,4425,9772990,2515,0,12,0,0,0,32804244,31731868,31621724,2116,170684
2018-05-13_19-01-25.620055905,1526230885.621880637,2018-05-13_19-01-25.625637738,1526230885.627314624,0.95,0.96,0.95,540098,466898,3040,1058,1265,1113,835,803,864,766,1227669,0,4433,9794017,2515,0,12,0,0,0,32804244,31731288,31621404,2116,170684
2018-05-13_19-01-55.669078986,1526230915.670773694,2018-05-13_19-01-55.674492476,1526230915.676163080,0.97,0.96,0.95,541422,468042,3048,1058,1265,1117,835,803,864,778,1230669,0,4437,9815048,2515,0,12,0,0,0,32804244,31731680,31621536,2116,170684
2018-05-13_19-02-25.717763304,1526230945.719483988,2018-05-13_19-02-25.723305587,1526230945.724998355,0.98,0.97,0.95,542746,469186,3055,1058,1265,1117,835,803,864,795,1233669,0,4443,9836077,2515,0,12,0,0,0,32804244,31731756,31621612,2116,170684
2018-05-13_19-02-55.766568097,1526230975.768280543,2018-05-13_19-02-55.772007923,1526230975.773670882,0.85,0.94,0.94,544070,470330,3058,1075,1265,1117,835,803,864,799,1236669,0,4447,9857109,2515,0,12,0,0,0,32804244,31732348,31622204,2116,170684
2018-05-13_19-03-25.815348471,1526231005.817067383,2018-05-13_19-03-25.820824086,1526231005.822496200,0.91,0.94,0.95,545394,471474,3060,1094,1266,1118,835,803,864,799,1239669,0,4453,9878138,2515,0,12,0,0,0,32804244,31732520,31622376,2116,170684
2018-05-13_19-03-55.864227324,1526231035.865999626,2018-05-13_19-03-55.869755585,1526231035.871454374,0.94,0.95,0.95,546718,472618,3067,1099,1266,1118,835,815,864,799,1242670,0,4458,9899170,2515,0,12,0,0,0,32804244,31732812,31622668,2116,170684
2018-05-13_19-04-25.913624313,1526231065.915399223,2018-05-13_19-04-25.919273588,1526231065.920985886,1.03,0.97,0.96,548042,473762,3075,1099,1266,1118,835,831,864,799,1245672,0,4466,9920196,2515,0,12,0,0,0,32804244,31719128,31608984,2116,170692
2018-05-13_19-04-55.962948349,1526231095.964651256,2018-05-13_19-04-55.968388148,1526231095.970057586,1.02,0.97,0.96,549366,474906,3083,1099,1266,1118,847,834,864,799,1248671,0,4471,9941227,2515,0,12,0,0,0,32804244,31719704,31609220,2116,170692
2018-05-13_19-05-26.012075678,1526231126.013896879,2018-05-13_19-05-26.017687197,1526231126.019373974,1.01,0.98,0.96,550690,476050,3090,1100,1266,1118,863,834,864,799,1251674,0,4480,9962252,2515,0,12,0,0,0,32804244,31718964,31609084,2116,170696
2018-05-13_19-05-56.061456104,1526231156.063227535,2018-05-13_19-05-56.067125421,1526231156.068819946,1.08,1.00,0.96,552014,477194,3110,1100,1266,1118,867,834,864,799,1254676,0,4487,9983279,2515,0,12,0,0,0,32804244,31718744,31608604,2116,170696
2018-05-13_19-06-26.110847958,1526231186.112570186,2018-05-13_19-06-26.116318467,1526231186.117989902,1.05,1.00,0.96,553338,478338,3133,1100,1267,1118,867,834,864,799,1257678,0,4493,10004309,2515,0,12,0,0,0,32804244,31719192,31609052,2116,170696
2018-05-13_19-06-56.160235631,1526231216.162089726,2018-05-13_19-06-56.165992657,1526231216.167683715,1.03,1.00,0.96,554662,479482,3145,1100,1267,1118,867,834,876,799,1260680,0,4501,10025336,2515,0,12,0,0,0,32804244,31718908,31609032,2116,170704
2018-05-13_19-07-26.209735449,1526231246.211473599,2018-05-13_19-07-26.215274346,1526231246.216965096,1.02,1.00,0.96,555986,480626,3153,1100,1267,1118,867,834,892,799,1263681,0,4507,10046365,2515,0,12,0,0,0,32804244,31732400,31622260,2116,170696
2018-05-13_19-07-56.259022209,1526231276.261000615,2018-05-13_19-07-56.264867578,1526231276.266568419,0.94,0.98,0.96,557310,481770,3156,1100,1284,1118,867,834,895,799,1266682,0,4511,10067396,2515,0,12,0,0,0,32804244,31732288,31622148,2116,170696
2018-05-13_19-08-26.308421480,1526231306.310303701,2018-05-13_19-08-26.314091014,1526231306.315770520,0.96,0.98,0.96,558634,482914,3158,1100,1305,1118,867,834,895,799,1269682,0,4517,10088426,2515,0,12,0,0,0,32804244,31731772,31621892,2116,170696
2018-05-13_19-08-56.357534852,1526231336.359234156,2018-05-13_19-08-56.363191557,1526231336.364874717,0.98,0.99,0.96,559958,484058,3159,1117,1308,1118,867,834,895,799,1272682,0,4522,10109458,2515,0,12,0,0,0,32804244,31731640,31621500,2116,170696
2018-05-13_19-09-26.407136453,1526231366.408863458,2018-05-13_19-09-26.412634979,1526231366.414312016,0.99,0.99,0.96,561282,485202,3161,1137,1309,1118,867,834,895,799,1275683,0,4528,10130488,2515,0,12,0,0,0,32804244,31731600,31621720,2116,170696
2018-05-13_19-09-56.456863411,1526231396.458570087,2018-05-13_19-09-56.462359941,1526231396.464059224,0.99,0.99,0.96,562606,486346,3168,1141,1310,1118,867,846,895,799,1278684,0,4532,10151519,2515,0,12,0,0,0,32804244,31731920,31621780,2116,170696
2018-05-13_19-10-26.505900887,1526231426.507622441,2018-05-13_19-10-26.511382350,1526231426.513060825,0.99,0.99,0.96,563930,487490,3176,1141,1310,1118,867,862,895,799,1281686,0,4540,10172546,2515,0,12,0,0,0,32804244,31731864,31621732,2116,170700
2018-05-13_19-10-56.554798023,1526231456.556501607,2018-05-13_19-10-56.560217873,1526231456.561890780,0.92,0.97,0.95,565254,488634,3179,1141,1310,1135,867,866,895,799,1284686,0,4544,10193577,2515,0,12,0,0,0,32804244,31731188,31621320,2116,170700
2018-05-13_19-11-26.604153984,1526231486.605881236,2018-05-13_19-11-26.609630473,1526231486.611314443,0.95,0.97,0.95,566578,489778,3181,1142,1310,1156,867,866,895,799,1287687,0,4550,10214607,2515,0,12,0,0,0,32804244,31730916,31620784,2116,170700
2018-05-13_19-11-56.653146902,1526231516.654858381,2018-05-13_19-11-56.658593655,1526231516.660268297,0.97,0.97,0.95,567902,490922,3188,1142,1311,1160,867,866,895,811,1290687,0,4555,10235639,2515,0,12,0,0,0,32804244,31731104,31620972,2116,170700
2018-05-13_19-12-26.702166649,1526231546.703926208,2018-05-13_19-12-26.707770459,1526231546.709465736,0.98,0.98,0.95,569226,492066,3196,1142,1311,1160,867,866,895,827,1293689,0,4562,10256665,2515,0,12,0,0,0,32804244,31719208,31609340,2116,170708
2018-05-13_19-12-56.751395886,1526231576.753293617,2018-05-13_19-12-56.757082254,1526231576.758766307,0.91,0.96,0.95,570550,493210,3203,1142,1312,1160,867,866,895,843,1296690,0,4567,10277696,2515,0,12,0,0,0,32804244,31718816,31608688,2116,170712
2018-05-13_19-13-26.800553893,1526231606.802333612,2018-05-13_19-13-26.806348529,1526231606.808039463,0.95,0.97,0.95,571874,494354,3210,1142,1313,1160,867,866,895,858,1299692,0,4576,10298721,2515,0,12,0,0,0,32804244,31717896,31607768,2116,170712
2018-05-13_19-13-56.850175574,1526231636.851943180,2018-05-13_19-13-56.855814217,1526231636.857480804,0.97,0.97,0.95,573198,495498,3212,1142,1313,1177,867,866,895,861,1302694,0,4583,10319748,2515,0,12,0,0,0,32804244,31716996,31606852,2116,170716
2018-05-13_19-14-26.899488785,1526231666.901212108,2018-05-13_19-14-26.904973442,1526231666.906657685,0.91,0.96,0.95,574522,496642,3214,1142,1313,1198,867,866,895,861,1305695,0,4589,10340777,2515,0,12,0,0,0,32804244,31717832,31607688,2116,170716
2018-05-13_19-14-56.948469943,1526231696.950227472,2018-05-13_19-14-56.954088450,1526231696.955760548,0.94,0.96,0.95,575846,497786,3221,1142,1313,1203,867,878,895,861,1308697,0,4595,10361804,2515,0,12,0,0,0,32804244,31717996,31607852,2116,170716
2018-05-13_19-15-26.997596985,1526231726.999363023,2018-05-13_19-15-27.003136293,1526231727.004830011,0.89,0.95,0.95,577170,498930,3228,1142,1313,1203,867,895,895,861,1311698,0,4602,10382832,2515,0,12,0,0,0,32804244,31730668,31620148,2116,170716
2018-05-13_19-15-57.046919903,1526231757.048636906,2018-05-13_19-15-57.052404971,1526231757.054095378,0.88,0.93,0.95,578494,500074,3230,1160,1314,1203,867,899,895,861,1314698,0,4607,10403864,2515,0,12,0,0,0,32804244,31731360,31620864,2116,170716
2018-05-13_19-16-27.096036969,1526231787.097786718,2018-05-13_19-16-27.101544451,1526231787.103227164,0.93,0.94,0.95,579818,501218,3232,1182,1314,1204,867,899,895,861,1317699,0,4613,10424893,2515,0,12,0,0,0,32804244,31731480,31621340,2116,170716
2018-05-13_19-16-57.145255547,1526231817.146984864,2018-05-13_19-16-57.150747745,1526231817.152446255,0.95,0.95,0.95,581142,502362,3234,1187,1332,1204,867,899,895,861,1320700,0,4617,10445925,2515,0,12,0,0,0,32804244,31731644,31621504,2116,170716
2018-05-13_19-17-27.194420320,1526231847.196165038,2018-05-13_19-17-27.199928744,1526231847.201610422,0.97,0.95,0.95,582466,503506,3236,1187,1354,1204,867,899,895,861,1323700,0,4623,10466954,2515,0,12,0,0,0,32804244,31731244,31621104,2116,170716
2018-05-13_19-17-57.243428552,1526231877.245153194,2018-05-13_19-17-57.248916311,1526231877.250596027,0.98,0.96,0.95,583790,504650,3243,1187,1359,1204,867,899,907,861,1326700,0,4628,10487985,2515,0,12,0,0,0,32804244,31731756,31621616,2116,170716
2018-05-13_19-18-27.292549096,1526231907.294278234,2018-05-13_19-18-27.298053756,1526231907.299746838,0.99,0.96,0.95,585114,505794,3250,1187,1360,1204,867,899,923,861,1329702,0,4635,10509015,2515,0,12,0,0,0,32804244,31731860,31621464,2116,170716
2018-05-13_19-18-57.342304089,1526231937.344017574,2018-05-13_19-18-57.347769824,1526231937.349465588,0.99,0.96,0.95,586438,506938,3270,1187,1360,1204,867,899,927,861,1332702,0,4639,10530047,2515,0,13,0,0,0,32804244,31731536,31621396,2116,170716
2018-05-13_19-19-27.391226785,1526231967.392963188,2018-05-13_19-19-27.396723037,1526231967.398415464,1.00,0.97,0.95,587762,508082,3293,1187,1360,1204,867,899,927,861,1335703,0,4645,10551077,2515,0,13,0,0,0,32804244,31731572,31621432,2116,170716
2018-05-13_19-19-57.440363255,1526231997.442435622,2018-05-13_19-19-57.446306572,1526231997.448011217,1.00,0.97,0.95,589086,509226,3305,1187,1360,1204,879,899,927,861,1338704,0,4650,10572108,2515,0,13,0,0,0,32804244,31730576,31620696,2116,170716
2018-05-13_19-20-27.490146715,1526232027.491915645,2018-05-13_19-20-27.495803983,1526232027.497498130,1.00,0.97,0.95,590410,510370,3313,1187,1360,1204,894,899,927,861,1341707,0,4659,10593132,2515,0,13,0,0,0,32804244,31719248,31609124,2116,170736
2018-05-13_19-20-57.539484717,1526232057.541201531,2018-05-13_19-20-57.544975658,1526232057.546657362,1.00,0.97,0.95,591734,511514,3319,1187,1361,1204,898,913,927,861,1344707,0,4664,10614163,2515,0,13,0,0,0,32804244,31719064,31608940,2116,170736
2018-05-13_19-21-27.588485959,1526232087.590236814,2018-05-13_19-21-27.594007122,1526232087.595691187,1.07,0.99,0.96,593058,512658,3327,1187,1361,1204,898,929,927,861,1347709,0,4674,10635188,2515,0,13,0,0,0,32804244,31718608,31608176,2116,170740
2018-05-13_19-21-57.637573813,1526232117.639339676,2018-05-13_19-21-57.643238076,1526232117.644930331,1.04,0.99,0.96,594382,513802,3330,1205,1361,1204,898,933,927,861,1350712,0,4681,10656215,2515,0,13,0,0,0,32804244,31717416,31607292,2116,170740
2018-05-13_19-22-27.687230619,1526232147.688963166,2018-05-13_19-22-27.692722724,1526232147.694406360,1.03,0.99,0.96,595706,514946,3331,1227,1363,1204,898,933,927,861,1353713,0,4687,10677244,2515,0,13,0,0,0,32804244,31717828,31607964,2116,170740
2018-05-13_19-22-57.736232914,1526232177.737995839,2018-05-13_19-22-57.741885354,1526232177.743571634,1.02,0.99,0.96,597030,516090,3338,1231,1364,1204,898,933,927,873,1356715,0,4694,10698271,2515,0,13,0,0,0,32804244,31718120,31607676,2116,170744
2018-05-13_19-23-27.786045785,1526232207.787792588,2018-05-13_19-23-27.791599593,1526232207.793295126,1.06,1.01,0.97,598354,517234,3346,1231,1364,1204,898,933,927,888,1359716,0,4701,10719300,2515,0,13,0,0,0,32804244,31730032,31619912,2116,170740
2018-05-13_19-23-57.835225231,1526232237.836947262,2018-05-13_19-23-57.840706080,1526232237.842398404,1.04,1.01,0.97,599678,518378,3349,1231,1364,1221,898,933,927,892,1362716,0,4705,10740331,2515,0,13,0,0,0,32804244,31730516,31620396,2116,170740
2018-05-13_19-24-27.884266842,1526232267.885995294,2018-05-13_19-24-27.889757021,1526232267.891445929,1.02,1.01,0.97,601002,519522,3351,1231,1364,1242,898,933,927,892,1365717,0,4710,10761361,2515,0,13,0,0,0,32804244,31730264,31620144,2116,170740
2018-05-13_19-24-57.933396528,1526232297.935109523,2018-05-13_19-24-57.938878141,1526232297.940564453,1.01,1.01,0.97,602326,520666,3370,1231,1364,1247,898,933,927,892,1368718,0,4714,10782392,2515,0,13,0,0,0,32804244,31730696,31620576,2116,170740
2018-05-13_19-25-27.982483572,1526232327.984209344,2018-05-13_19-25-27.987993829,1526232327.989679568,1.01,1.01,0.97,603650,521810,3392,1231,1364,1249,898,933,927,892,1371718,0,4721,10803422,2515,0,13,0,0,0,32804244,31730912,31620792,2116,170740
2018-05-13_19-25-58.031594496,1526232358.033308590,2018-05-13_19-25-58.037070047,1526232358.038756977,1.01,1.01,0.97,604974,522954,3404,1231,1364,1249,910,933,927,892,1374718,0,4726,10824454,2515,0,13,0,0,0,32804244,31730680,31620560,2116,170740
2018-05-13_19-26-28.080683525,1526232388.082418284,2018-05-13_19-26-28.086194632,1526232388.087894712,1.00,1.01,0.97,606298,524098,3412,1231,1364,1249,926,933,927,892,1377718,0,4733,10845484,2515,0,13,0,0,0,32804244,31730608,31620224,2116,170740
2018-05-13_19-26-58.129903099,1526232418.131601420,2018-05-13_19-26-58.135392580,1526232418.137099551,1.00,1.01,0.97,607622,525242,3415,1231,1381,1249,930,933,927,892,1380719,0,4738,10866515,2515,0,13,0,0,0,32804244,31730928,31620808,2116,170740
2018-05-13_19-27-28.178872609,1526232448.180579588,2018-05-13_19-27-28.184343806,1526232448.186029084,1.00,1.01,0.97,608946,526386,3417,1231,1403,1249,930,933,927,892,1383719,0,4744,10887545,2515,0,13,0,0,0,32804244,31730872,31620752,2116,170740
2018-05-13_19-27-58.227774602,1526232478.229484135,2018-05-13_19-27-58.233215888,1526232478.234901609,1.00,1.01,0.97,608946,526386,3417,1231,1403,1249,930,933,927,892,1386725,0,4748,10908571,2515,0,13,0,0,0,32804244,31730576,31620456,2116,170740
2018-05-13_19-28-28.276935646,1526232508.278676845,2018-05-13_19-28-28.282551306,1526232508.284249410,1.00,1.01,0.97,610270,527530,3424,1231,1408,1249,930,933,939,892,1389726,0,4757,10929597,2515,0,13,0,0,0,32804244,31718128,31608008,2116,170752
2018-05-13_19-28-58.326265241,1526232538.327971507,2018-05-13_19-28-58.331693287,1526232538.333381064,1.00,1.01,0.97,611594,528674,3433,1231,1408,1249,930,933,955,892,1392726,0,4762,10950629,2515,0,13,0,0,0,32804244,31717716,31607600,2116,170752
2018-05-13_19-29-28.375267280,1526232568.377003816,2018-05-13_19-29-28.380764800,1526232568.382451795,0.95,0.99,0.96,612918,529818,3434,1231,1426,1249,930,933,959,892,1395728,0,4771,10971654,2515,0,13,0,0,0,32804244,31717348,31607232,2116,170752
2018-05-13_19-29-58.424633274,1526232598.426411049,2018-05-13_19-29-58.430284659,1526232598.431974264,0.93,0.98,0.96,614242,530962,3436,1231,1446,1249,930,933,959,892,1398731,0,4777,10992681,2515,0,13,0,0,0,32804244,31717048,31606932,2116,170756
2018-05-13_19-30-28.473866760,1526232628.475569977,2018-05-13_19-30-28.479303559,1526232628.480980893,0.96,0.98,0.96,615566,532106,3443,1231,1450,1249,930,933,971,892,1401732,0,4785,11013707,2515,0,13,0,0,0,32804244,31717564,31607452,2116,170760
2018-05-13_19-30-58.522931594,1526232658.524675949,2018-05-13_19-30-58.528524675,1526232658.530211510,0.97,0.99,0.96,616890,533250,3451,1231,1450,1249,930,933,986,892,1404734,0,4792,11034734,2515,0,13,0,0,0,32804244,31716900,31606788,2116,170760
2018-05-13_19-31-28.572269789,1526232688.574006461,2018-05-13_19-31-28.577765347,1526232688.579451898,1.01,0.99,0.96,618214,534394,3469,1232,1450,1250,930,933,990,892,1407736,0,4798,11055763,2515,0,13,0,0,0,32804244,31730428,31620316,2116,170756
2018-05-13_19-31-58.621247791,1526232718.622963730,2018-05-13_19-31-58.626710374,1526232718.628403908,1.01,0.99,0.96,619538,535538,3491,1234,1450,1250,930,933,990,892,1410736,0,4803,11076795,2515,0,13,0,0,0,32804244,31730484,31620372,2116,170760
2018-05-13_19-32-28.670212993,1526232748.671932575,2018-05-13_19-32-28.675670516,1526232748.677347795,1.00,0.99,0.96,620862,536682,3502,1234,1450,1251,942,933,990,892,1413736,0,4809,11097824,2515,0,13,0,0,0,32804244,31731092,31620980,2116,170760
2018-05-13_19-32-58.719259964,1526232778.720978649,2018-05-13_19-32-58.724708318,1526232778.726398086,1.00,0.99,0.96,622186,537826,3509,1234,1450,1251,959,933,990,892,1416736,0,4813,11118856,2515,0,13,0,0,0,32804244,31730980,31620868,2116,170760
2018-05-13_19-33-28.768211474,1526232808.769932329,2018-05-13_19-33-28.773694071,1526232808.775387732,1.00,0.99,0.96,623510,538970,3517,1234,1450,1251,963,933,990,904,1419736,0,4819,11139886,2515,0,13,0,0,0,32804244,31730540,31620428,2116,170760
2018-05-13_19-33-58.817157502,1526232838.818867799,2018-05-13_19-33-58.822595564,1526232838.824403844,1.00,0.99,0.96,624834,540114,3524,1234,1450,1251,963,933,990,921,1422736,0,4823,11160918,2515,0,13,0,0,0,32804244,31730348,31619928,2116,170760
2018-05-13_19-34-28.866144496,1526232868.867877666,2018-05-13_19-34-28.871625011,1526232868.873307937,1.00,0.99,0.96,626158,541258,3527,1234,1450,1268,963,933,990,925,1425737,0,4829,11181947,2515,0,13,0,0,0,32804244,31730028,31619916,2116,170760
2018-05-13_19-34-58.915062720,1526232898.916779579,2018-05-13_19-34-58.920535044,1526232898.922214899,1.00,0.99,0.96,627482,542402,3529,1235,1450,1288,963,933,990,925,1428736,0,4834,11202979,2515,0,13,0,0,0,32804244,31730172,31620060,2116,170760
2018-05-13_19-35-28.963939088,1526232928.965656991,2018-05-13_19-35-28.969436355,1526232928.971119829,1.00,0.99,0.96,628806,543546,3536,1235,1450,1293,963,945,990,925,1431737,0,4840,11224009,2515,0,13,0,0,0,32804244,31730112,31619736,2116,170760
2018-05-13_19-35-59.012829525,1526232959.014528539,2018-05-13_19-35-59.018411776,1526232959.020094715,1.00,0.99,0.96,630130,544690,3544,1235,1450,1293,963,961,990,925,1434736,0,4845,11245040,2515,0,13,0,0,0,32804244,31730932,31620820,2116,170760
2018-05-13_19-36-29.061949715,1526232989.063714029,2018-05-13_19-36-29.067588074,1526232989.069318631,1.00,0.99,0.96,631454,545834,3547,1251,1450,1293,963,965,990,925,1437738,0,4853,11266067,2515,0,13,0,0,0,32804244,31717364,31607516,2116,170768
2018-05-13_19-36-59.111390153,1526233019.113101573,2018-05-13_19-36-59.116867225,1526233019.118547156,0.94,0.97,0.95,632778,546978,3549,1271,1450,1294,963,965,990,925,1440739,0,4857,11287098,2515,0,13,0,0,0,32804244,31717672,31607564,2116,170768
2018-05-13_19-37-29.160477924,1526233049.162211610,2018-05-13_19-37-29.165971923,1526233049.167648459,0.96,0.98,0.95,634102,548122,3568,1276,1451,1294,963,965,990,925,1443741,0,4865,11308123,2515,0,14,0,0,0,32804244,31717144,31607036,2116,170772
2018-05-13_19-37-59.209741368,1526233079.211506977,2018-05-13_19-37-59.215412130,1526233079.217121039,0.92,0.96,0.95,635426,549266,3589,1277,1452,1294,963,965,990,925,1446744,0,4871,11329150,2515,0,14,0,0,0,32804244,31716964,31606856,2116,170772
2018-05-13_19-38-29.259185910,1526233109.260915310,2018-05-13_19-38-29.264674255,1526233109.266358965,0.95,0.96,0.95,636750,550410,3600,1277,1453,1294,975,965,990,925,1449744,0,4877,11350180,2515,0,14,0,0,0,32804244,31717380,31607272,2116,170772
2018-05-13_19-38-59.308490796,1526233139.310244326,2018-05-13_19-38-59.314102775,1526233139.315796310,0.97,0.97,0.95,638074,551554,3607,1277,1453,1294,993,965,990,925,1452746,0,4885,11371208,2515,0,14,0,0,0,32804244,31717264,31607160,2116,170776
2018-05-13_19-39-29.358144279,1526233169.359894828,2018-05-13_19-39-29.363689533,1526233169.365390518,0.92,0.96,0.95,639398,552698,3610,1277,1470,1294,997,965,990,925,1455747,0,4891,11392237,2515,0,14,0,0,0,32804244,31730576,31620468,2116,170768
2018-05-13_19-39-59.407418456,1526233199.409137471,2018-05-13_19-39-59.412887649,1526233199.414571198,0.95,0.96,0.95,640722,553842,3611,1277,1493,1294,997,965,990,925,1458746,0,4896,11413268,2515,0,14,0,0,0,32804244,31730272,31620424,2116,170768
2018-05-13_19-40-29.456506610,1526233229.458241190,2018-05-13_19-40-29.462035901,1526233229.463731907,0.97,0.96,0.95,642046,554986,3618,1277,1498,1294,997,965,1002,925,1461747,0,4904,11434296,2515,0,14,0,0,0,32804244,31730340,31620240,2116,170780
2018-05-13_19-40-59.505667862,1526233259.507375588,2018-05-13_19-40-59.511142340,1526233259.512835463,0.98,0.96,0.95,643370,556130,3625,1277,1499,1294,997,965,1018,925,1464747,0,4909,11455327,2515,0,14,0,0,0,32804244,31730032,31619932,2116,170780
2018-05-13_19-41-29.554648001,1526233289.556373307,2018-05-13_19-41-29.560131866,1526233289.561815794,0.99,0.97,0.95,644694,557274,3633,1277,1499,1294,997,977,1022,925,1467748,0,4915,11476356,2515,0,14,0,0,0,32804244,31730000,31620160,2116,170780
2018-05-13_19-41-59.603626919,1526233319.605334788,2018-05-13_19-41-59.609098356,1526233319.610782077,0.99,0.97,0.95,646018,558418,3641,1277,1499,1294,997,993,1022,925,1470747,0,4920,11497388,2515,0,14,0,0,0,32804244,31730124,31620024,2116,170780
2018-05-13_19-42-29.652532786,1526233349.654303920,2018-05-13_19-42-29.658077689,1526233349.659762603,0.93,0.96,0.95,647342,559562,3644,1293,1499,1294,997,997,1022,925,1473748,0,4926,11518417,2515,0,14,0,0,0,32804244,31730528,31620428,2116,170780
2018-05-13_19-42-59.701659358,1526233379.703373241,2018-05-13_19-42-59.707134248,1526233379.708831321,0.96,0.96,0.95,648666,560706,3646,1313,1500,1294,997,997,1022,925,1476749,0,4930,11539449,2515,0,14,0,0,0,32804244,31730500,31620136,2116,170780
2018-05-13_19-43-29.750838286,1526233409.753047632,2018-05-13_19-43-29.757051022,1526233409.758761866,0.98,0.96,0.95,649990,561850,3653,1317,1500,1295,997,997,1022,937,1479750,0,4938,11560477,2515,0,14,0,0,0,32804244,31728104,31617664,2116,170784
2018-05-13_19-43-59.800764644,1526233439.802490930,2018-05-13_19-43-59.806340209,1526233439.808019932,0.96,0.97,0.95,651314,562994,3660,1317,1500,1295,997,997,1022,954,1482753,0,4945,11581502,2516,0,14,0,0,0,32804244,31727236,31617140,2116,170824
2018-05-13_19-44-29.850076723,1526233469.851847007,2018-05-13_19-44-29.855877096,1526233469.857633316,0.98,0.97,0.95,652638,564138,3663,1317,1501,1312,997,997,1022,958,1485757,0,4953,11602526,2516,0,14,0,0,0,32804244,31714752,31604320,2116,170836
2018-05-13_19-44-59.899864555,1526233499.901590671,2018-05-13_19-44-59.905632315,1526233499.907319835,0.99,0.97,0.95,653962,565282,3666,1317,1501,1332,997,997,1022,958,1488758,0,4958,11623557,2516,0,14,0,0,0,32804244,31714808,31604716,2116,170836
