StartTime,StartEpoch,EndTime,EndEpoch,CPULoad1m,CPULoad5m,CPULoad5m,NetDevRX,NetDevTX,IRQens2-0,IRQens2-1,IRQens2-2,IRQens2-3,IRQens2-4,IRQens2-5,IRQens2-6,IRQens2-7,user,nice,system,idle,iowait,irq,softirq,steal,guest,guest_nice,MemTotal,MemFree,MemAvailable,Buffers,Cached
2018-05-15_17-42-11.155596532,1526398931.158059533,2018-05-15_17-42-11.163997533,1526398931.166602888,0.02,0.17,0.12,2635220260,4689322,15501,0,0,0,0,111881,0,0,751,0,1985,250986,2253,0,6,0,0,0,32804244,31585128,31474824,2116,171408
2018-05-15_17-42-41.222174598,1526398961.224468474,2018-05-15_17-42-41.229302571,1526398961.231851225,0.26,0.22,0.14,49202319844,86958028,301560,0,0,0,0,2017912,0,0,809,0,3511,271961,2253,0,40,0,0,0,32804244,31584092,31473724,2116,171408
2018-05-15_17-43-11.291412430,1526398991.294022710,2018-05-15_17-43-11.299550161,1526398991.302237495,0.34,0.25,0.15,94598671044,167015194,519203,0,0,0,0,3836751,0,0,864,0,4976,292978,2253,0,54,0,0,0,32804244,31584764,31474212,2116,171408
2018-05-15_17-43-41.360780304,1526399021.363888917,2018-05-15_17-43-41.369799936,1526399021.372665722,0.33,0.25,0.15,141540523274,249445900,843244,0,0,0,0,5710784,0,0,920,0,6537,313894,2253,0,92,0,0,0,32804244,31584412,31474656,2116,171408
2018-05-15_17-44-11.429810948,1526399051.431937588,2018-05-15_17-44-11.437483462,1526399051.440021383,0.46,0.29,0.17,187603433220,329970106,1157796,0,0,0,0,7565550,0,0,976,0,8001,334876,2253,0,116,0,0,0,32804244,31584528,31475052,2116,171408
2018-05-15_17-44-41.496485591,1526399081.499201060,2018-05-15_17-44-41.504771493,1526399081.507100665,0.52,0.33,0.18,231263314594,406326652,1487686,0,0,0,0,9381833,0,0,1037,0,9404,355957,2255,0,150,0,0,0,32804244,31584728,31474232,2116,171568
2018-05-15_17-45-11.567229182,1526399111.569796783,2018-05-15_17-45-11.575203651,1526399111.578015169,0.38,0.31,0.18,274691385552,482371258,1865997,0,0,0,0,11116753,0,0,1097,0,10800,377056,2255,0,190,0,0,0,32804244,31583684,31473756,2116,171568
2018-05-15_17-45-41.634272746,1526399141.636560685,2018-05-15_17-45-41.641090208,1526399141.643054414,0.48,0.35,0.20,311360773412,546965824,2115212,39853,0,0,0,12590095,0,0,1150,0,11909,398618,2255,0,215,0,0,0,32804244,31570792,31461128,2116,171576
2018-05-15_17-46-11.695920580,1526399171.698116179,2018-05-15_17-46-11.703173030,1526399171.705424286,0.29,0.31,0.19,326908552272,575256670,2238425,733133,0,0,0,12590095,0,0,1177,0,12332,421702,2255,0,230,0,0,0,32804244,31569848,31459544,2116,171576
2018-05-15_17-46-41.756062989,1526399201.758313520,2018-05-15_17-46-41.762715046,1526399201.764658333,0.32,0.32,0.20,343069369518,605223736,2355830,1460491,0,0,0,12590095,0,0,1212,0,12786,444758,2255,0,243,0,0,0,32804244,31569180,31459780,2116,171580
2018-05-15_17-47-11.815071480,1526399231.817174146,2018-05-15_17-47-11.822232191,1526399231.824306575,0.27,0.30,0.20,359234480244,635909842,2504720,2173694,0,0,0,12590095,0,0,1244,0,13267,467830,2255,0,255,0,0,0,32804244,31570968,31460968,2116,171580
2018-05-15_17-47-41.876062272,1526399261.878033765,2018-05-15_17-47-41.882183152,1526399261.884080566,0.16,0.27,0.19,375430997068,665678548,2628701,2904648,0,0,0,12590095,0,0,1272,0,13714,490884,2255,0,272,0,0,0,32804244,31570700,31461032,2116,171580
2018-05-15_17-48-11.932645116,1526399291.934832479,2018-05-15_17-48-11.939974345,1526399291.942102984,0.18,0.26,0.19,390041281564,692492854,2817178,3541748,0,0,0,12590095,0,0,1391,0,14309,513774,2256,0,330,0,0,0,32804244,31568976,31458560,2116,171844
2018-05-15_17-48-41.992589316,1526399321.994753273,2018-05-15_17-48-41.999893954,1526399322.001885242,0.33,0.29,0.20,406535036076,723542860,2918416,4309921,0,0,0,12590095,0,0,1425,0,14748,536825,2256,0,350,0,0,0,32804244,31581796,31471720,2116,171836
2018-05-15_17-49-12.052433770,1526399352.054433135,2018-05-15_17-49-12.058884873,1526399352.060894954,0.38,0.31,0.21,423192397684,755093806,3007730,5094777,0,0,0,12590095,0,0,1456,0,15185,559877,2256,0,366,0,0,0,32804244,31581956,31472072,2116,171836
2018-05-15_17-49-42.110949126,1526399382.112862646,2018-05-15_17-49-42.117008114,1526399382.118888338,0.28,0.29,0.21,438871084454,783670912,3125644,5786424,0,31965,0,12590095,0,0,1482,0,15589,582947,2256,0,377,0,0,0,32804244,31583248,31472592,2116,171836
2018-05-15_17-50-12.165640680,1526399412.167557838,2018-05-15_17-50-12.171732698,1526399412.173805552,0.30,0.30,0.21,454537884686,812501458,3254362,5786424,0,762861,0,12590095,0,0,1561,0,16089,605874,2256,0,409,0,0,0,32804244,31578716,31468944,2116,171848
2018-05-15_17-50-42.219771764,1526399442.221827898,2018-05-15_17-50-42.226125035,1526399442.228036877,0.44,0.33,0.23,469765285346,840788044,3427750,5786424,0,1445563,0,12590095,0,0,1728,0,16744,628580,2256,0,472,0,0,0,32804244,31579000,31469100,2116,171848
2018-05-15_17-51-12.274482466,1526399472.276652446,2018-05-15_17-51-12.281290005,1526399472.283297538,0.51,0.36,0.24,484660176656,868353070,3619549,5786424,0,2112432,0,12590095,0,0,1884,0,17394,651300,2256,0,527,0,0,0,32804244,31579044,31469496,2116,171848
2018-05-15_17-51-42.330654631,1526399502.332709642,2018-05-15_17-51-42.337049189,1526399502.339075571,0.31,0.33,0.23,499175868936,895149196,3813526,5786424,0,2762551,0,12590095,0,0,2048,0,18016,674038,2256,0,586,0,0,0,32804244,31578752,31468896,2116,171848
2018-05-15_17-52-12.386580033,1526399532.388774947,2018-05-15_17-52-12.393271864,1526399532.395215280,0.19,0.30,0.22,515442165026,926845942,3975918,5786424,0,3476129,0,12590095,0,0,2209,0,18642,696713,2256,0,651,0,0,0,32804244,31578820,31469192,2116,171848
2018-05-15_17-52-42.441612997,1526399562.443541726,2018-05-15_17-52-42.447800945,1526399562.449670009,0.18,0.28,0.22,531418134128,957839368,4142446,5786424,0,4174186,0,12590095,0,0,2375,0,19235,719399,2256,0,715,0,0,0,32804244,31578992,31469068,2116,171848
2018-05-15_17-53-12.495010835,1526399592.497245434,2018-05-15_17-53-12.501527122,1526399592.503454943,0.34,0.32,0.24,547672624946,989363914,4313952,5786424,0,4885280,0,12590095,0,0,2538,0,19829,742073,2256,0,779,0,0,0,32804244,31578164,31468464,2116,171848
2018-05-15_17-53-42.550589053,1526399622.552543695,2018-05-15_17-53-42.556970740,1526399622.558920493,0.33,0.32,0.24,563870616564,1020326740,4470817,5786424,0,5576018,0,12590095,0,22305,2704,0,20423,764734,2256,0,846,0,0,0,32804244,31564804,31455440,2116,171860
2018-05-15_17-54-12.606120143,1526399652.608126313,2018-05-15_17-54-12.612518149,1526399652.614427329,0.20,0.29,0.23,579839095030,1048320766,4631381,5786424,0,5576018,0,12590095,0,597287,2862,0,21083,787348,2256,0,916,0,0,0,32804244,31565088,31455388,2116,171860
2018-05-15_17-54-42.661849967,1526399682.663890245,2018-05-15_17-54-42.668280696,1526399682.670195301,0.31,0.31,0.24,594727955882,1074523492,4814645,5786424,0,5576018,0,12590095,0,1120665,3020,0,21724,809986,2256,0,994,0,0,0,32804244,31565028,31455408,2116,171860
2018-05-15_17-55-12.718054662,1526399712.719995315,2018-05-15_17-55-12.724205586,1526399712.726104895,0.24,0.29,0.23,610760897000,1102681258,4977307,5786424,0,5576018,0,12590095,0,1699032,3182,0,22393,832594,2256,0,1065,0,0,0,32804244,31565728,31455820,2116,171864
2018-05-15_17-55-42.773611532,1526399742.775733301,2018-05-15_17-55-42.780339005,1526399742.782272790,0.15,0.27,0.23,626029059310,1129685164,5158679,5786424,0,5576018,0,12590095,0,2237970,3243,0,22850,855537,2256,0,1088,0,0,0,32804244,31568280,31458664,2116,171864
2018-05-15_17-56-12.829371521,1526399772.831366643,2018-05-15_17-56-12.835674896,1526399772.837573456,0.15,0.26,0.22,642261736478,1158526690,5304725,5786424,0,5576018,0,12590095,0,2875765,3270,0,23272,878487,2256,0,1099,0,0,0,32804244,31568872,31458656,2116,171868
2018-05-15_17-56-42.885905428,1526399802.888014401,2018-05-15_17-56-42.892679087,1526399802.894655734,0.22,0.26,0.23,659062821630,1188079396,5455592,5786424,0,5576018,0,12590095,0,3519203,3295,0,23731,901421,2256,0,1118,0,0,0,32804244,31581740,31471760,2116,171860
2018-05-15_17-57-12.942061047,1526399832.944201145,2018-05-15_17-57-12.948695528,1526399832.950632078,0.20,0.25,0.23,674841005528,1216103062,5550961,5786424,0,5576018,0,12590095,0,4183049,3317,0,24193,924394,2256,0,1125,0,0,0,32804244,31581184,31471528,2116,171860
2018-05-15_17-57-42.998568236,1526399863.000729051,2018-05-15_17-57-43.005471411,1526399863.007410505,0.20,0.25,0.23,689965198536,1243047328,5695804,5786424,0,5576018,0,12590095,20720,4753548,3342,0,24634,947399,2256,0,1139,0,0,0,32804244,31581728,31472324,2116,171860
2018-05-15_17-58-13.056724986,1526399893.058687677,2018-05-15_17-58-13.063175483,1526399893.065260552,0.12,0.22,0.22,705992189088,1271385814,5838380,5786424,0,5576018,0,12590095,654529,4753548,3368,0,25130,970354,2256,0,1150,0,0,0,32804244,31582212,31471688,2116,171864
2018-05-15_17-58-43.113237986,1526399923.115271846,2018-05-15_17-58-43.119915728,1526399923.121922052,0.15,0.22,0.22,722559265612,1300624780,5982245,5786424,0,5576018,0,12590095,1302524,4753548,3391,0,25650,993295,2256,0,1162,0,0,0,32804244,31581132,31471520,2116,171864
2018-05-15_17-59-13.169950328,1526399953.172305241,2018-05-15_17-59-13.176904333,1526399953.178920911,0.24,0.23,0.22,739271885082,1329921406,6121150,5786424,0,5576018,0,12590095,1952517,4753548,3411,0,26166,1016247,2256,0,1177,0,0,0,32804244,31582444,31472436,2116,171864
2018-05-15_17-59-43.225929008,1526399983.228323039,2018-05-15_17-59-43.232989372,1526399983.235002312,0.20,0.22,0.22,755980769594,1359104872,6256140,5786424,0,5576018,0,12590095,2601936,4753548,3431,0,26690,1039208,2256,0,1190,0,0,0,32804244,31581504,31471840,2116,171864
2018-05-15_18-00-13.283466915,1526400013.285668806,2018-05-15_18-00-13.290465440,1526400013.292507827,0.12,0.20,0.22,772538491350,1388349118,6406621,5786424,0,5576018,0,12590095,3242787,4753548,3454,0,27191,1062150,2256,0,1210,0,0,0,32804244,31581232,31472104,2116,171872
2018-05-15_18-00-43.341727173,1526400043.343712689,2018-05-15_18-00-43.348166222,1526400043.350190230,0.20,0.22,0.22,788614167352,1416863164,6559563,5786424,0,5576018,0,12590095,3866117,4753548,3476,0,27690,1085096,2256,0,1228,0,0,0,32804244,31581636,31472016,2116,171872
2018-05-15_18-01-13.398476118,1526400073.400527785,2018-05-15_18-01-13.405455268,1526400073.407543281,0.30,0.24,0.23,804599633416,1445200330,6688026,5786424,0,5576018,0,12590095,4517278,4753548,3501,0,28186,1108020,2260,0,1242,0,0,0,32804244,31582020,31471840,2116,171884
2018-05-15_18-01-43.455025234,1526400103.457032674,2018-05-15_18-01-43.461581764,1526400103.463554711,0.24,0.23,0.23,820597563112,1473496216,6819382,5786424,18491,5576018,0,12590095,5144879,4753548,3527,0,28694,1130950,2260,0,1257,0,0,0,32804244,31568428,31459040,2116,171892
2018-05-15_18-02-13.511964088,1526400133.514039860,2018-05-15_18-02-13.518511402,1526400133.520406445,0.20,0.23,0.22,836880170496,1503433042,6933960,5786424,775703,5576018,0,12590095,5144879,4753548,3553,0,29136,1154002,2260,0,1266,0,0,0,32804244,31569360,31459512,2116,171892
2018-05-15_18-02-43.567902564,1526400163.569822539,2018-05-15_18-02-43.574084585,1526400163.576166871,0.18,0.22,0.22,853297721044,1534429228,7034263,5786424,1530452,5576018,0,12590095,5144879,4753548,3585,0,29588,1177064,2260,0,1275,0,0,0,32804244,31568236,31458856,2116,171896
2018-05-15_18-03-13.624006427,1526400193.626211539,2018-05-15_18-03-13.630575861,1526400193.632532756,0.11,0.20,0.22,869225447754,1563519814,7166099,5786424,2254061,5576018,0,12590095,5144879,4753548,3614,0,30036,1200129,2260,0,1291,0,0,0,32804244,31568752,31459120,2116,171896
2018-05-15_18-03-43.680404655,1526400223.682593632,2018-05-15_18-03-43.686888769,1526400223.688837813,0.07,0.18,0.21,884481501350,1591684360,7273232,5786424,2961611,5576018,0,12590095,5144879,4753548,3641,0,30465,1223240,2260,0,1301,0,0,0,32804244,31569148,31459228,2116,171900
2018-05-15_18-04-13.735903282,1526400253.738016036,2018-05-15_18-04-13.742315421,1526400253.744208231,0.09,0.18,0.21,900839631420,1621651486,7399900,5786424,3699999,5576018,0,12590095,5144879,4753548,3674,0,30919,1246279,2260,0,1315,0,0,0,32804244,31568300,31458184,2116,171900
2018-05-15_18-04-43.791681303,1526400283.793846478,2018-05-15_18-04-43.798357603,1526400283.800305849,0.11,0.18,0.21,917325757354,1652325532,7517496,5786424,4447311,5576018,0,12590095,5144879,4753548,3704,0,31372,1269319,2260,0,1328,0,0,0,32804244,31581152,31471840,2116,171892
2018-05-15_18-05-13.847046680,1526400313.849017004,2018-05-15_18-05-13.854348296,1526400313.856263218,0.07,0.16,0.21,933862426204,1683469078,7690514,5786424,5174647,5576018,0,12590095,5144879,4753548,3733,0,31845,1292370,2260,0,1338,0,0,0,32804244,31581816,31472492,2116,171892
2018-05-15_18-05-43.903778637,1526400343.905801686,2018-05-15_18-05-43.910284451,1526400343.912204216,0.04,0.15,0.20,950194927282,1713722404,7807351,5786424,5921116,5576018,0,12590095,5144879,4753548,3760,0,32296,1315422,2260,0,1348,0,0,0,32804244,31582364,31472748,2116,171896
2018-05-15_18-06-13.958870374,1526400373.961043774,2018-05-15_18-06-13.965217867,1526400373.967109918,0.03,0.13,0.19,966751106556,1737642790,8610725,5786424,5921116,5576018,0,12590095,5144879,4753548,3779,0,32674,1338593,2260,0,1562,0,0,0,32804244,31580724,31471408,2116,171896
2018-05-15_18-06-44.013916081,1526400404.015828821,2018-05-15_18-06-44.020129632,1526400404.022159841,0.16,0.15,0.20,981863369996,1760052916,9350504,5786424,5921116,5576018,0,12590095,5144879,4753548,3795,0,32998,1361827,2260,0,1738,0,0,0,32804244,31580976,31471356,2116,171896
2018-05-15_18-07-14.068837193,1526400434.070759590,2018-05-15_18-07-14.074933209,1526400434.077001874,0.23,0.17,0.20,997917190928,1786342222,10154411,5786424,5921116,5576018,0,12590095,5144879,4753548,3813,0,33359,1385013,2260,0,1950,0,0,0,32804244,31581252,31471904,2116,171896
2018-05-15_18-07-44.123490243,1526400464.125327036,2018-05-15_18-07-44.129495626,1526400464.131506694,0.29,0.19,0.21,1014858361914,1809856588,10969138,5786424,5921116,5576018,0,12590095,5144879,4753548,3830,0,33742,1408182,2260,0,2187,0,0,0,32804244,31581388,31472076,2116,171896
2018-05-15_18-08-14.178158241,1526400494.180377046,2018-05-15_18-08-14.184650762,1526400494.186669532,0.33,0.20,0.21,1031089708848,1834830814,11767640,5786424,5921116,5576018,0,12590095,5144879,4753548,3847,0,34096,1431369,2260,0,2400,0,0,0,32804244,31581256,31471648,2116,171896
2018-05-15_18-08-44.232701472,1526400524.234802700,2018-05-15_18-08-44.239197688,1526400524.241092716,0.34,0.21,0.22,1047443207814,1859716840,12563205,5786424,5921116,5576018,0,12590095,5144879,4753548,3867,0,34453,1454553,2260,0,2608,0,0,0,32804244,31581816,31472244,2116,171896
2018-05-15_18-09-14.287609227,1526400554.289655722,2018-05-15_18-09-14.293923766,1526400554.295906525,0.27,0.21,0.22,1063273639110,1884745486,13351400,5786424,5921116,5576018,0,12590095,5144879,4753548,3884,0,34795,1477757,2260,0,2807,0,0,0,32804244,31580940,31471584,2116,171896
2018-05-15_18-09-44.342646238,1526400584.344615249,2018-05-15_18-09-44.349042286,1526400584.350936722,0.22,0.21,0.22,1078959200770,1909536652,14142035,5786424,5921116,5576018,6110,12590095,5144879,4753548,3904,0,35151,1500949,2260,0,3009,0,0,0,32804244,31569548,31459420,2116,171908
2018-05-15_18-10-14.398295587,1526400614.400383516,2018-05-15_18-10-14.404731122,1526400614.406646481,0.19,0.20,0.22,1094841121210,1937769538,14289760,5786424,5921116,5576018,623067,12590095,5144879,4753548,3926,0,35653,1523908,2260,0,3024,0,0,0,32804244,31569152,31460112,2116,171920
2018-05-15_18-10-44.453860097,1526400644.455966424,2018-05-15_18-10-44.460607850,1526400644.462639125,0.19,0.20,0.22,1111370847762,1966966804,14420614,5786424,5921116,5576018,1281880,12590095,5144879,4753548,3949,0,36174,1546826,2260,0,3041,0,0,0,32804244,31568964,31459352,2116,171920
2018-05-15_18-11-14.510314118,1526400674.512295511,2018-05-15_18-11-14.516718065,1526400674.518834097,0.25,0.21,0.22,1127603231394,1995926470,14556425,5786424,5921116,5576018,1932143,12590095,5144879,4753548,3973,0,36688,1569779,2260,0,3054,0,0,0,32804244,31569812,31459868,2116,171924
2018-05-15_18-11-44.565943085,1526400704.568036559,2018-05-15_18-11-44.572490452,1526400704.574422902,0.15,0.19,0.22,1143607887412,2024504068,14702820,5786424,5921116,5576018,2559902,12590095,5144879,4753548,3995,0,37210,1592728,2260,0,3070,0,0,0,32804244,31569060,31459380,2116,171924
2018-05-15_18-12-14.621669281,1526400734.623790997,2018-05-15_18-12-14.628155517,1526400734.630079665,0.09,0.17,0.21,1158989045360,2051604934,14824185,5786424,5921116,5576018,3210807,12590095,5144879,4753548,4019,0,37689,1615686,2260,0,3083,0,0,0,32804244,31568720,31459684,2116,171928
2018-05-15_18-12-44.677462975,1526400764.679593682,2018-05-15_18-12-44.684095393,1526400764.686023837,0.12,0.17,0.21,1173026248594,2076630340,14960071,5786424,5921116,5576018,3779068,12590095,5144879,4753548,4041,0,38133,1638734,2260,0,3095,0,0,0,32804244,31580560,31471752,2116,171924
2018-05-15_18-13-14.733197171,1526400794.735225272,2018-05-15_18-13-14.741025738,1526400794.743068800,0.25,0.20,0.22,1188427428624,2103954946,15105988,5786424,5921116,5576018,4405394,12590095,5144879,4753548,4063,0,38645,1661702,2260,0,3109,0,0,0,32804244,31581336,31471468,2116,171924
2018-05-15_18-13-44.790207624,1526400824.792395111,2018-05-15_18-13-44.796970527,1526400824.798889506,0.31,0.22,0.22,1204829327304,2132718172,15242087,5786424,5921116,5576018,5056911,12590095,5144879,4753548,4083,0,39167,1684652,2260,0,3122,0,0,0,32804244,31582036,31472444,2116,171924
2018-05-15_18-14-14.845647821,1526400854.847544171,2018-05-15_18-14-14.851727398,1526400854.853634560,0.24,0.21,0.22,1220607833906,2158682992,16036101,5786424,5921116,5576018,5056911,12590095,5144879,4753548,4102,0,39525,1707846,2260,0,3332,0,0,0,32804244,31581780,31472180,2116,171924
2018-05-15_18-14-44.900236372,1526400884.902243480,2018-05-15_18-14-44.906440770,1526400884.908332821,0.20,0.21,0.22,1237156211542,2182422658,16840021,5786424,5921116,5576018,5056911,12590095,5144879,4753548,4120,0,39905,1731025,2260,0,3561,0,0,0,32804244,31582204,31472872,2116,171924
2018-05-15_18-15-14.953783982,1526400914.955691518,2018-05-15_18-15-14.959723271,1526400914.961414460,0.12,0.19,0.22,1253688610606,2206027264,17641308,5786424,5921116,5576018,5056911,12590095,5144879,4753548,4135,0,40275,1754204,2260,0,3782,0,0,0,32804244,31581820,31471944,2116,171924
2018-05-15_18-15-45.006614453,1526400945.008552218,2018-05-15_18-15-45.013353611,1526400945.015284474,0.19,0.20,0.22,1269839651126,2232206290,18443078,5786424,5921116,5576018,5056911,12590095,5144879,4753548,4153,0,40646,1777383,2260,0,3997,0,0,0,32804244,31582500,31472944,2116,171924
2018-05-15_18-16-15.060769850,1526400975.062655654,2018-05-15_18-16-15.066803177,1526400975.068681814,0.25,0.21,0.23,1286343866412,2255238736,19241980,5786424,5921116,5576018,5056911,12590095,5144879,4753548,4168,0,41012,1800569,2260,0,4213,0,0,0,32804244,31581804,31472488,2116,171924
2018-05-15_18-16-45.115108847,1526401005.117062803,2018-05-15_18-16-45.121363290,1526401005.123240056,0.36,0.24,0.23,1301258168596,2280523102,20047308,5786424,5921116,5576018,5056911,12590095,5144879,4753548,4186,0,41352,1823774,2260,0,4412,0,0,0,32804244,31581060,31471232,2116,171924
2018-05-15_18-17-15.169544906,1526401035.171595956,2018-05-15_18-17-15.176040094,1526401035.177950621,0.29,0.23,0.23,1317224764910,2304160888,20839166,5786424,5921116,5576018,5056911,12590095,5144879,4753548,4204,0,41701,1846975,2260,0,4616,0,0,0,32804244,31580352,31471316,2116,171924
2018-05-15_18-17-45.224607513,1526401065.226637293,2018-05-15_18-17-45.230976921,1526401065.233026995,0.31,0.24,0.23,1332479610770,2328811414,21632178,5786424,5921116,5576018,5056911,12590095,5144879,4753548,4225,0,42054,1870178,2260,0,4815,0,0,0,32804244,31569764,31460188,2116,171932
2018-05-15_18-18-15.279444478,1526401095.281495142,2018-05-15_18-18-15.286040441,1526401095.287895059,0.24,0.24,0.23,1348707599668,2357284300,21764235,5786424,5921116,5576018,5708253,12590095,5144879,4753548,4250,0,42542,1893111,2260,0,4831,0,0,0,32804244,31570136,31460840,2116,171932
2018-05-15_18-18-45.333729391,1526401125.335721550,2018-05-15_18-18-45.339992898,1526401125.341873373,0.26,0.24,0.23,1364807096496,2385920146,21911842,5786424,5921116,5576018,6338372,12590095,5144879,4753548,4277,0,43058,1916052,2260,0,4847,0,0,0,32804244,31569676,31460324,2116,171936
2018-05-15_18-19-15.389371858,1526401155.391375199,2018-05-15_18-19-15.395925602,1526401155.397836722,0.27,0.25,0.23,1380877056060,2414388892,22065943,5786424,5921116,5576018,6954767,12590095,5144879,4753548,4302,0,43573,1938994,2260,0,4863,0,0,0,32804244,31569380,31459832,2116,171940
2018-05-15_18-19-45.445548838,1526401185.447530634,2018-05-15_18-19-45.451804296,1526401185.453700499,0.31,0.26,0.24,1396585568280,2442289378,22207397,5786424,5921116,5576018,7560398,12590095,5144879,4753548,4321,0,44072,1962012,2260,0,4875,0,0,0,32804244,31569948,31460312,2116,171940
2018-05-15_18-20-15.501125955,1526401215.503158361,2018-05-15_18-20-15.507584955,1526401215.509656116,0.19,0.24,0.23,1412348303744,2470048204,22359134,5786424,5921116,5576018,8180857,12590095,5144879,4753548,4348,0,44579,1984961,2261,0,4892,0,0,0,32804244,31568428,31458340,2116,171948
2018-05-15_18-20-45.557013479,1526401245.559024995,2018-05-15_18-20-45.563656133,1526401245.565577877,0.17,0.23,0.22,1427618160608,2497123990,22480704,5786424,5921116,5576018,8825354,12590095,5144879,4753548,4373,0,45056,2007923,2261,0,4908,0,0,0,32804244,31580852,31471840,2116,171944
2018-05-15_18-21-15.613090576,1526401275.615258262,2018-05-15_18-21-15.619712337,1526401275.621747772,0.10,0.21,0.22,1442967171332,2524249396,22608777,5786424,5921116,5576018,9464522,12590095,5144879,4753548,4395,0,45534,2030880,2261,0,4923,0,0,0,32804244,31581356,31471812,2116,171944
2018-05-15_18-21-45.669316680,1526401305.671415220,2018-05-15_18-21-45.675855133,1526401305.677772261,0.32,0.25,0.23,1459021043544,2552449882,22735198,5786424,5921116,5576018,10116143,12590095,5144879,4753548,4420,0,46038,2053830,2261,0,4935,0,0,0,32804244,31581232,31471920,2116,171944
2018-05-15_18-22-15.725531059,1526401335.727526763,2018-05-15_18-22-15.732027798,1526401335.733972803,0.20,0.23,0.23,1474712974760,2580050128,22873929,5786424,5921116,5576018,10123551,12590095,5770407,4753548,4446,0,46537,2076796,2261,0,4951,0,0,0,32804244,31581176,31471620,2116,171944
2018-05-15_18-22-45.783155747,1526401365.785557396,2018-05-15_18-22-45.790030667,1526401365.791973892,0.20,0.22,0.22,1490766568122,2607582514,23002136,5786424,5921116,5576018,10123551,12590095,6391794,4753548,4467,0,47027,2099804,2261,0,4966,0,0,0,32804244,31581988,31471820,2116,171944
2018-05-15_18-23-15.840161556,1526401395.842150114,2018-05-15_18-23-15.846851170,1526401395.848890651,0.27,0.23,0.23,1506593831406,2635145320,23114456,5786424,5921116,5576018,10123551,12590095,7012765,4753548,4488,0,47519,2122818,2263,0,4976,0,0,0,32804244,31578768,31469580,2116,172116
2018-05-15_18-23-45.897210305,1526401425.899185105,2018-05-15_18-23-45.903510611,1526401425.905487391,0.17,0.21,0.22,1522791275204,2663105806,23256133,5786424,5921116,5576018,10123551,12590095,7619467,4753548,4509,0,48030,2145840,2263,0,4985,0,0,0,32804244,31580524,31471356,2116,172116
2018-05-15_18-24-15.954359600,1526401455.956728932,2018-05-15_18-24-15.961358224,1526401455.963344196,0.10,0.19,0.22,1538138703118,2690243392,23368552,5786424,5921116,5576018,10123551,12590095,8247575,4753548,4531,0,48511,2168850,2263,0,5002,0,0,0,32804244,31579892,31471240,2116,172116
2018-05-15_18-24-46.013034950,1526401486.015417432,2018-05-15_18-24-46.019829519,1526401486.022034882,0.06,0.17,0.21,1554051568754,2717850298,23512830,5786424,5921116,5576018,10123551,12590095,8846524,4753548,4551,0,49000,2191852,2263,0,5023,0,0,0,32804244,31580016,31470568,2116,172116
2018-05-15_18-25-16.070597526,1526401516.072556401,2018-05-15_18-25-16.076805395,1526401516.079081252,0.29,0.22,0.23,1569438337554,2745109804,23620355,5786424,5921116,5576018,10123551,12590095,9485498,4753548,4569,0,49480,2214858,2263,0,5039,0,0,0,32804244,31579492,31470320,2116,172116
2018-05-15_18-25-46.128000844,1526401546.130000168,2018-05-15_18-25-46.134614212,1526401546.136542891,0.24,0.21,0.23,1585201797672,2772721336,23750119,5786424,5921116,5576018,10123551,12590095,10093229,4753548,4591,0,49974,2237848,2263,0,5060,0,0,0,32804244,31567200,31458292,2116,172124
2018-05-15_18-26-16.184773679,1526401576.186888229,2018-05-15_18-26-16.191380210,1526401576.193389114,0.14,0.19,0.22,1601207364388,2803678822,23833538,5786424,6638036,5576018,10123551,12590095,10104221,4753548,4614,0,50413,2260957,2263,0,5067,0,0,0,32804244,31567052,31457880,2116,172124
2018-05-15_18-26-46.240556809,1526401606.242510652,2018-05-15_18-26-46.247056646,1526401606.248958975,0.23,0.21,0.22,1616928729776,2834073448,23913621,5786424,7349743,5576018,10123551,12590095,10104221,4753548,4641,0,50850,2284072,2263,0,5075,0,0,0,32804244,31567228,31457900,2116,172128
2018-05-15_18-27-16.296705795,1526401636.298659929,2018-05-15_18-27-16.303432224,1526401636.305409618,0.25,0.22,0.23,1632787969720,2864683534,24001482,5786424,8064091,5576018,10123551,12590095,10104221,4753548,4669,0,51290,2307182,2263,0,5081,0,0,0,32804244,31567416,31457848,2116,172424
2018-05-15_18-27-46.353299185,1526401666.355384493,2018-05-15_18-27-46.359983301,1526401666.361937250,0.24,0.22,0.23,1648766294824,2895654340,24085203,5786424,8790197,5576018,10123551,12590095,10104221,4753548,4695,0,51731,2330293,2263,0,5087,0,0,0,32804244,31567748,31458696,2116,172424
2018-05-15_18-28-16.409114766,1526401696.411233723,2018-05-15_18-28-16.415600950,1526401696.417708274,0.20,0.22,0.23,1664431105134,2925339166,24190339,5786424,9482284,5576018,10123551,12590095,10104221,4753548,4725,0,52157,2353398,2263,0,5100,0,0,0,32804244,31565584,31456208,2116,172428
2018-05-15_18-28-46.465667307,1526401726.467758421,2018-05-15_18-28-46.472094912,1526401726.474164561,0.12,0.20,0.22,1680283075556,2955492052,24294829,5786424,10193487,5576018,10123551,12590095,10104221,4753548,4753,0,52591,2376494,2263,0,5113,0,0,0,32804244,31578628,31470132,2116,172420
2018-05-15_18-29-16.520831290,1526401756.522746745,2018-05-15_18-29-16.527335173,1526401756.529420346,0.14,0.19,0.22,1695699700396,2984186458,24396863,5786424,10901485,5576018,10123551,12590095,10104221,4753548,4784,0,53022,2399607,2263,0,5123,0,0,0,32804244,31580060,31470772,2116,172420
2018-05-15_18-29-46.576074662,1526401786.578274883,2018-05-15_18-29-46.582565394,1526401786.584469255,0.14,0.19,0.22,1711469057660,3014063224,24508842,5786424,11595103,5576018,10123551,12590095,10104221,4753548,4810,0,53456,2422711,2263,0,5136,0,0,0,32804244,31579460,31470652,2116,172420
2018-05-15_18-30-16.631740997,1526401816.633613115,2018-05-15_18-30-16.637754917,1526401816.639569133,0.14,0.19,0.22,1727423580980,3045144070,24591245,5786424,11612353,6288759,10123551,12590095,10104221,4753548,4837,0,53891,2445818,2263,0,5139,0,0,0,32804244,31579620,31470856,2116,172428
2018-05-15_18-30-46.687389300,1526401846.689428300,2018-05-15_18-30-46.693823165,1526401846.695980310,0.08,0.17,0.21,1743517878114,3076750996,24677870,5786424,11612353,7027655,10123551,12590095,10104221,4753548,4860,0,54343,2468924,2263,0,5145,0,0,0,32804244,31579828,31470788,2116,172428
2018-05-15_18-31-16.742414703,1526401876.744498925,2018-05-15_18-31-16.748798117,1526401876.750987601,0.20,0.19,0.22,1759416204336,3107640982,24762740,5786424,11612353,7751729,10123551,12590095,10104221,4753548,4885,0,54772,2492041,2263,0,5150,0,0,0,32804244,31579384,31470328,2116,172428
2018-05-15_18-31-46.798844708,1526401906.800934848,2018-05-15_18-31-46.805191479,1526401906.807112334,0.19,0.18,0.22,1775153730384,3138223348,24843690,5786424,11612353,8469498,10123551,12590095,10104221,4753548,4910,0,55202,2515164,2263,0,5157,0,0,0,32804244,31579508,31470460,2116,172428
2018-05-15_18-32-16.854604492,1526401936.856797350,2018-05-15_18-32-16.861210948,1526401936.863236531,0.23,0.20,0.22,1790790513956,3168891034,24969547,5786424,11612353,9179450,10123551,12590095,10104221,4753548,4936,0,55656,2538286,2263,0,5162,0,0,0,32804244,31579480,31470716,2116,172428
2018-05-15_18-32-46.910077830,1526401966.912147469,2018-05-15_18-32-46.916458907,1526401966.918453262,0.14,0.18,0.22,1806441019630,3198628720,25072651,5786424,11612353,9883430,10123551,12590095,10104221,4753548,4962,0,56087,2561396,2263,0,5174,0,0,0,32804244,31580076,31470700,2116,172428
2018-05-15_18-33-16.965713633,1526401996.967634639,2018-05-15_18-33-16.971764287,1526401996.973655740,0.09,0.16,0.21,1821799468514,3227220406,25179206,5786424,11612353,10586634,10123551,12590095,10104221,4753548,4990,0,56513,2584516,2263,0,5183,0,0,0,32804244,31579748,31471776,2116,172428
2018-05-15_18-33-47.021388049,1526402027.023446743,2018-05-15_18-33-47.028149072,1526402027.030071673,0.18,0.18,0.21,1837621672382,3257137792,25297850,5786424,11612353,11275797,10123551,12590095,10104221,4753548,5020,0,56951,2607615,2263,0,5199,0,0,0,32804244,31567628,31459140,2116,172440
2018-05-15_18-34-17.076112598,1526402057.078115931,2018-05-15_18-34-17.082340776,1526402057.084211867,0.17,0.18,0.21,1846933002514,3273430798,25362335,5786424,11612353,11297266,10123551,12590095,10104221,5102469,5033,0,57236,2631050,2263,0,5205,0,0,0,32804244,31568084,31459048,2116,172444
