StartTime,StartEpoch,EndTime,EndEpoch,CPULoad1m,CPULoad5m,CPULoad5m,NetDevRX,NetDevTX,IRQens2-0,IRQens2-1,IRQens2-2,IRQens2-3,IRQens2-4,IRQens2-5,IRQens2-6,IRQens2-7,user,nice,system,idle,iowait,irq,softirq,steal,guest,guest_nice,MemTotal,MemFree,MemAvailable,Buffers,Cached
2018-05-11_13-35-35.202912831,1526038535.204631237,2018-05-11_13-35-35.208458492,1526038535.210128244,0.00,0.08,0.10,4679080252,1840326,4,1137,0,222226,0,0,0,0,768,0,2117,449437,2073,0,106,0,0,0,32804244,31596532,31477584,2116,153296
2018-05-11_13-36-05.252357915,1526038565.254093957,2018-05-11_13-36-05.257881424,1526038565.259549991,0.40,0.17,0.13,65896971806,25594272,5,215135,1,2926701,0,0,0,0,802,0,3748,470448,2073,0,1451,0,0,0,32804244,31597860,31478920,2116,153300
2018-05-11_13-36-35.301461578,1526038595.303193726,2018-05-11_13-36-35.306958630,1526038595.308628199,0.63,0.25,0.15,126213325254,51626898,6,2876058,209178,2926977,0,0,0,0,837,0,5396,491452,2073,0,2783,0,0,0,32804244,31599540,31480340,2116,153304
2018-05-11_13-37-05.350863731,1526038625.352602200,2018-05-11_13-37-05.356466437,1526038625.358155583,0.78,0.32,0.18,186713057802,78988404,212003,2876059,2842155,2926977,0,0,0,0,878,0,7060,512461,2073,0,4092,0,0,0,32804244,31599280,31480344,2116,153304
2018-05-11_13-37-35.400219177,1526038655.401936363,2018-05-11_13-37-35.405671732,1526038655.407344637,0.95,0.40,0.21,247014784272,106159110,3118418,2876060,2842155,2926977,0,0,0,0,924,0,8692,533436,2074,0,5459,0,0,0,32804244,31599048,31480124,2116,153332
2018-05-11_13-38-05.449690795,1526038685.451425401,2018-05-11_13-38-05.455219224,1526038685.456899206,0.97,0.46,0.24,307520247400,132949656,5802765,2876060,3047418,2926978,0,0,0,0,957,0,10333,554450,2074,0,6796,0,0,0,32804244,31611584,31492660,2116,153324
2018-05-11_13-38-35.498874969,1526038715.500579746,2018-05-11_13-38-35.504313128,1526038715.505979902,0.93,0.50,0.26,368729549456,156385062,5802766,3076639,5731317,2926978,0,0,0,0,992,0,11966,575463,2074,0,8140,0,0,0,32804244,31612308,31492784,2116,153324
2018-05-11_13-39-05.547644400,1526038745.549357588,2018-05-11_13-39-05.553086649,1526038745.554757422,0.96,0.54,0.28,429293180292,181245108,5802768,5761620,5731317,3128559,0,0,0,0,1026,0,13635,596479,2074,0,9445,0,0,0,32804244,31612692,31493392,2116,153324
2018-05-11_13-39-35.597024587,1526038775.599898207,2018-05-11_13-39-35.605849554,1526038775.608382237,0.97,0.59,0.30,491829168460,208686174,5802769,5761620,5778187,5854624,164321,0,0,0,1064,0,15325,617425,2076,0,10688,0,0,0,32804244,31611436,31492480,2116,153328
2018-05-11_13-40-05.667199622,1526038805.669395516,2018-05-11_13-40-05.674329624,1526038805.676495395,1.06,0.64,0.33,570198863334,291127020,6173483,5773862,6069523,5854625,2418418,0,169905,0,1216,0,17608,637104,2076,0,11005,0,0,0,32804244,31606844,31487036,2116,153336
2018-05-11_13-40-35.737464651,1526038835.740622883,2018-05-11_13-40-35.747829658,1526038835.750651825,1.03,0.68,0.35,648705729340,372933366,6785237,5776433,6108383,5890167,2418418,164088,2508136,0,1381,0,19959,656683,2076,0,11435,0,0,0,32804244,31606864,31487672,2116,153336
2018-05-11_13-41-05.817139718,1526038865.819367605,2018-05-11_13-41-05.824251126,1526038865.826360628,0.83,0.66,0.36,727046731698,454978092,7461677,5776433,6108383,5890167,2418418,2418053,2508136,166842,1541,0,22319,676298,2076,0,11843,0,0,0,32804244,31607720,31489076,2116,153336
2018-05-11_13-41-35.883703349,1526038895.885418972,2018-05-11_13-41-35.889147142,1526038895.890811974,0.74,0.66,0.37,804431456946,532289418,8120885,5776433,6302123,5890168,2418418,2418053,2508136,2475070,1593,0,24388,696284,2076,0,12013,0,0,0,32804244,31609200,31490288,2116,153336
2018-05-11_13-42-05.933042624,1526038925.934772513,2018-05-11_13-42-05.938544612,1526038925.940211342,0.90,0.71,0.39,865077335796,555725304,8308017,5776434,9036383,5890168,2418418,2418053,2508136,2475070,1630,0,26027,717297,2076,0,13350,0,0,0,32804244,31609988,31491168,2116,153340
2018-05-11_13-42-35.982236632,1526038955.983946493,2018-05-11_13-42-35.987677147,1526038955.989353588,0.94,0.74,0.41,926001488028,581183850,10998906,5776434,9036383,6080818,2418418,2418053,2508136,2475070,1663,0,27647,738311,2076,0,14706,0,0,0,32804244,31611480,31492660,2116,153340
2018-05-11_13-43-06.031427979,1526038986.033192509,2018-05-11_13-43-06.037066344,1526038986.038752305,0.96,0.76,0.43,987179434692,604734456,10998907,5955111,9036384,8853735,2418418,2418053,2508136,2475070,1698,0,29297,759322,2076,0,16033,0,0,0,32804244,31599892,31481140,2116,153352
2018-05-11_13-43-36.081980824,1526039016.084523513,2018-05-11_13-43-36.090137800,1526039016.093195233,1.04,0.80,0.45,1048923715290,635061882,11040399,8601378,9036384,8853735,2418418,2418053,2661767,2475070,1732,0,30981,780274,2076,0,17291,0,0,0,32804244,31598268,31479188,2116,153352
2018-05-11_13-44-06.156341223,1526039046.159563217,2018-05-11_13-44-06.165502831,1526039046.168282900,0.83,0.77,0.45,1127090939434,717345288,11710733,8601378,9036384,8853735,2573829,2418053,4945497,2475070,1782,0,33119,800256,2076,0,17381,0,0,0,32804244,31598652,31479596,2116,153352
2018-05-11_13-44-36.230591455,1526039076.232786006,2018-05-11_13-44-36.237538382,1526039076.239923656,0.78,0.76,0.46,1205752149038,799198254,12410271,8601378,9036384,8853735,4933621,2418053,4945497,2628604,1841,0,35233,820185,2076,0,17466,0,0,0,32804244,31598280,31479176,2116,153356
2018-05-11_13-45-06.299744433,1526039106.302580401,2018-05-11_13-45-06.308330091,1526039106.311092405,0.87,0.78,0.48,1284767993762,879313440,13117587,8601378,9036384,8853735,4933621,2570504,4945497,4930085,1895,0,37361,840064,2105,0,17578,0,0,0,32804244,31578824,31466876,2116,167096
2018-05-11_13-45-36.371850239,1526039136.373605355,2018-05-11_13-45-36.378012552,1526039136.379967689,0.79,0.77,0.48,1362326282810,959978226,13751270,8774517,9036384,8853736,4933621,4888454,4945497,4930085,1967,0,39465,860027,2118,0,17743,0,0,0,32804244,31571752,31461232,2116,169520
2018-05-11_13-46-06.423504023,1526039166.425255362,2018-05-11_13-46-06.429098420,1526039166.430784810,0.88,0.80,0.50,1423395300076,984243072,13751273,11429450,9036384,9030941,4933621,4888454,4945497,4930085,2000,0,41105,881039,2118,0,19080,0,0,0,32804244,31593604,31482964,2116,169512
2018-05-11_13-46-36.472923255,1526039196.474635963,2018-05-11_13-46-36.478358691,1526039196.480035019,0.92,0.81,0.52,1483825940176,1011429858,13920048,11429451,9036384,11804780,4933621,4888454,4945497,4930085,2032,0,42747,902052,2118,0,20417,0,0,0,32804244,31594316,31483676,2116,169512
2018-05-11_13-47-06.522025440,1526039226.523735741,2018-05-11_13-47-06.527467351,1526039226.529139214,0.95,0.83,0.53,1544581268288,1037396964,16619670,11429451,9204208,11805084,4933621,4888454,4945497,4930085,2067,0,44380,923067,2118,0,21757,0,0,0,32804244,31595692,31484468,2116,169512
2018-05-11_13-47-36.571920903,1526039256.574471141,2018-05-11_13-47-36.579981227,1526039256.582642415,0.97,0.85,0.55,1606168692086,1067949690,16658135,11429451,11921030,11805084,4933621,5030234,4945497,4930085,2108,0,46041,944029,2118,0,23026,0,0,0,32804244,31594580,31483880,2116,169512
2018-05-11_13-48-06.642377854,1526039286.644849890,2018-05-11_13-48-06.649977529,1526039286.651749452,0.84,0.83,0.55,1684642622748,1151887116,17332797,11429451,11921030,11805084,4933621,7354399,4945497,5070047,2158,0,48139,963975,2118,0,23104,0,0,0,32804244,31593492,31483116,2116,169512
2018-05-11_13-48-36.707176920,1526039316.709505552,2018-05-11_13-48-36.714238953,1526039316.717154170,0.90,0.85,0.56,1763234423798,1231995762,18033031,11429451,11921030,11805084,5073883,7354399,4945497,7376087,2209,0,50267,983921,2118,0,23201,0,0,0,32804244,31592772,31481272,2116,169512
2018-05-11_13-49-06.781162114,1526039346.784121081,2018-05-11_13-49-06.790060526,1526039346.793211868,0.77,0.81,0.56,1841715211150,1316336868,18707790,11429451,11921030,11805084,7412045,7354399,5087116,7376087,2267,0,52384,1003884,2118,0,23287,0,0,0,32804244,31593276,31482380,2116,169512
2018-05-11_13-49-36.856818556,1526039376.858531134,2018-05-11_13-49-36.862264437,1526039376.863940965,0.67,0.78,0.56,1919400157850,1393721034,19363103,11429451,11921030,11966015,7412045,7354399,7435159,7376087,2315,0,54430,1023876,2118,0,23451,0,0,0,32804244,31592128,31481492,2116,169512
2018-05-11_13-50-06.906230428,1526039406.907964791,2018-05-11_13-50-06.911748058,1526039406.913434766,0.80,0.81,0.58,1980075638908,1420066200,19363105,11588295,11921031,14697087,7412045,7354399,7435159,7376087,2350,0,56080,1044887,2118,0,24778,0,0,0,32804244,31591896,31481220,2116,169524
2018-05-11_13-50-36.955484060,1526039436.957193700,2018-05-11_13-50-36.960949058,1526039436.962621414,0.88,0.82,0.59,2040154072144,1446007866,19363106,14333475,12073960,14697088,7412045,7354399,7435159,7376087,2385,0,57689,1065902,2118,0,26142,0,0,0,32804244,31593560,31482936,2116,169524
2018-05-11_13-51-07.004734904,1526039467.006497341,2018-05-11_13-51-07.010376334,1526039467.012079357,0.93,0.84,0.60,2100542355944,1472345412,19517529,14333476,14762450,14697088,7412045,7354399,7435159,7376087,2423,0,59328,1086913,2118,0,27478,0,0,0,32804244,31581064,31470440,2116,169532
2018-05-11_13-51-37.054775123,1526039497.056642644,2018-05-11_13-51-37.061853885,1526039497.063793803,0.88,0.84,0.61,2162464943472,1500288978,22296668,14333842,14792656,14697648,7412045,7354399,7435159,7487232,2455,0,60985,1107860,2118,0,28779,0,0,0,32804244,31580708,31470008,2116,169536
2018-05-11_13-52-07.123708385,1526039527.126256000,2018-05-11_13-52-07.132328096,1526039527.134689538,0.85,0.84,0.62,2241791636616,1600975164,22330737,14333842,15344973,14697648,7412045,7480657,7435159,9525021,2508,0,63194,1127640,2118,0,28878,0,0,0,32804244,31580108,31469480,2116,169536
2018-05-11_13-52-37.205214765,1526039557.208748436,2018-05-11_13-52-37.214573982,1526039557.216926187,0.80,0.82,0.62,2320155578026,1683655170,22964968,14333842,15381201,14697989,7412045,9785410,7565950,9525021,2560,0,65282,1147609,2118,0,28971,0,0,0,32804244,31579796,31469172,2116,169540
2018-05-11_13-53-07.281474186,1526039587.284258558,2018-05-11_13-53-07.289898019,1526039587.291907395,0.81,0.82,0.62,2398694674214,1765097616,22964969,14333842,15381201,15399468,7539470,9785410,9952733,9525021,2618,0,67393,1167543,2118,0,29057,0,0,0,32804244,31578696,31468084,2116,169540
2018-05-11_13-53-37.351746194,1526039617.353500911,2018-05-11_13-53-37.357367671,1526039617.359042222,0.69,0.79,0.62,2476464765420,1843854522,23110497,14333843,15381201,16057285,9878208,9785410,9952733,9525021,2664,0,69404,1187549,2118,0,29215,0,0,0,32804244,31579016,31468396,2116,169540
2018-05-11_13-54-07.401206435,1526039647.402911696,2018-05-11_13-54-07.406684917,1526039647.408356031,0.81,0.81,0.63,2537292542082,1869300828,25824869,14333843,15525669,16057286,9878208,9785410,9952733,9525021,2697,0,71024,1208564,2118,0,30572,0,0,0,32804244,31592960,31482240,2116,169536
2018-05-11_13-54-37.450691825,1526039677.452398929,2018-05-11_13-54-37.456139399,1526039677.457816731,0.89,0.83,0.64,2597819972676,1892667834,25824870,14470177,18285088,16057286,9878208,9785410,9952733,9525021,2730,0,72656,1229577,2118,0,31917,0,0,0,32804244,31593376,31482444,2116,169536
2018-05-11_13-55-07.499621422,1526039707.501326947,2018-05-11_13-55-07.505069869,1526039707.506740005,0.93,0.85,0.66,2658265483826,1919938380,25824872,17125359,18285088,16197000,9878208,9785410,9952733,9525021,2760,0,74291,1250590,2118,0,33260,0,0,0,32804244,31594412,31483792,2116,169536
2018-05-11_13-55-37.549159162,1526039737.551997536,2018-05-11_13-55-37.557927232,1526039737.560803201,0.96,0.86,0.67,2719639938046,1949358906,25824873,17125359,18317614,18978858,9994471,9785410,9952733,9525021,2794,0,75931,1271565,2118,0,34561,0,0,0,32804244,31594520,31483348,2116,169536
2018-05-11_13-56-07.625321162,1526039767.627639473,2018-05-11_13-56-07.632913189,1526039767.635593975,0.84,0.84,0.67,2798278590180,2032529112,25824874,17125359,19013670,18978858,12344410,9785410,10068023,9525021,2851,0,78046,1291497,2118,0,34645,0,0,0,32804244,31592012,31481636,2116,169536
2018-05-11_13-56-37.695641569,1526039797.698514994,2018-05-11_13-56-37.704786922,1526039797.707580568,0.77,0.83,0.67,2876932436830,2114816778,25856316,17125359,19670247,18978858,12344410,9900533,12399713,9525021,2903,0,80154,1311435,2118,0,34742,0,0,0,32804244,31592312,31481404,2116,169536
2018-05-11_13-57-07.772827722,1526039827.775257736,2018-05-11_13-57-07.782152466,1526039827.784367337,0.86,0.84,0.68,2955517622776,2198412984,26540537,17125359,19670247,18978858,12344410,12243657,12399713,9638497,2956,0,82259,1331380,2118,0,34823,0,0,0,32804244,31592816,31481620,2116,169536
2018-05-11_13-57-37.841922323,1526039857.843679410,2018-05-11_13-57-37.847535150,1526039857.849229983,0.77,0.83,0.68,3033155494666,2274867870,27214543,17125359,19801696,18978859,12344410,12243657,12399713,11947300,3007,0,84283,1351363,2118,0,34964,0,0,0,32804244,31592172,31481556,2116,169540
2018-05-11_13-58-07.891574539,1526039887.893285150,2018-05-11_13-58-07.897038312,1526039887.898712406,0.86,0.84,0.69,3094262815560,2298524796,27345863,17125359,22542943,18978859,12344410,12243657,12399713,11947300,3041,0,85932,1372378,2118,0,36291,0,0,0,32804244,31593236,31482620,2116,169540
2018-05-11_13-58-37.940631920,1526039917.942352374,2018-05-11_13-58-37.946115244,1526039917.947780604,0.92,0.86,0.70,3155338638614,2322070302,30168015,17125359,22542943,19105374,12344410,12243657,12399713,11947300,3074,0,87592,1393391,2118,0,37608,0,0,0,32804244,31593612,31482996,2116,169540
2018-05-11_13-59-07.989936986,1526039947.991688416,2018-05-11_13-59-07.995565114,1526039947.997564448,0.95,0.87,0.71,3215991771994,2349489948,30168016,17248356,22542944,21866651,12344410,12243657,12399713,11947300,3108,0,89233,1414401,2118,0,38945,0,0,0,32804244,31581652,31471036,2116,169548
2018-05-11_13-59-38.042322965,1526039978.044726492,2018-05-11_13-59-38.051138673,1526039978.054191132,0.97,0.88,0.72,3276856030860,2378940114,30196044,20000865,22542944,21866651,12344410,12243657,12505052,11947300,3144,0,90893,1435376,2118,0,40235,0,0,0,32804244,31581020,31470688,2116,169548
2018-05-11_14-00-08.118172390,1526040008.121290565,2018-05-11_14-00-08.126418943,1526040008.129252703,0.73,0.83,0.70,3355359131880,2462904180,30873223,20000865,22542944,21866651,12446699,12243657,14877020,11947300,3196,0,93020,1455318,2118,0,40320,0,0,0,32804244,31581008,31470128,2116,169560
2018-05-11_14-00-38.191240029,1526040038.194422320,2018-05-11_14-00-38.199466851,1526040038.201859125,0.68,0.81,0.70,3433599194790,2545281846,31547763,20000865,22542944,21866651,14770095,12243657,14877020,12049598,3250,0,95097,1475288,2118,0,40421,0,0,0,32804244,31578880,31468008,2116,169560
2018-05-11_14-01-08.260921428,1526040068.263258334,2018-05-11_14-01-08.267567884,1526040068.269677096,0.81,0.83,0.71,3512200075820,2628133728,32243430,20000865,22542944,21866651,14770095,12344332,14877020,14384877,3303,0,97221,1495207,2122,0,40515,0,0,0,32804244,31579992,31469384,2116,169576
2018-05-11_14-01-38.330388005,1526040098.332136260,2018-05-11_14-01-38.335972006,1526040098.337649562,0.77,0.82,0.71,3590008168952,2708315154,32893411,20117420,22542945,21866651,14770095,14669358,14877020,14384877,3357,0,99247,1515199,2122,0,40650,0,0,0,32804244,31579756,31468812,2116,169576
2018-05-11_14-02-08.379867263,1526040128.381582070,2018-05-11_14-02-08.385353411,1526040128.387021008,0.78,0.82,0.71,3650196830906,2733617100,32893414,22878641,22543260,21981429,14770095,14669358,14877020,14384877,3385,0,100877,1536211,2122,0,42000,0,0,0,32804244,31593332,31482744,2116,169568
2018-05-11_14-02-38.429303327,1526040158.431022582,2018-05-11_14-02-38.434752028,1526040158.436417910,0.87,0.84,0.72,3710825632786,2760110406,33005486,22878642,22543260,24754665,14770095,14669358,14877020,14384877,3418,0,102511,1557222,2122,0,43343,0,0,0,32804244,31594632,31484044,2116,169568
2018-05-11_14-03-08.478308397,1526040188.480010925,2018-05-11_14-03-08.483733844,1526040188.485413687,0.92,0.85,0.73,3771391101296,2786116332,35815566,22878642,22649141,24754954,14770095,14669358,14877020,14384877,3452,0,104146,1578238,2122,0,44683,0,0,0,32804244,31594460,31484132,2116,169568
2018-05-11_14-03-38.528576994,1526040218.532349901,2018-05-11_14-03-38.538903935,1526040218.541422183,0.95,0.87,0.74,3832413917320,2814823518,35840804,22878642,25369802,24754954,14770095,14760758,14877020,14384877,3490,0,105810,1599227,2122,0,45968,0,0,0,32804244,31592264,31481868,2116,169568
2018-05-11_14-04-08.605612077,1526040248.607818421,2018-05-11_14-04-08.613009533,1526040248.615638625,0.79,0.83,0.73,3910964072396,2895409284,36511817,22878642,25369802,24780473,14770095,17125510,14877020,14476549,3544,0,107859,1619183,2122,0,46056,0,0,0,32804244,31592448,31481884,2116,169568
2018-05-11_14-04-38.676239002,1526040278.679434544,2018-05-11_14-04-38.685446506,1526040278.687987577,0.81,0.83,0.73,3989471100750,2977098630,36511818,22878642,25369802,25485066,14857913,17125510,14877020,16853220,3598,0,109925,1639123,2122,0,46146,0,0,0,32804244,31592640,31481472,2116,169572
2018-05-11_14-05-08.747166516,1526040308.749861683,2018-05-11_14-05-08.756317189,1526040308.758660987,0.66,0.80,0.73,4067623198416,3060273756,36511819,22878642,25369802,26153417,17201483,17125510,14968434,16853220,3650,0,111917,1659117,2122,0,46231,0,0,0,32804244,31590804,31480224,2116,169572
2018-05-11_14-05-38.820544163,1526040338.822385036,2018-05-11_14-05-38.826287336,1526040338.827971826,0.74,0.80,0.73,4145603656640,3140129262,36511821,22878642,25369802,26932443,17201483,17125510,17398963,16853220,3701,0,114004,1679078,2122,0,46357,0,0,0,32804244,31591056,31480472,2116,169572
2018-05-11_14-06-08.870060633,1526040368.871766210,2018-05-11_14-06-08.875497692,1526040368.877163298,0.84,0.82,0.74,4206608729884,3163631208,36511822,22975033,25369803,29776525,17201483,17125510,17398963,16853220,3736,0,115639,1700092,2122,0,47695,0,0,0,32804244,31591136,31480812,2116,169572
2018-05-11_14-06-38.919001725,1526040398.920707858,2018-05-11_14-06-38.924454390,1526040398.926127152,0.90,0.84,0.75,4266802695592,3190366554,36511823,25689770,25466334,29776526,17201483,17125510,17398963,16853220,3769,0,117274,1721105,2122,0,49036,0,0,0,32804244,31592264,31481680,2116,169572
2018-05-11_14-07-08.968344760,1526040428.970110696,2018-05-11_14-07-08.973984869,1526040428.975664430,0.89,0.84,0.75,4326785668946,3216602220,36604699,25689772,28264944,29776526,17201483,17125510,17398963,16853220,3805,0,118908,1742115,2122,0,50380,0,0,0,32804244,31580880,31470296,2116,169580
2018-05-11_14-07-39.019861849,1526040459.022696862,2018-05-11_14-07-39.028956264,1526040459.031629889,1.00,0.87,0.77,4388802683884,3241917126,39429590,25690155,28264944,29776920,17201483,17125510,17398963,16931723,3843,0,120546,1763095,2122,0,51699,0,0,0,32804244,31580012,31469068,2116,169584
2018-05-11_14-08-09.088813662,1526040489.091576375,2018-05-11_14-08-09.096403675,1526040489.098281829,1.00,0.88,0.77,4467468448980,3321797352,40131928,25690155,28264944,29776920,17201483,17203160,17398963,19300247,3894,0,122637,1783032,2122,0,51788,0,0,0,32804244,31579648,31468516,2116,169584
2018-05-11_14-08-39.160152538,1526040519.162901100,2018-05-11_14-08-39.168772894,1526040519.171254916,0.79,0.85,0.77,4546126890080,3405445758,40791917,25690155,28286009,29776920,17201483,19608092,17475267,19300247,3946,0,124717,1802964,2122,0,51876,0,0,0,32804244,31579524,31468932,2116,169588
2018-05-11_14-09-09.228775110,1526040549.231175678,2018-05-11_14-09-09.237111306,1526040549.239731032,0.84,0.85,0.77,4624283691322,3487618524,41443562,25690155,28307471,29776920,17277058,19608092,19842994,19300247,4000,0,126700,1822932,2122,0,51967,0,0,0,32804244,31579608,31469016,2116,169588
2018-05-11_14-09-39.300810240,1526040579.303685638,2018-05-11_14-09-39.309247634,1526040579.311609939,0.77,0.83,0.77,4702829364852,3570916110,41443563,25690155,29000816,29776920,19687429,19608092,19918117,19300247,4057,0,128809,1842875,2122,0,52061,0,0,0,32804244,31578556,31467960,2116,169588
2018-05-11_14-10-09.382284089,1526040609.385106372,2018-05-11_14-10-09.390987325,1526040609.393768333,0.72,0.81,0.76,4781228118504,3652811436,41443564,25690155,29686766,29777295,19762788,19608092,22288420,19300247,4115,0,130987,1862826,2122,0,52157,0,0,0,32804244,31592100,31481196,2116,169592
2018-05-11_14-10-39.455474309,1526040639.457920353,2018-05-11_14-10-39.463767086,1526040639.466468891,0.76,0.81,0.77,4859730578414,3734981802,41443565,25690155,29686766,30472134,22190371,19608092,22288420,19374708,4168,0,133189,1882778,2122,0,52253,0,0,0,32804244,31591236,31480668,2116,169592
2018-05-11_14-11-09.530341291,1526040669.533192207,2018-05-11_14-11-09.538932357,1526040669.540821086,0.71,0.80,0.77,4938068388736,3817464828,41443567,25690155,29686766,31157466,22190371,19681863,22288420,21711078,4211,0,135322,1902748,2122,0,52343,0,0,0,32804244,31591328,31480764,2116,169596
2018-05-11_14-11-39.598941300,1526040699.600683677,2018-05-11_14-11-39.604566431,1526040699.606241381,0.64,0.77,0.76,5015939833100,3899664174,41443568,25690155,29771768,31817252,22190371,22073081,22288420,21711078,4258,0,137432,1922721,2122,0,52461,0,0,0,32804244,31591324,31480752,2116,169596
2018-05-11_14-12-09.648540160,1526040729.650237674,2018-05-11_14-12-09.653945904,1526040729.655604741,0.78,0.79,0.77,5076638586760,3923062200,41522667,25690156,32621232,31817252,22190371,22073081,22288420,21711078,4293,0,139068,1943736,2122,0,53798,0,0,0,32804244,31592492,31481920,2116,169596
2018-05-11_14-12-39.697307171,1526040759.699028574,2018-05-11_14-12-39.702749617,1526040759.704433549,0.87,0.81,0.78,5137344042628,3950086086,44289856,25690156,32621232,31897010,22190371,22073081,22288420,21711078,4327,0,140704,1964749,2122,0,55138,0,0,0,32804244,31593460,31482888,2116,169596
2018-05-11_14-13-09.746223595,1526040789.747932349,2018-05-11_14-13-09.751663294,1526040789.753332394,0.92,0.83,0.78,5198431729002,3973565712,44289857,25761332,32621235,34768251,22190371,22073081,22288420,21711078,4361,0,142348,1985765,2122,0,56469,0,0,0,32804244,31594220,31483648,2116,169596
2018-05-11_14-13-39.796288807,1526040819.799040405,2018-05-11_14-13-39.805832724,1526040819.807952330,0.95,0.85,0.79,5260010973202,4002477738,44289858,28447893,32621235,34785676,22252187,22073081,22288420,21711078,4398,0,144049,2006759,2122,0,57725,0,0,0,32804244,31593756,31482856,2116,169596
2018-05-11_14-14-09.858143434,1526040849.860785526,2018-05-11_14-14-09.867128475,1526040849.870358521,0.83,0.83,0.78,5338229624178,4083549984,44289859,28447894,32621235,35476888,24633683,22073081,22350809,21711078,4447,0,146124,2026742,2122,0,57820,0,0,0,32804244,31592192,31481620,2116,169596
2018-05-11_14-14-39.936668558,1526040879.939696867,2018-05-11_14-14-39.945497354,1526040879.948099802,0.89,0.84,0.79,5416822893776,4167514890,44289860,28447894,32621235,36167084,24633683,22134169,24774462,21711078,4498,0,148275,2046687,2122,0,57907,0,0,0,32804244,31590784,31480200,2116,169596
2018-05-11_14-15-10.020422061,1526040910.022661712,2018-05-11_14-15-10.027646534,1526040910.030265283,0.81,0.83,0.78,5495796819976,4248399816,44289861,28447894,32621235,36873265,24633683,24536515,24774462,21771817,4555,0,150407,2066616,2122,0,57992,0,0,0,32804244,31579688,31469092,2116,169604
2018-05-11_14-15-40.092135432,1526040940.094023006,2018-05-11_14-15-40.097961900,1526040940.099660489,0.74,0.81,0.78,5573956930898,4330348062,44359261,28447895,32621235,37553075,24633683,24536515,24774462,24163207,4605,0,152522,2086565,2122,0,58116,0,0,0,32804244,31578872,31468308,2116,169608
2018-05-11_14-16-10.142205809,1526040970.143921420,2018-05-11_14-16-10.147646165,1526040970.149322883,0.84,0.83,0.78,5634841761652,4354455528,47202048,28448241,32686320,37553386,24633683,24536515,24774462,24163207,4639,0,154148,2107579,2122,0,59463,0,0,0,32804244,31581432,31470868,2116,169608
2018-05-11_14-16-40.191267984,1526041000.193008460,2018-05-11_14-16-40.196777356,1526041000.198452971,0.90,0.85,0.79,5695227836144,4381662414,47202049,28511394,35444359,37553386,24633683,24536515,24774462,24163207,4679,0,155785,2128587,2122,0,60801,0,0,0,32804244,31580948,31470384,2116,169608
2018-05-11_14-17-10.240752969,1526041030.242524671,2018-05-11_14-17-10.246430148,1526041030.248127993,0.94,0.86,0.80,5755866529208,4405009020,47202051,31342559,35444359,37613475,24633683,24536515,24774462,24163207,4714,0,157418,2149596,2122,0,62146,0,0,0,32804244,31581600,31470676,2116,169612
2018-05-11_14-17-40.291363587,1526041060.294044107,2018-05-11_14-17-40.300023026,1526041060.302610806,0.96,0.87,0.80,5816923375972,4433594226,47202052,31342559,35444359,40420637,24633683,24536515,24774462,24214083,4744,0,159079,2170596,2122,0,63455,0,0,0,32804244,31581872,31471284,2116,169612
2018-05-11_14-18-10.364687554,1526041090.367324431,2018-05-11_14-18-10.373383653,1526041090.375371382,0.85,0.85,0.80,5895264085040,4517339832,47202053,31342559,35444359,41107492,24633683,24586557,24774462,26605181,4793,0,161197,2190547,2122,0,63546,0,0,0,32804244,31592164,31481860,2116,169608
2018-05-11_14-18-40.436279177,1526041120.439231603,2018-05-11_14-18-40.443873497,1526041120.446335132,0.85,0.85,0.80,5974163408924,4597569198,47202054,31342559,35444359,41826192,24633683,27000667,24824486,26605181,4849,0,163297,2210469,2122,0,63640,0,0,0,32804244,31590356,31479512,2116,169608
2018-05-11_14-19-10.504465344,1526041150.507413871,2018-05-11_14-19-10.512527857,1526041150.514423660,0.79,0.83,0.79,6052623079084,4678660644,47202055,31342559,35444359,42538906,24681395,27000667,27288714,26605181,4904,0,165440,2230399,2122,0,63726,0,0,0,32804244,31591804,31481196,2116,169608
2018-05-11_14-19-40.575827891,1526041180.577577268,2018-05-11_14-19-40.581449071,1526041180.583123175,0.87,0.85,0.80,6130713619380,4757942790,47202057,31342559,35444359,43284208,27082706,27000667,27288714,26605181,4956,0,167559,2250373,2122,0,63841,0,0,0,32804244,31591648,31480824,2116,169608
2018-05-11_14-20-10.625309637,1526041210.627034510,2018-05-11_14-20-10.630825534,1526041210.632497771,0.92,0.87,0.80,6191247344010,4784458176,47202058,31392719,35444360,46094665,27082706,27000667,27288714,26605181,4988,0,169193,2271383,2122,0,65184,0,0,0,32804244,31592060,31481500,2116,169616
2018-05-11_14-20-40.674247898,1526041240.675966965,2018-05-11_14-20-40.679713630,1526041240.681393107,0.95,0.88,0.81,6251335536036,4811570142,47202059,34197186,35492206,46094667,27082706,27000667,27288714,26605181,5024,0,170839,2292397,2122,0,66513,0,0,0,32804244,31592628,31482068,2116,169616
2018-05-11_14-21-10.723387926,1526041270.725104395,2018-05-11_14-21-10.728855237,1526041270.730529780,0.92,0.87,0.81,6311627291728,4838336568,47247713,34197186,38302489,46094667,27082706,27000667,27288714,26605181,5060,0,172485,2313412,2122,0,67839,0,0,0,32804244,31593356,31482796,2116,169616
2018-05-11_14-21-40.772559068,1526041300.775311466,2018-05-11_14-21-40.781721509,1526041300.784934446,0.95,0.89,0.82,6373072105180,4862577834,50142058,34197434,38313669,46094667,27082706,27038405,27288714,26605181,5097,0,174147,2334419,2122,0,69144,0,0,0,32804244,31592264,31481424,2116,169616
2018-05-11_14-22-10.844737539,1526041330.846894942,2018-05-11_14-22-10.852163046,1526041330.854735537,0.84,0.86,0.81,6451685918768,4943980560,50142059,34197434,39022185,46094667,27082706,29490364,27288714,26642540,5153,0,176281,2354342,2122,0,69231,0,0,0,32804244,31591496,31480948,2116,169616
2018-05-11_14-22-40.913051695,1526041360.915271388,2018-05-11_14-22-40.922443250,1526041360.925326610,0.82,0.86,0.81,6530405292810,5023301226,50151263,34197434,39728861,46094667,27118728,29490364,27288714,29067917,5206,0,178392,2374255,2122,0,69335,0,0,0,32804244,31591836,31481292,2116,169616
2018-05-11_14-23-10.989414905,1526041390.992040813,2018-05-11_14-23-10.997231122,1526041390.999753108,0.82,0.86,0.81,6608896198852,5107754112,50824316,34197434,39728861,46094667,29558629,29490364,27325171,29067917,5263,0,180565,2394216,2122,0,69425,0,0,0,32804244,31578300,31467472,2116,169628
2018-05-11_14-23-41.074000737,1526041421.075893084,2018-05-11_14-23-41.079810339,1526041421.081496216,0.76,0.84,0.81,6687405530442,5187411798,51505449,34236469,39728862,46094667,29558629,29490364,29784922,29067917,5320,0,182721,2414153,2122,0,69537,0,0,0,32804244,31577556,31467000,2116,169628
2018-05-11_14-24-11.123636648,1526041451.125361112,2018-05-11_14-24-11.129107757,1526041451.130773721,0.86,0.85,0.81,6748014892854,5214188124,51505451,37007198,39728862,46133139,29558629,29490364,29784922,29067917,5351,0,184374,2435164,2122,0,70862,0,0,0,32804244,31578888,31468216,2116,169628
2018-05-11_14-24-41.172638922,1526041481.174364759,2018-05-11_14-24-41.178114252,1526041481.179800859,0.97,0.88,0.82,6808927505978,5237616390,51538825,37007200,39728862,49052884,29558629,29490364,29784922,29067917,5388,0,186001,2456171,2122,0,72212,0,0,0,32804244,31580328,31469776,2116,169632
2018-05-11_14-25-11.222111359,1526041511.223880198,2018-05-11_14-25-11.227763603,1526041511.229456705,1.05,0.91,0.84,6869778545290,5263873056,54366462,37007488,39760377,49052885,29558629,29490364,29784922,29067917,5424,0,187634,2477181,2122,0,73555,0,0,0,32804244,31580792,31470244,2116,169640
2018-05-11_14-25-41.272299468,1526041541.274472141,2018-05-11_14-25-41.280290190,1526041541.282707734,1.03,0.92,0.84,6929760751546,5290990902,54366463,37007488,42638205,49052885,29558629,29490364,29811710,29067917,5457,0,189285,2498197,2122,0,74878,0,0,0,32804244,31579512,31468720,2116,169640
2018-05-11_14-26-11.356611526,1526041571.359417529,2018-05-11_14-26-11.365088731,1526041571.367578918,0.90,0.90,0.84,7008381474864,5372093628,54373130,37007488,43341772,49052885,29583657,29490364,32303177,29067917,5516,0,191411,2518119,2122,0,74972,0,0,0,32804244,31591480,31480640,2116,169632
2018-05-11_14-26-41.434375354,1526041601.437191943,2018-05-11_14-26-41.442100476,1526041601.444435537,0.68,0.84,0.82,7086919768496,5455013154,55045634,37007488,43341772,49052885,32004333,29490364,32303177,29093945,5571,0,193478,2538085,2122,0,75066,0,0,0,32804244,31590648,31480640,2116,169632
2018-05-11_14-27-11.504036554,1526041631.505975574,2018-05-11_14-27-11.512740880,1526041631.515679903,0.67,0.83,0.82,7165397734130,5536451400,55743661,37007488,43341772,49052885,32004333,29514736,32303177,31539710,5622,0,195651,2558020,2122,0,75160,0,0,0,32804244,31591416,31480580,2116,169632
2018-05-11_14-27-41.576903794,1526041661.578647530,2018-05-11_14-27-41.582491046,1526041661.584171988,0.73,0.83,0.82,7243255449792,5618205546,56403283,37007488,43368308,49052887,32004333,31911201,32303177,31539710,5674,0,197819,2578003,2122,0,75260,0,0,0,32804244,31591268,31480492,2116,169632
2018-05-11_14-28-11.626213559,1526041691.627910941,2018-05-11_14-28-11.631639452,1526041691.633303693,0.84,0.84,0.82,7304343851700,5641599972,56427008,37007489,46232730,49052887,32004333,31911201,32303177,31539710,5709,0,199442,2599020,2122,0,76611,0,0,0,32804244,31591724,31481432,2116,169632
2018-05-11_14-28-41.675160143,1526041721.676881526,2018-05-11_14-28-41.680625178,1526041721.682303857,0.90,0.86,0.83,7365221232296,5664990558,59347392,37007489,46232730,49073916,32004333,31911201,32303177,31539710,5743,0,201041,2620035,2122,0,77988,0,0,0,32804244,31592620,31482068,2116,169632
2018-05-11_14-29-11.724199973,1526041751.725910791,2018-05-11_14-29-11.729616675,1526041751.731295343,0.94,0.87,0.83,7425823544132,5691942144,59347393,37025066,46232731,51934669,32004333,31911201,32303177,31539710,5776,0,202683,2641050,2122,0,79321,0,0,0,32804244,31593188,31482636,2116,169632
2018-05-11_14-29-41.773806538,1526041781.776747425,2018-05-11_14-29-41.783157560,1526041781.785652037,0.91,0.87,0.83,7485983308566,5718135810,59350715,39899912,46232731,51934669,32018126,31911201,32303177,31539710,5807,0,204333,2662068,2122,0,80651,0,0,0,32804244,31593332,31482436,2116,169632
2018-05-11_14-30-11.848235908,1526041811.850480803,2018-05-11_14-30-11.856153872,1526041811.858509812,0.95,0.88,0.84,7564463460198,5802677376,60023870,39899912,46232731,51934669,34496354,31911201,32317484,31539710,5858,0,206443,2682029,2122,0,80746,0,0,0,32804244,31590860,31480004,2116,169640
2018-05-11_14-30-41.929524289,1526041841.932296411,2018-05-11_14-30-41.938526434,1526041841.941595884,0.89,0.88,0.84,7642801118896,5882682222,60719300,39899912,46232731,51934669,34496354,31925033,34779584,31539710,5912,0,208481,2701985,2122,0,80838,0,0,0,32804244,31589732,31478936,2116,169640
2018-05-11_14-31-12.006681735,1526041872.009256958,2018-05-11_14-31-12.014407762,1526041872.017111555,0.85,0.87,0.84,7721229248560,5966628888,61394707,39899912,46232731,51934669,34496354,34375905,34779584,31553647,5965,0,210665,2721935,2122,0,80929,0,0,0,32804244,31577596,31467052,2116,169648
2018-05-11_14-31-42.083983590,1526041902.085763788,2018-05-11_14-31-42.089651993,1526041902.091342715,0.79,0.85,0.84,7799552691192,6048281754,62088379,39899913,46232731,51934669,34496354,34375905,34779584,33964207,6013,0,212835,2741879,2122,0,81031,0,0,0,32804244,31579020,31468476,2116,169652
2018-05-11_14-32-12.133546936,1526041932.135261660,2018-05-11_14-32-12.139008037,1526041932.140682813,0.87,0.87,0.84,7860653493310,6073157940,64964625,39899913,46243628,51934670,34496354,34375905,34779584,33964207,6047,0,214477,2762892,2122,0,82365,0,0,0,32804244,31579840,31469300,2116,169656
2018-05-11_14-32-42.182591619,1526041962.184326575,2018-05-11_14-32-42.188086387,1526041962.189764435,0.92,0.88,0.85,7920637878366,6099831966,64964626,39906949,49124842,51934670,34496354,34375905,34779584,33964207,6081,0,216110,2783898,2122,0,83712,0,0,0,32804244,31580756,31469856,2116,169660
2018-05-11_14-33-12.232133118,1526041992.233895587,2018-05-11_14-33-12.237757743,1526041992.239449639,1.03,0.91,0.86,7981167333252,6127248312,64964628,42645018,49124842,51939783,34496354,34375905,34779584,33964207,6115,0,217765,2804907,2122,0,85036,0,0,0,32804244,31580240,31469700,2116,169660
2018-05-11_14-33-42.282048447,1526042022.283989789,2018-05-11_14-33-42.289655948,1526042022.292263426,1.02,0.92,0.86,8041533482118,6154453038,64964629,42645525,49124842,54862515,34496354,34375905,34779584,33967577,6148,0,219407,2825929,2122,0,86374,0,0,0,32804244,31581308,31470212,2116,169660
2018-05-11_14-34-12.354487451,1526042052.356475173,2018-05-11_14-34-12.360736608,1526042052.362613459,1.01,0.92,0.87,8120138606604,6236133324,64964630,43340843,49124842,54862515,34496354,34377813,34779584,36383805,6198,0,221483,2845866,2122,0,86475,0,0,0,32804244,31591612,31480792,2116,169656
