StartTime,StartEpoch,EndTime,EndEpoch,CPULoad1m,CPULoad5m,CPULoad5m,NetDevRX,NetDevTX,IRQens2-0,IRQens2-1,IRQens2-2,IRQens2-3,IRQens2-4,IRQens2-5,IRQens2-6,IRQens2-7,user,nice,system,idle,iowait,irq,softirq,steal,guest,guest_nice,MemTotal,MemFree,MemAvailable,Buffers,Cached
2018-05-15_12-07-08.801938537,1526378828.803959260,2018-05-15_12-07-08.808244635,1526378828.810102849,0.00,0.01,0.05,1285008656,2204286,1,0,0,53706,0,0,0,1,765,0,1990,898706,2223,0,4,0,0,0,32804244,31581328,31470952,2116,170240
2018-05-15_12-07-38.858342350,1526378858.861162836,2018-05-15_12-07-38.866445563,1526378858.868959619,0.20,0.06,0.06,72102892660,125732772,1,0,62518,2915711,0,0,0,1,829,0,3716,919269,2223,0,16,0,0,0,32804244,31580380,31469968,2116,170244
2018-05-15_12-08-08.921063090,1526378888.923399800,2018-05-15_12-08-08.927868639,1526378888.929904821,0.32,0.10,0.07,147908723150,238849818,1,0,3204977,2977995,0,0,0,1,887,0,5605,939615,2223,0,31,0,0,0,32804244,31592392,31482288,2116,170236
2018-05-15_12-08-38.978597988,1526378918.980532994,2018-05-15_12-08-38.984498099,1526378918.986628973,0.47,0.17,0.10,224505689620,349062684,1,0,3259929,6226129,0,0,0,1,948,0,7501,959905,2223,0,39,0,0,0,32804244,31593764,31483388,2116,170236
2018-05-15_12-09-09.034755495,1526378949.036643006,2018-05-15_12-09-09.040716790,1526378949.042750246,0.49,0.20,0.11,300083179930,460806090,1,0,6388092,6277041,0,0,0,1,1004,0,9370,980265,2223,0,52,0,0,0,32804244,31593740,31483364,2116,170236
2018-05-15_12-09-39.090710273,1526378979.092802745,2018-05-15_12-09-39.098176449,1526378979.100442359,0.50,0.23,0.12,370692290484,563576136,1,0,6438430,9317065,0,0,0,1,1061,0,11146,1000834,2225,0,62,0,0,0,32804244,31590600,31480116,2116,170676
2018-05-15_12-10-09.150063934,1526379009.152141686,2018-05-15_12-10-09.156430155,1526379009.158936769,0.62,0.29,0.14,446980416372,675094962,1,0,9598507,9364486,0,0,0,1,1135,0,13075,1021102,2226,0,109,0,0,0,32804244,31589788,31479688,2116,170716
2018-05-15_12-10-39.206080063,1526379039.208138960,2018-05-15_12-10-39.212994104,1526379039.215024945,0.64,0.32,0.16,521874785896,786100728,1,0,9642231,12579986,0,0,0,1,1192,0,14932,1041477,2226,0,116,0,0,0,32804244,31590072,31479916,2116,170716
2018-05-15_12-11-09.265086377,1526379069.268003762,2018-05-15_12-11-09.272162918,1526379069.274139171,0.73,0.37,0.18,598065839334,896545614,1,0,12871643,12618165,0,0,0,1,1249,0,16818,1061783,2226,0,125,0,0,0,32804244,31590168,31480004,2116,170716
2018-05-15_12-11-39.321332050,1526379099.323878860,2018-05-15_12-11-39.328572435,1526379099.330831857,0.63,0.38,0.19,672146578012,1032539700,1,0,12903250,15672270,0,0,0,1,1305,0,18603,1082197,2226,0,131,0,0,0,32804244,31589404,31479440,2116,170716
2018-05-15_12-12-09.378516829,1526379129.380444787,2018-05-15_12-12-09.384781699,1526379129.386886540,0.59,0.40,0.20,742761305558,1159133946,1,0,15721635,15705687,0,0,0,1,1360,0,20305,1102797,2226,0,143,0,0,0,32804244,31589784,31480164,2116,170716
2018-05-15_12-12-39.438094483,1526379159.440523643,2018-05-15_12-12-39.444866520,1526379159.447339253,0.48,0.39,0.21,819272187332,1269358812,1,0,15751099,18982086,0,0,0,1,1419,0,22185,1123093,2226,0,151,0,0,0,32804244,31589420,31479252,2116,170716
2018-05-15_12-13-09.497438011,1526379189.499429262,2018-05-15_12-13-09.503835506,1526379189.505826528,0.43,0.38,0.21,894860562026,1381293378,1,0,19012997,19008882,0,0,0,1,1475,0,24071,1143427,2226,0,165,0,0,0,32804244,31577876,31467380,2116,170724
2018-05-15_12-13-39.553142613,1526379219.555685519,2018-05-15_12-13-39.559954809,1526379219.562413684,0.58,0.43,0.23,971439466428,1491680964,1,0,19033708,22273837,0,0,0,1,1536,0,25954,1163717,2226,0,175,0,0,0,32804244,31577088,31467472,2116,170724
2018-05-15_12-14-09.611784656,1526379249.613854515,2018-05-15_12-14-09.617955162,1526379249.619913221,0.53,0.43,0.24,1042175848168,1596294630,1,0,22055375,22293507,0,0,0,1,1593,0,27720,1184287,2226,0,190,0,0,0,32804244,31577328,31467176,2116,170728
2018-05-15_12-14-39.671119522,1526379279.674438763,2018-05-15_12-14-39.679617255,1526379279.681757529,0.72,0.49,0.26,1117705122230,1708258416,1,0,22055375,25550655,0,0,12218,1,1652,0,29612,1204641,2226,0,202,0,0,0,32804244,31577440,31467592,2116,170728
2018-05-15_12-15-09.752140482,1526379309.755147715,2018-05-15_12-15-09.762360314,1526379309.765128790,0.69,0.50,0.28,1187744298266,1797458922,1,0,22055375,25550655,0,0,2110674,12636,1700,0,31580,1224847,2226,0,220,0,0,0,32804244,31575992,31466136,2116,170732
2018-05-15_12-15-39.830812542,1526379339.834015715,2018-05-15_12-15-39.839479918,1526379339.842154786,0.69,0.52,0.29,1261454312884,1877038308,1,0,22055375,25550655,0,0,2122315,2266722,1750,0,33628,1244972,2226,0,239,0,0,0,32804244,31576112,31466484,2116,170736
2018-05-15_12-16-09.905937413,1526379369.908621465,2018-05-15_12-16-09.913661335,1526379369.915664317,0.79,0.57,0.31,1334805534046,1974064314,1,0,22055375,25550655,0,0,4423229,2276513,1911,0,35934,1264655,2226,0,529,0,0,0,32804244,31587516,31477904,2116,170728
2018-05-15_12-16-39.969008169,1526379399.971650248,2018-05-15_12-16-39.977147791,1526379399.980067587,0.73,0.57,0.32,1408187855890,2052447360,1,0,22055375,25550655,0,0,4431223,4530165,2029,0,38078,1284624,2226,0,713,0,0,0,32804244,31588528,31478916,2116,170728
2018-05-15_12-17-10.040300455,1526379430.043378324,2018-05-15_12-17-10.050256402,1526379430.052962196,0.71,0.58,0.33,1477645602390,2129279886,1,0,22055375,25550655,0,0,6763751,4536838,2072,0,40021,1304927,2226,0,723,0,0,0,32804244,31589864,31479704,2116,170728
2018-05-15_12-17-40.114441581,1526379460.117126425,2018-05-15_12-17-40.124863308,1526379460.128087037,0.74,0.61,0.35,1550953425128,2210190012,1,0,22055375,25550655,0,0,6769632,6812588,2118,0,42045,1325103,2226,0,733,0,0,0,32804244,31588912,31479328,2116,170728
2018-05-15_12-18-10.188558011,1526379490.191159500,2018-05-15_12-18-10.196303032,1526379490.198908864,0.85,0.64,0.37,1623671496694,2289681378,1,0,22055375,25550655,0,0,9216951,6812588,2161,0,44079,1345242,2226,0,744,0,0,0,32804244,31589440,31478988,2116,170728
2018-05-15_12-18-40.259391885,1526379520.261591867,2018-05-15_12-18-40.266750371,1526379520.268730935,0.75,0.65,0.38,1696726402588,2369141184,1,0,22055375,25550655,0,0,11654286,6812588,2206,0,46114,1365371,2226,0,752,0,0,0,32804244,31588736,31478872,2116,170728
2018-05-15_12-19-10.338948696,1526379550.340927048,2018-05-15_12-19-10.345186809,1526379550.347083500,0.82,0.66,0.39,1770289158852,2449397190,1,0,22055375,25550655,0,0,14084706,6814752,2254,0,48167,1385439,2226,0,763,0,0,0,32804244,31589016,31479692,2116,170728
2018-05-15_12-19-40.406420683,1526379580.408412972,2018-05-15_12-19-40.412677844,1526379580.414570646,0.75,0.66,0.40,1839998971926,2526099150,1,0,22055375,25550655,0,0,14084858,9036590,2300,0,50090,1405767,2226,0,768,0,0,0,32804244,31588448,31478496,2116,170728
2018-05-15_12-20-10.469934852,1526379610.471932515,2018-05-15_12-20-10.476186472,1526379610.478101398,0.73,0.67,0.41,1913956163348,2610280716,1,0,22055375,25550655,0,0,16525351,9036590,2341,0,52164,1425833,2226,0,777,0,0,0,32804244,31587176,31477220,2116,170736
2018-05-15_12-20-40.525112718,1526379640.527949922,2018-05-15_12-20-40.532837581,1526379640.534772337,0.71,0.67,0.42,1986999049966,2688674262,1,0,22055375,25550655,0,0,16525351,11321688,2389,0,54178,1446000,2226,0,782,0,0,0,32804244,31587872,31477712,2116,170736
2018-05-15_12-21-10.581369575,1526379670.583620582,2018-05-15_12-21-10.589416476,1526379670.591823029,0.71,0.67,0.43,2056669472760,2767739208,1,0,22055375,25550655,0,0,16525351,13559596,2434,0,56110,1466326,2226,0,792,0,0,0,32804244,31574848,31465000,2116,170744
2018-05-15_12-21-40.644431080,1526379700.647117457,2018-05-15_12-21-40.653147424,1526379700.655848902,0.82,0.70,0.44,2129605672384,2846999154,1,0,22055375,25550655,0,0,18979520,13559598,2481,0,58137,1486451,2226,0,798,0,0,0,32804244,31575448,31465580,2116,170744
2018-05-15_12-22-10.723307657,1526379730.726767031,2018-05-15_12-22-10.733262626,1526379730.735931480,0.78,0.70,0.45,2203522251030,2929297284,1,0,22055375,25550655,0,0,18980772,15851160,2527,0,60201,1506568,2226,0,811,0,0,0,32804244,31575308,31466004,2116,170748
2018-05-15_12-22-40.799522402,1526379760.802358556,2018-05-15_12-22-40.807883170,1526379760.810085899,0.66,0.68,0.45,2273246207722,3006155250,1,0,22055375,25550655,0,0,21339230,15853142,2574,0,62143,1526852,2226,0,822,0,0,0,32804244,31575660,31466080,2116,170752
2018-05-15_12-23-10.873928699,1526379790.876164485,2018-05-15_12-23-10.880929692,1526379790.883308197,0.73,0.69,0.46,2345190466652,3100687056,1,0,22055375,25550655,0,0,21342753,17953267,2620,0,64182,1546978,2226,0,838,0,0,0,32804244,31575580,31465732,2116,170756
2018-05-15_12-23-40.943326545,1526379820.945975493,2018-05-15_12-23-40.951365227,1526379820.953978136,0.64,0.67,0.47,2418875448290,3180928662,1,0,22055375,25550655,0,0,23760117,17957413,2672,0,66272,1567036,2226,0,849,0,0,0,32804244,31576764,31467196,2116,170756
2018-05-15_12-24-11.018758919,1526379851.021215195,2018-05-15_12-24-11.026443677,1526379851.028618242,0.65,0.67,0.47,2492074933834,3259400148,1,0,22055375,25550655,0,0,23766047,20224517,2718,0,68313,1587210,2226,0,863,0,0,0,32804244,31589628,31479544,2116,170752
2018-05-15_12-24-41.098330568,1526379881.100855959,2018-05-15_12-24-41.106300717,1526379881.108775463,0.78,0.70,0.49,2561858237502,3336366414,1,0,22055375,25550655,0,0,26108319,20230848,2762,0,70270,1607496,2226,0,869,0,0,0,32804244,31587880,31478068,2116,170752
2018-05-15_12-25-11.173468482,1526379911.176694420,2018-05-15_12-25-11.182861209,1526379911.185813135,0.68,0.68,0.49,2635638045004,3418492380,1,0,22055375,25550655,0,0,26116262,22489994,2810,0,72332,1627629,2226,0,878,0,0,0,32804244,31589388,31479848,2116,170752
2018-05-15_12-25-41.253885108,1526379941.256707762,2018-05-15_12-25-41.262226693,1526379941.264629049,0.66,0.68,0.50,2705844863804,3506798166,1,0,22055375,25550655,0,0,26116262,24657182,2859,0,74312,1647859,2226,0,887,0,0,0,32804244,31589156,31479348,2116,170752
2018-05-15_12-26-11.330460004,1526379971.333266336,2018-05-15_12-26-11.338809132,1526379971.341698870,0.57,0.66,0.50,2779512495352,3601607592,1,0,22055375,25550655,0,0,28314901,24665833,2909,0,76387,1667853,2226,0,895,0,0,0,32804244,31589192,31479368,2116,170752
2018-05-15_12-26-41.404292839,1526380001.406441747,2018-05-15_12-26-41.411610800,1526380001.413549840,0.68,0.68,0.51,2852563745542,3678990678,1,0,22055375,25550655,0,0,28325134,26909905,2960,0,78410,1688012,2226,0,903,0,0,0,32804244,31589504,31479228,2116,170752
2018-05-15_12-27-11.470668622,1526380031.473559749,2018-05-15_12-27-11.478890778,1526380031.480888123,0.68,0.68,0.51,2926195057178,3762933264,1,0,22055375,25550655,0,0,30738178,26921727,3006,0,80449,1708098,2226,0,913,0,0,0,32804244,31588776,31478268,2116,170752
2018-05-15_12-27-41.541185086,1526380061.543394464,2018-05-15_12-27-41.547925958,1526380061.550559395,0.69,0.68,0.52,2996388206530,3850418070,1,0,22055375,25550655,0,0,30752661,29068503,3049,0,82458,1728314,2226,0,921,0,0,0,32804244,31589396,31479036,2116,170752
2018-05-15_12-28-11.610714615,1526380091.613348316,2018-05-15_12-28-11.618619643,1526380091.621245348,0.62,0.66,0.51,3069833385084,3932854536,1,0,22055375,25550655,0,0,33171589,29082678,3093,0,84507,1748435,2226,0,929,0,0,0,32804244,31589116,31479280,2116,170752
2018-05-15_12-28-41.678432775,1526380121.681662104,2018-05-15_12-28-41.687856847,1526380121.690694094,0.64,0.66,0.52,3143785873044,4012814142,1,0,22055375,25550655,0,0,33189426,31362309,3142,0,86555,1768554,2226,0,937,0,0,0,32804244,31589616,31479552,2116,170752
2018-05-15_12-29-11.751685479,1526380151.755180519,2018-05-15_12-29-11.760673678,1526380151.763060874,0.73,0.68,0.53,3213477902850,4090068348,1,0,22055375,25550655,0,0,35514687,31379850,3190,0,88491,1788836,2226,0,949,0,0,0,32804244,31576072,31466232,2116,170760
2018-05-15_12-29-41.824102776,1526380181.826277047,2018-05-15_12-29-41.832239920,1526380181.834720130,0.72,0.68,0.53,3287155048824,4169620614,1,0,22055375,25550655,0,0,35534577,33639185,3238,0,90531,1808964,2226,0,959,0,0,0,32804244,31575684,31465864,2116,170760
2018-05-15_12-30-11.898619868,1526380211.901503786,2018-05-15_12-30-11.907905890,1526380211.910341441,0.71,0.68,0.54,3360413788738,4264075800,1,0,22055375,25550655,0,0,37716079,33659736,3289,0,92618,1828968,2227,0,974,0,0,0,32804244,31576624,31466796,2116,170772
2018-05-15_12-30-41.976157890,1526380241.978562583,2018-05-15_12-30-41.983869331,1526380241.985954962,0.58,0.64,0.53,3433610085988,4342854726,1,0,22055375,25550655,0,0,37736945,35912581,3341,0,94647,1849135,2227,0,988,0,0,0,32804244,31575636,31465512,2116,170776
2018-05-15_12-31-12.051612922,1526380272.054690797,2018-05-15_12-31-12.060416088,1526380272.063118197,0.61,0.65,0.53,3503266581046,4436768112,1,0,22055375,25550655,0,0,39964445,35934711,3385,0,96647,1869354,2227,0,998,0,0,0,32804244,31576532,31466372,2116,170776
2018-05-15_12-31-42.123130126,1526380302.125328517,2018-05-15_12-31-42.130666530,1526380302.132607200,0.58,0.63,0.53,3576456631948,4515306348,1,0,22055375,25550655,0,0,39987874,38183191,3437,0,98662,1889518,2227,0,1009,0,0,0,32804244,31576656,31466852,2116,170780
2018-05-15_12-32-12.197544246,1526380332.200339189,2018-05-15_12-32-12.205490493,1526380332.207429304,0.57,0.62,0.53,3650364466736,4597613574,1,0,22055375,25550655,0,0,39987874,40465237,3486,0,100712,1909641,2227,0,1020,0,0,0,32804244,31588456,31477968,2116,170772
2018-05-15_12-32-42.271915210,1526380362.274585106,2018-05-15_12-32-42.281287357,1526380362.283845209,0.66,0.64,0.54,3723423106952,4676847540,1,0,22055375,25550655,0,0,42373366,40491374,3531,0,102746,1929765,2227,0,1027,0,0,0,32804244,31588280,31478424,2116,170772
2018-05-15_12-33-12.348746903,1526380392.351540058,2018-05-15_12-33-12.357753108,1526380392.359887365,0.60,0.63,0.54,3797255467904,4759040286,1,0,22055375,25550655,0,0,42402479,42739475,3581,0,104804,1949884,2227,0,1038,0,0,0,32804244,31588144,31478316,2116,170772
2018-05-15_12-33-42.417801065,1526380422.420294375,2018-05-15_12-33-42.426130786,1526380422.428824738,0.61,0.63,0.54,3871180226930,4843174992,1,0,22055375,25550655,0,0,44778264,42768155,3626,0,106863,1969962,2227,0,1048,0,0,0,32804244,31588124,31478340,2116,170772
2018-05-15_12-34-12.498359279,1526380452.501455814,2018-05-15_12-34-12.507650589,1526380452.509736017,0.56,0.62,0.54,3941063439116,4922539638,1,0,22055375,25550655,0,0,44809876,44970403,3673,0,108796,1990291,2227,0,1058,0,0,0,32804244,31588648,31478824,2116,170772
2018-05-15_12-34-42.571628141,1526380482.575282399,2018-05-15_12-34-42.580636789,1526380482.583166400,0.55,0.61,0.54,4014468948592,5003311764,1,0,22055375,25550655,0,0,47204894,44999857,3721,0,110853,2010372,2227,0,1066,0,0,0,32804244,31588968,31479288,2116,170772
2018-05-15_12-35-12.641239728,1526380512.643674370,2018-05-15_12-35-12.648435136,1526380512.650599084,0.66,0.63,0.55,4086460946982,5092962630,1,0,22055375,25550655,0,0,47238649,47159300,3768,0,112874,2030518,2227,0,1074,0,0,0,32804244,31588648,31478276,2116,170772
2018-05-15_12-35-42.706192352,1526380542.708346950,2018-05-15_12-35-42.713500303,1526380542.715535924,0.74,0.65,0.56,4159860791022,5175334956,1,0,22055375,25550655,0,0,49618798,47191697,3814,0,114936,2050639,2227,0,1081,0,0,0,32804244,31589152,31478672,2116,170772
2018-05-15_12-36-12.779771340,1526380572.782215751,2018-05-15_12-36-12.788728454,1526380572.791216365,0.64,0.63,0.56,4229710833042,5264484222,1,0,22055375,25550655,0,0,49656120,49319977,3857,0,116905,2070905,2227,0,1089,0,0,0,32804244,31588476,31478640,2116,170772
2018-05-15_12-36-42.851008448,1526380602.853735453,2018-05-15_12-36-42.859653565,1526380602.862761171,0.67,0.64,0.56,4302699609542,5344081968,1,0,22055375,25550655,0,0,52053171,49354064,3906,0,118936,2091030,2227,0,1096,0,0,0,32804244,31588740,31478936,2116,170772
2018-05-15_12-37-12.926651824,1526380632.929635233,2018-05-15_12-37-12.936519866,1526380632.938919634,0.75,0.66,0.57,4376645545704,5423921274,1,0,22055375,25550655,0,0,52093178,51593498,3957,0,120975,2111143,2227,0,1115,0,0,0,32804244,31576392,31466596,2116,170784
2018-05-15_12-37-43.003836564,1526380663.006578176,2018-05-15_12-37-43.013921093,1526380663.016277625,0.79,0.68,0.58,4446263744946,5500971540,1,0,22055375,25550655,0,0,54378062,51631451,4005,0,122941,2131435,2227,0,1122,0,0,0,32804244,31576228,31466148,2116,170784
2018-05-15_12-38-13.072594847,1526380693.074974162,2018-05-15_12-38-13.082136444,1526380693.084510487,0.75,0.67,0.58,4519422843054,5579358066,1,0,22055375,25550655,0,0,54419058,53868391,4053,0,124971,2151599,2227,0,1138,0,0,0,32804244,31576888,31467340,2116,170784
2018-05-15_12-38-43.143274447,1526380723.146003994,2018-05-15_12-38-43.152210789,1526380723.154706595,0.80,0.69,0.59,4593028590406,5660245692,1,0,22055375,25550655,0,0,56800001,53909391,4101,0,127019,2171674,2227,0,1149,0,0,0,32804244,31577368,31466720,2116,170792
2018-05-15_12-39-13.221040449,1526380753.223831052,2018-05-15_12-39-13.229769678,1526380753.232094443,0.69,0.67,0.59,4665283996680,5752127118,1,0,22055375,25550655,0,0,56845315,56033695,4148,0,129026,2191824,2227,0,1161,0,0,0,32804244,31576516,31466408,2116,170792
2018-05-15_12-39-43.292589309,1526380783.295275136,2018-05-15_12-39-43.300172358,1526380783.302411965,0.69,0.67,0.59,4734990903876,5829443424,1,0,22055375,25550655,0,0,59130958,56074832,4198,0,130954,2212105,2227,0,1170,0,0,0,32804244,31575996,31466712,2116,170796
2018-05-15_12-40-13.357774446,1526380813.360211460,2018-05-15_12-40-13.365691037,1526380813.368659937,0.75,0.69,0.60,4808462626180,5908860810,1,0,22055375,25550655,0,0,59177405,58300494,4252,0,132986,2232242,2227,0,1181,0,0,0,32804244,31589856,31479520,2116,170796
2018-05-15_12-40-43.438567199,1526380843.441689318,2018-05-15_12-40-43.447219606,1526380843.449822413,0.77,0.70,0.61,4881764837692,5988543336,1,0,22055375,25550655,0,0,61552245,58346036,4301,0,135017,2252360,2227,0,1191,0,0,0,32804244,31589168,31479368,2116,170796
2018-05-15_12-41-13.513465458,1526380873.516820178,2018-05-15_12-41-13.522004705,1526380873.524081235,0.86,0.73,0.62,4951730674726,6067585542,1,0,22055375,25550655,0,0,61602779,60511437,4348,0,136974,2272680,2227,0,1200,0,0,0,32804244,31589908,31479832,2116,170796
2018-05-15_12-41-43.581714770,1526380903.584000594,2018-05-15_12-41-43.590865868,1526380903.594147823,0.86,0.74,0.62,5025605842944,6148676208,1,0,22055375,25550655,0,0,63991521,60558905,4397,0,139015,2292742,2227,0,1209,0,0,0,32804244,31588932,31479412,2116,170796
2018-05-15_12-42-13.656877395,1526380933.659773143,2018-05-15_12-42-13.664595963,1526380933.666465266,0.73,0.72,0.62,5098532879758,6229285554,1,0,22055375,25550655,0,0,64044510,62803657,4444,0,141028,2312927,2227,0,1219,0,0,0,32804244,31588560,31478688,2116,170796
2018-05-15_12-42-43.726244131,1526380963.729627882,2018-05-15_12-42-43.736580220,1526380963.739125454,0.84,0.74,0.63,5172349437232,6310363560,1,0,22055375,25550655,0,0,66435187,62854155,4495,0,143077,2332994,2227,0,1228,0,0,0,32804244,31589064,31479544,2116,170796
2018-05-15_12-43-13.803422798,1526380993.806132716,2018-05-15_12-43-13.811967832,1526380993.814255449,0.77,0.74,0.63,5242273309284,6386998506,1,0,22055375,25550655,0,0,66491611,65011614,4544,0,145019,2353308,2227,0,1238,0,0,0,32804244,31589284,31479232,2116,170796
2018-05-15_12-43-43.871599599,1526381023.874130410,2018-05-15_12-43-43.879507062,1526381023.882734923,0.86,0.76,0.64,5315355598980,6465621012,1,0,22055375,25550655,0,0,68868248,65063783,4591,0,147053,2373425,2227,0,1246,0,0,0,32804244,31589112,31479780,2116,170796
2018-05-15_12-44-13.951645138,1526381053.954659010,2018-05-15_12-44-13.960331540,1526381053.962946509,0.79,0.75,0.64,5389267758168,6545516778,1,0,22055375,25550655,0,0,68927151,67283034,4641,0,149069,2393543,2227,0,1260,0,0,0,32804244,31589188,31479108,2116,170796
2018-05-15_12-44-44.024437257,1526381084.026815101,2018-05-15_12-44-44.031229812,1526381084.033037016,0.74,0.75,0.65,5462857401712,6628083264,1,0,22055375,25550655,2371380,0,68927151,67339147,4685,0,151107,2413652,2227,0,1267,0,0,0,32804244,31589376,31479576,2116,170796
2018-05-15_12-45-14.091451463,1526381114.093984457,2018-05-15_12-45-14.099241411,1526381114.101835253,0.71,0.74,0.65,5536544676844,6709442730,1,0,22055375,25550655,2434339,2352640,68927151,67339147,4737,0,153159,2433715,2227,0,1281,0,0,0,32804244,31576536,31466748,2116,170804
2018-05-15_12-45-44.163820050,1526381144.166690735,2018-05-15_12-45-44.172828154,1526381144.175064735,0.55,0.70,0.64,5606299647850,6789554856,1,0,22055375,25550655,4722273,2416525,68927151,67339147,4785,0,155094,2454018,2227,0,1288,0,0,0,32804244,31576776,31466976,2116,170804
2018-05-15_12-46-14.231624490,1526381174.234251222,2018-05-15_12-46-14.241826982,1526381174.244253718,0.60,0.70,0.64,5679465771524,6872189262,1,0,22055375,25550655,4784569,4748244,68927151,67339147,4829,0,157127,2474147,2227,0,1304,0,0,0,32804244,31575672,31465608,2116,170812
2018-05-15_12-46-44.314796931,1526381204.316957915,2018-05-15_12-46-44.322543749,1526381204.325342004,0.70,0.71,0.64,5752870870960,6970037508,1,0,22055375,25550655,7053113,4812648,68927151,67339147,4880,0,159229,2494157,2227,0,1312,0,0,0,32804244,31576288,31466016,2116,170812
2018-05-15_12-47-14.380784533,1526381234.383864931,2018-05-15_12-47-14.390017553,1526381234.392803081,0.68,0.70,0.64,5826222664744,7050641754,1,0,22055375,25550655,7118623,7169703,68927151,67339147,4930,0,161269,2514270,2227,0,1321,0,0,0,32804244,31576080,31466544,2116,170812
2018-05-15_12-47-44.457283393,1526381264.459932246,2018-05-15_12-47-44.465154050,1526381264.467971136,0.74,0.72,0.65,5896280598428,7141043160,1,0,22055375,25550655,9194490,7238446,68927151,67339147,4983,0,163249,2534457,2227,0,1327,0,0,0,32804244,31575580,31466076,2116,170816
2018-05-15_12-48-14.529139474,1526381294.531727783,2018-05-15_12-48-14.537725045,1526381294.540792494,0.58,0.68,0.64,5970265193246,7225826106,1,0,22055375,25550655,9257059,9588318,68927151,67339147,5030,0,165293,2554527,2227,0,1339,0,0,0,32804244,31588640,31479388,2116,170808
2018-05-15_12-48-44.603759323,1526381324.606512830,2018-05-15_12-48-44.612618108,1526381324.615322728,0.60,0.68,0.64,6043764374782,7308819372,1,0,22055375,25550655,11615021,9658834,68927151,67339147,5076,0,167331,2574649,2227,0,1344,0,0,0,32804244,31588784,31478396,2116,170808
2018-05-15_12-49-14.673022187,1526381354.675909022,2018-05-15_12-49-14.681916035,1526381354.684275167,0.63,0.68,0.65,6113907123642,7403786838,1,0,22055375,25550655,11687663,11701472,68927151,67339147,5120,0,169317,2594837,2227,0,1355,0,0,0,32804244,31588800,31478740,2116,170808
2018-05-15_12-49-44.745590731,1526381384.748259602,2018-05-15_12-49-44.753994296,1526381384.756743997,0.71,0.69,0.65,6187821936796,7488588204,1,0,22055375,25550655,14051689,11765682,68927151,67339147,5166,0,171388,2614907,2227,0,1361,0,0,0,32804244,31588288,31478916,2116,170808
2018-05-15_12-50-14.811882765,1526381414.814514732,2018-05-15_12-50-14.821616886,1526381414.824929418,0.74,0.71,0.66,6261046935212,7571249550,1,0,22055375,25550655,14127584,14105491,68927151,67339147,5213,0,173430,2635034,2227,0,1372,0,0,0,32804244,31588116,31478324,2116,170816
2018-05-15_12-50-44.887924453,1526381444.891435816,2018-05-15_12-50-44.897462509,1526381444.899904252,0.78,0.72,0.66,6335135380720,7655789016,1,0,22055375,25550655,16482713,14182096,68927151,67339147,5262,0,175493,2655106,2227,0,1379,0,0,0,32804244,31588240,31478172,2116,170816
2018-05-15_12-51-14.960762862,1526381474.963532740,2018-05-15_12-51-14.970468817,1526381474.973115452,0.75,0.72,0.67,6405079829106,7733760222,1,0,22055375,25550655,16561493,16424681,68927151,67339147,5306,0,177429,2675390,2227,0,1385,0,0,0,32804244,31586816,31477836,2116,170816
2018-05-15_12-51-45.030272984,1526381505.033173748,2018-05-15_12-51-45.038200377,1526381505.040635258,0.66,0.70,0.66,6478444479352,7813862748,1,0,22055375,25550655,18925516,16501195,68927151,67339147,5354,0,179469,2695498,2227,0,1391,0,0,0,32804244,31587360,31477220,2116,170816
2018-05-15_12-52-15.092796446,1526381535.095951296,2018-05-15_12-52-15.102767823,1526381535.105608514,0.72,0.71,0.67,6551682295918,7909855374,1,0,22055375,25550655,19007867,18604879,68927151,67339147,5405,0,181541,2715513,2227,0,1400,0,0,0,32804244,31587820,31478052,2116,170816
2018-05-15_12-52-45.166683104,1526381565.169336778,2018-05-15_12-52-45.174701328,1526381565.176826947,0.72,0.71,0.67,6621472250110,7988177940,1,0,22055375,25550655,21274509,18679410,68927151,67339147,5449,0,183497,2735794,2227,0,1405,0,0,0,32804244,31587928,31478428,2116,170816
2018-05-15_12-53-15.230891649,1526381595.232984325,2018-05-15_12-53-15.238328237,1526381595.241112341,0.76,0.72,0.67,6695075238904,8072464626,1,0,22055375,25550655,21357869,20996167,68927151,67339147,5495,0,185543,2755884,2227,0,1421,0,0,0,32804244,31576628,31466572,2116,170828
2018-05-15_12-53-45.306234253,1526381625.309213003,2018-05-15_12-53-45.314290311,1526381625.316291380,0.65,0.70,0.67,6768876215718,8156932632,1,0,22055375,25550655,23701736,21081939,68927151,67339147,5546,0,187591,2775968,2227,0,1428,0,0,0,32804244,31575936,31465884,2116,170832
2018-05-15_12-54-15.373765312,1526381655.377260383,2018-05-15_12-54-15.384646006,1526381655.386830955,0.71,0.71,0.68,6841471150726,8252928918,1,0,22055375,25550655,23790893,23294666,68927151,67339147,5590,0,189666,2796048,2227,0,1440,0,0,0,32804244,31576048,31466548,2116,170832
2018-05-15_12-54-45.450382675,1526381685.453253077,2018-05-15_12-54-45.458493608,1526381685.460990428,0.83,0.74,0.69,6911133859726,8331364284,1,0,22055375,25550655,26050744,23380218,68927151,67339147,5637,0,191622,2816335,2227,0,1449,0,0,0,32804244,31575888,31466116,2116,170836
2018-05-15_12-55-15.518674961,1526381715.520860889,2018-05-15_12-55-15.527654653,1526381715.530283437,0.89,0.76,0.70,6984504467226,8411763690,1,0,22055375,25550655,26139240,25732816,68927151,67339147,5686,0,193643,2836452,2227,0,1460,0,0,0,32804244,31576792,31466732,2116,170836
2018-05-15_12-55-45.592887969,1526381745.595087798,2018-05-15_12-55-45.600821794,1526381745.602963085,0.82,0.75,0.69,7057657159220,8494033836,1,0,22055375,25550655,28469323,25824957,68927151,67339147,5737,0,195677,2856574,2227,0,1471,0,0,0,32804244,31576512,31466472,2116,170840
2018-05-15_12-56-15.658065035,1526381775.660926444,2018-05-15_12-56-15.667519870,1526381775.669968385,0.87,0.78,0.70,7131651841988,8578844982,1,0,22055375,25550655,28562877,28156835,68927151,67339147,5786,0,197730,2876649,2228,0,1491,0,0,0,32804244,31589776,31479944,2116,170832
2018-05-15_12-56-45.739504373,1526381805.741720269,2018-05-15_12-56-45.747865172,1526381805.750068574,0.87,0.78,0.71,7205166248028,8662133988,1,0,22055375,25550655,30908778,28251349,68927151,67339147,5829,0,199756,2896764,2230,0,1499,0,0,0,32804244,31590064,31480300,2116,170836
2018-05-15_12-57-15.806141045,1526381835.809002272,2018-05-15_12-57-15.816314582,1526381835.818361545,0.79,0.77,0.70,7278857252184,8743949214,1,0,22055375,25550655,31006409,30573364,68927151,67339147,5878,0,201792,2916843,2230,0,1512,0,0,0,32804244,31590052,31479156,2116,170832
2018-05-15_12-57-45.882820242,1526381865.885263569,2018-05-15_12-57-45.891452774,1526381865.893683571,0.81,0.78,0.71,7352819363848,8828731620,1,0,22055375,25550655,33345595,30669927,68927151,67339147,5923,0,203856,2936926,2230,0,1520,0,0,0,32804244,31589832,31479748,2116,170832
2018-05-15_12-58-15.954169193,1526381895.956132547,2018-05-15_12-58-15.960372366,1526381895.962271474,0.54,0.72,0.69,7369033986986,8846874726,1,0,22055375,25550655,33446630,31106434,68927151,67339147,5939,0,204311,2960090,2230,0,1525,0,0,0,32804244,31588876,31478480,2116,170832
