StartTime,StartEpoch,EndTime,EndEpoch,CPULoad1m,CPULoad5m,CPULoad5m,NetDevRX,NetDevTX,IRQens2-0,IRQens2-1,IRQens2-2,IRQens2-3,IRQens2-4,IRQens2-5,IRQens2-6,IRQens2-7,user,nice,system,idle,iowait,irq,softirq,steal,guest,guest_nice,MemTotal,MemFree,MemAvailable,Buffers,Cached
2018-05-15_10-54-27.554696279,1526374467.558749430,2018-05-15_10-54-27.564154238,1526374467.566330565,0.00,0.07,0.05,2122617388,2506026,1,0,0,0,0,0,0,3885,724,0,1756,392382,2291,0,11,0,0,0,32804244,31609220,31490156,2116,153904
2018-05-15_10-54-57.635976745,1526374497.637937461,2018-05-15_10-54-57.641902560,1526374497.643605074,0.34,0.14,0.07,87009450032,102174732,1,0,0,95372,0,0,0,135582,789,0,3871,412142,2291,0,18,0,0,0,32804244,31597176,31478916,2116,153920
2018-05-15_10-55-27.690347649,1526374527.692564314,2018-05-15_10-55-27.699591326,1526374527.702223761,0.54,0.21,0.10,172028644162,226030518,1,0,0,3758105,0,0,72060,135582,847,0,5972,432073,2291,0,30,0,0,0,32804244,31598060,31479832,2116,153920
2018-05-15_10-55-57.764564125,1526374557.767621226,2018-05-15_10-55-57.773577409,1526374557.776077585,0.65,0.27,0.12,255070039548,321262824,1,0,0,3758105,0,54163,2880795,135582,908,0,8134,451813,2291,0,44,0,0,0,32804244,31597556,31478792,2116,153924
2018-05-15_10-56-27.841870030,1526374587.844776245,2018-05-15_10-56-27.851124965,1526374587.854030171,0.65,0.31,0.14,327659362166,428628510,1,0,0,3758105,0,2433754,2880795,138631,965,0,10098,471957,2291,0,58,0,0,0,32804244,31597004,31478004,2116,153924
2018-05-15_10-56-57.921305958,1526374617.923764355,2018-05-15_10-56-57.928160187,1526374617.929979836,0.54,0.31,0.14,405249324750,521352156,1,0,0,3832198,0,2433754,2880795,253634,1019,0,12089,492019,2291,0,67,0,0,0,32804244,31597560,31478544,2116,153924
2018-05-15_10-57-27.979632123,1526374647.981936154,2018-05-15_10-57-27.988542040,1526374647.991395524,0.51,0.33,0.16,478520491214,627870822,1,0,0,6996551,0,2433754,2940929,253634,1075,0,13928,512475,2291,0,80,0,0,0,32804244,31598212,31479200,2116,153928
2018-05-15_10-57-58.063848260,1526374678.065793965,2018-05-15_10-57-58.069935649,1526374678.071867402,0.65,0.38,0.18,555504234756,722596668,1,0,73753,6996551,0,2433754,5518646,253634,1128,0,15967,532492,2291,0,90,0,0,0,32804244,31611508,31492484,2116,153920
2018-05-15_10-58-28.120923274,1526374708.124681170,2018-05-15_10-58-28.131148903,1526374708.134020413,0.71,0.42,0.20,633563002488,835781694,1,0,3401478,6996551,0,2433754,5518646,307840,1187,0,17923,552716,2291,0,98,0,0,0,32804244,31610856,31492640,2116,153920
2018-05-15_10-58-58.196880112,1526374738.199069064,2018-05-15_10-58-58.205576678,1526374738.207842865,0.82,0.47,0.22,711371054894,928706700,1,0,3401478,6996551,55417,2433754,5518646,2746752,1240,0,19978,572737,2291,0,110,0,0,0,32804244,31609600,31490880,2116,153920
2018-05-15_10-59-28.263781759,1526374768.266298342,2018-05-15_10-59-28.273207491,1526374768.275004567,0.78,0.49,0.24,789266864380,1022287146,1,66135,3401478,6996551,2685506,2433754,5518646,2746752,1299,0,22021,592710,2291,0,118,0,0,0,32804244,31610512,31491420,2116,153920
2018-05-15_10-59-58.337211375,1526374798.340826125,2018-05-15_10-59-58.346940109,1526374798.349117998,0.63,0.48,0.24,867322767134,1135436112,1,3440194,3401478,6996551,2685506,2433754,5518646,2746752,1358,0,23959,612931,2291,0,149,0,0,0,32804244,31609496,31491048,2116,153920
2018-05-15_11-00-28.404134145,1526374828.407223455,2018-05-15_11-00-28.412630295,1526374828.414952330,0.62,0.50,0.25,945243794358,1248214158,1,6766926,3401478,6996551,2732684,2433754,5518646,2746752,1417,0,25906,633155,2291,0,183,0,0,0,32804244,31610880,31492124,2116,153924
2018-05-15_11-00-58.472667331,1526374858.475281896,2018-05-15_11-00-58.483601454,1526374858.487015128,0.72,0.53,0.27,1017947262844,1335277404,1,6766926,3401478,6996551,5221475,2433754,5518646,2792432,1473,0,27838,653384,2291,0,193,0,0,0,32804244,31610348,31491612,2116,153924
2018-05-15_11-01-28.552855080,1526374888.554812496,2018-05-15_11-01-28.559255542,1526374888.561204274,0.70,0.54,0.28,1095475505026,1438385370,1,6766926,3456924,6996551,5221475,2433754,5518646,5196060,1536,0,29909,673334,2293,0,202,0,0,0,32804244,31609696,31490708,2116,153940
2018-05-15_11-01-58.611280089,1526374918.613764702,2018-05-15_11-01-58.621054421,1526374918.623596812,0.55,0.52,0.29,1168871119254,1545771396,1,6766926,6637963,6996551,5221475,2433754,5563800,5196060,1589,0,31738,693771,2293,0,213,0,0,0,32804244,31608772,31489796,2116,153944
2018-05-15_11-02-28.679000613,1526374948.681622163,2018-05-15_11-02-28.685805891,1526374948.687772670,0.59,0.54,0.30,1246005190984,1637242722,1,6766926,6637963,7050506,5221475,2433754,8197126,5196060,1645,0,33780,713768,2293,0,218,0,0,0,32804244,31608792,31490108,2116,153944
2018-05-15_11-02-58.735682017,1526374978.739116413,2018-05-15_11-02-58.744235467,1526374978.746618407,0.69,0.56,0.32,1324955381198,1750694808,1,6766926,6637963,10440185,5221475,2433754,8197126,5198020,1707,0,35748,733939,2293,0,228,0,0,0,32804244,31596692,31478016,2116,153956
2018-05-15_11-03-28.800837384,1526375008.803814419,2018-05-15_11-03-28.809691416,1526375008.812492729,0.74,0.59,0.33,1402748209844,1846542954,1,6766926,6637963,10440185,5221475,2469681,8197126,5327863,1758,0,37755,754002,2293,0,235,0,0,0,32804244,31596868,31478744,2116,153956
2018-05-15_11-03-58.872829754,1526375038.875961011,2018-05-15_11-03-58.881521256,1526375038.884419669,0.70,0.60,0.34,1479707245092,1958694060,1,6766926,6637963,10440185,5221475,4966895,8231419,5327863,1820,0,39827,773924,2293,0,251,0,0,0,32804244,31596928,31478196,2116,153956
2018-05-15_11-04-28.944440257,1526375068.946436394,2018-05-15_11-04-28.950886712,1526375068.952787466,0.82,0.64,0.36,1552456935986,2049177246,1,6766926,6637963,10483552,5221475,4966895,10723058,5327863,1871,0,41745,794149,2293,0,260,0,0,0,32804244,31596920,31478272,2116,153960
2018-05-15_11-04-59.002635798,1526375099.005566272,2018-05-15_11-04-59.011445641,1526375099.013679175,0.83,0.65,0.38,1631216235472,2164398372,1,6766926,6637963,13898155,5221475,4966895,10723058,5330756,1934,0,43706,814334,2293,0,272,0,0,0,32804244,31597876,31478836,2116,153960
2018-05-15_11-05-29.067210477,1526375129.070276113,2018-05-15_11-05-29.076087755,1526375129.078545996,0.70,0.64,0.38,1703229991940,2265196098,1,6766926,6637963,13898155,5221475,4996213,10723058,5571621,1986,0,45605,834563,2293,0,282,0,0,0,32804244,31597804,31478876,2116,153964
2018-05-15_11-05-59.144324703,1526375159.146925426,2018-05-15_11-05-59.154006777,1526375159.156693078,0.69,0.64,0.39,1779611908126,2356562244,1,6800072,6637963,13898155,5221475,7592326,10723058,5571621,2047,0,47599,854619,2293,0,299,0,0,0,32804244,31607980,31489304,2116,153956
2018-05-15_11-06-29.218225189,1526375189.220813038,2018-05-15_11-06-29.225122650,1526375189.227067299,0.64,0.63,0.40,1856930233354,2491962090,1,10016829,6637963,13898155,5247596,7592326,10723058,5571621,2105,0,49485,874876,2293,0,333,0,0,0,32804244,31609356,31490680,2116,153956
2018-05-15_11-06-59.287294839,1526375219.290221730,2018-05-15_11-06-59.295289787,1526375219.298816314,0.67,0.63,0.41,1934502865348,2600072316,1,10016829,6637963,13898155,7857605,7592326,10723058,5594950,2168,0,51610,894765,2293,0,345,0,0,0,32804244,31609088,31490032,2116,153956
2018-05-15_11-07-29.361643517,1526375249.363864551,2018-05-15_11-07-29.368630279,1526375249.370772882,0.58,0.62,0.41,2011744447944,2707744062,1,10016829,6666276,13898155,7857605,7592326,10723058,7973112,2222,0,53674,914723,2293,0,352,0,0,0,32804244,31609616,31490872,2116,153956
2018-05-15_11-07-59.418896055,1526375279.421190034,2018-05-15_11-07-59.428106947,1526375279.431065521,0.69,0.64,0.42,2089357850160,2819321388,1,10016829,10025958,13898155,7857605,7611425,10723058,7973112,2278,0,55608,934978,2293,0,367,0,0,0,32804244,31609072,31490120,2116,153956
2018-05-15_11-08-29.496248369,1526375309.498645858,2018-05-15_11-08-29.504648625,1526375309.507529872,0.68,0.64,0.43,2165979344680,2932345314,1,10016829,10025958,13898155,7857605,10004032,10723058,7974287,2331,0,57636,954942,2293,0,377,0,0,0,32804244,31609020,31490052,2116,153956
2018-05-15_11-08-59.565103252,1526375339.567045706,2018-05-15_11-08-59.571315686,1526375339.573136250,0.68,0.65,0.43,2238602907966,3020986320,1,10016829,10025958,13919197,7857605,10004032,10723058,8126132,2382,0,59522,975222,2293,0,383,0,0,0,32804244,31610036,31491360,2116,153956
2018-05-15_11-09-29.623106865,1526375369.625693175,2018-05-15_11-09-29.632875883,1526375369.635393989,0.59,0.63,0.44,2317429667426,3135637866,1,10016829,10025958,17342696,7857605,10004032,10737405,8126132,2444,0,61491,995415,2293,0,390,0,0,0,32804244,31607948,31489768,2116,153960
2018-05-15_11-09-59.691701758,1526375399.693506465,2018-05-15_11-09-59.697986340,1526375399.700422524,0.46,0.60,0.43,2390194994328,3225721932,1,10016829,10040959,17342696,7857605,10004032,13253096,8126132,2499,0,63408,1015638,2293,0,397,0,0,0,32804244,31608412,31489460,2116,153960
2018-05-15_11-10-29.749344811,1526375429.752215768,2018-05-15_11-10-29.758526120,1526375429.761293662,0.61,0.62,0.44,2468064243758,3340072338,1,10016829,13447889,17342696,7857605,10004032,13253096,8136904,2559,0,65326,1035883,2293,0,411,0,0,0,32804244,31609784,31491128,2116,153968
2018-05-15_11-10-59.829893787,1526375459.832078554,2018-05-15_11-10-59.836870805,1526375459.838872897,0.65,0.63,0.45,2545791554198,3431133984,1,10016829,13447889,17342696,7866338,10004032,13253096,10627827,2618,0,67337,1055909,2293,0,422,0,0,0,32804244,31596932,31477388,2116,153976
2018-05-15_11-11-29.897068691,1526375489.899751273,2018-05-15_11-11-29.905381046,1526375489.907745745,0.65,0.63,0.46,2623355127184,3524012670,1,10024629,13447889,17342696,10541901,10004032,13253096,10627827,2675,0,69387,1075899,2293,0,431,0,0,0,32804244,31596168,31477508,2116,153976
2018-05-15_11-11-59.965440939,1526375519.967525783,2018-05-15_11-11-59.971733196,1526375519.973806943,0.68,0.64,0.46,2701350918696,3639171576,1,13396724,13453040,17342696,10541901,10004032,13253096,10627827,2734,0,71318,1096117,2293,0,465,0,0,0,32804244,31597100,31478704,2116,153980
2018-05-15_11-12-30.024518307,1526375550.026505964,2018-05-15_11-12-30.032289563,1526375550.035328358,0.61,0.62,0.47,2774500895998,3766215402,1,13396724,16659580,17342696,10541901,10004032,13253096,10631349,2792,0,73169,1116476,2293,0,478,0,0,0,32804244,31596136,31477472,2116,153984
2018-05-15_11-13-00.099562050,1526375580.101542174,2018-05-15_11-13-00.105799711,1526375580.107696722,0.65,0.63,0.47,2852231820704,3857417022,1,13396724,16659580,17342696,10542709,10004032,13253096,13159755,2852,0,75214,1136498,2293,0,486,0,0,0,32804244,31596000,31477336,2116,153984
2018-05-15_11-13-30.157408688,1526375610.159394911,2018-05-15_11-13-30.163719934,1526375610.165603149,0.58,0.62,0.47,2924685525270,3944791188,1,13396724,16659580,17342696,13075323,10004032,13253096,13159755,2907,0,77150,1156727,2293,0,493,0,0,0,32804244,31595952,31476696,2116,153984
2018-05-15_11-14-00.211994216,1526375640.213971854,2018-05-15_11-14-00.218256843,1526375640.220096916,0.68,0.64,0.49,3001061487072,4075965282,1,16699160,16659580,17342696,13075323,10004032,13253096,13159755,2964,0,79061,1176917,2293,0,529,0,0,0,32804244,31609188,31490520,2116,153980
2018-05-15_11-14-30.266011199,1526375670.268915810,2018-05-15_11-14-30.274785030,1526375670.277317897,0.81,0.67,0.50,3078461542226,4172546088,1,16699160,16659580,17342696,13075323,12636393,13253096,13159755,3019,0,81105,1196923,2293,0,536,0,0,0,32804244,31609448,31490784,2116,153980
2018-05-15_11-15-00.331407367,1526375700.333828914,2018-05-15_11-15-00.340287906,1526375700.343799101,0.82,0.69,0.51,3156071027810,4282002654,1,16699160,16659580,17342696,13075323,12636395,13253096,13381815,3070,0,83124,1216900,2293,0,543,0,0,0,32804244,31609720,31491556,2116,153980
2018-05-15_11-15-30.401723983,1526375730.403751546,2018-05-15_11-15-30.408152736,1526375730.410100999,0.71,0.67,0.51,3234723123106,4396379520,1,16699160,16659580,20779935,13075323,12636395,13253096,13381845,3128,0,85095,1237091,2293,0,547,0,0,0,32804244,31608592,31489916,2116,153980
2018-05-15_11-16-00.458700033,1526375760.462098118,2018-05-15_11-16-00.468129609,1526375760.470800378,0.83,0.70,0.53,3311697980444,4491925146,1,16699160,16659580,20785569,13075323,12636395,15899970,13381845,3183,0,87132,1257109,2293,0,555,0,0,0,32804244,31609364,31490076,2116,153980
2018-05-15_11-16-30.536359457,1526375790.539186979,2018-05-15_11-16-30.544704952,1526375790.547397531,0.82,0.71,0.54,3388446399800,4583609112,1,16699160,16659580,20785569,13075323,12636395,18565033,13381845,3240,0,89167,1277129,2293,0,561,0,0,0,32804244,31608440,31489716,2116,153984
2018-05-15_11-17-00.605476785,1526375820.607826022,2018-05-15_11-17-00.612906323,1526375820.614897158,0.62,0.68,0.53,3461393342628,4691386998,1,16699160,16659580,24012671,13075323,12636395,18571697,13381845,3297,0,90981,1297590,2293,0,569,0,0,0,32804244,31607824,31489120,2116,153984
2018-05-15_11-17-30.663773194,1526375850.666471595,2018-05-15_11-17-30.672951031,1526375850.675660258,0.66,0.68,0.53,3538975252894,4786600284,1,16699160,16659580,24024790,13075323,12636395,18571697,13506622,3353,0,93007,1317654,2293,0,576,0,0,0,32804244,31608776,31490112,2116,153984
2018-05-15_11-18-00.745431838,1526375880.747895319,2018-05-15_11-18-00.755136186,1526375880.758547102,0.80,0.71,0.55,3611400402398,4874517750,1,16699160,16659580,24024790,13075323,15119161,18571697,13507109,3406,0,94920,1337900,2293,0,588,0,0,0,32804244,31609312,31490656,2116,153984
2018-05-15_11-18-30.820532319,1526375910.822430311,2018-05-15_11-18-30.829418948,1526375910.832176526,0.77,0.70,0.55,3688802770798,4988344056,1,20026354,16659580,24024790,13075323,15130437,18571697,13507109,3464,0,96866,1358152,2293,0,615,0,0,0,32804244,31608996,31490240,2116,153984
2018-05-15_11-19-00.886599857,1526375940.889408393,2018-05-15_11-19-00.895212227,1526375940.897932329,0.68,0.69,0.55,3766476164036,5085280782,1,20045014,16659580,24024790,15727838,15130437,18571697,13507109,3519,0,98949,1378125,2293,0,629,0,0,0,32804244,31597188,31478248,2116,153992
2018-05-15_11-19-30.951138335,1526375970.954293150,2018-05-15_11-19-30.961694630,1526375970.964155165,0.75,0.70,0.56,3843916757860,5178863388,1,20045014,16659580,24024790,15743914,15130437,18571697,15981019,3570,0,101009,1398163,2293,0,638,0,0,0,32804244,31597740,31478524,2116,153992
2018-05-15_11-20-01.028007947,1526376001.029998806,2018-05-15_11-20-01.034864771,1526376001.036769624,0.60,0.67,0.55,3921112008676,5313425814,1,20045014,19895098,24024790,15743914,15130437,18571697,15996830,3630,0,102884,1418423,2293,0,653,0,0,0,32804244,31597284,31478624,2116,153996
2018-05-15_11-20-31.088952948,1526376031.091304376,2018-05-15_11-20-31.095725245,1526376031.097831637,0.62,0.67,0.56,3994372926612,5421589620,1,23194463,19919769,24024790,15743914,15130437,18571697,15996830,3688,0,104708,1438864,2293,0,687,0,0,0,32804244,31596812,31478148,2116,154004
2018-05-15_11-21-01.166794185,1526376061.169896155,2018-05-15_11-21-01.175866192,1526376061.178280085,0.74,0.69,0.57,4071763544318,5536420686,1,23221710,19919769,24024790,18329774,15130437,18571697,15996830,3745,0,106814,1458750,2293,0,696,0,0,0,32804244,31597360,31478704,2116,154004
2018-05-15_11-21-31.237472170,1526376091.239372393,2018-05-15_11-21-31.246025831,1526376091.249206651,0.63,0.67,0.57,4143775865992,5639769192,1,23221710,19919769,24024790,18352337,15130437,18571697,18387878,3801,0,108739,1478956,2293,0,706,0,0,0,32804244,31597168,31478768,2116,154008
2018-05-15_11-22-01.308772962,1526376121.310819118,2018-05-15_11-22-01.314942249,1526376121.316989586,0.62,0.67,0.57,4220949722690,5752676718,1,23221710,23286883,24024790,18352337,15130437,18571697,18409333,3862,0,110653,1499213,2293,0,717,0,0,0,32804244,31609440,31490452,2116,154000
2018-05-15_11-22-31.367731854,1526376151.371222304,2018-05-15_11-22-31.378261382,1526376151.381022486,0.72,0.68,0.58,4297601896144,5844739164,1,23221710,23321614,24024790,18352337,15130437,21207531,18409333,3914,0,112635,1519235,2293,0,722,0,0,0,32804244,31607700,31488984,2116,154000
2018-05-15_11-23-01.442171952,1526376181.444952594,2018-05-15_11-23-01.449760284,1526376181.451588519,0.71,0.68,0.58,4376154671552,5958350130,1,23221710,23321614,27429587,18352337,15130437,21235578,18409333,3972,0,114549,1539428,2293,0,733,0,0,0,32804244,31608396,31489716,2116,154000
2018-05-15_11-23-31.500436171,1526376211.504126623,2018-05-15_11-23-31.509786939,1526376211.512179857,0.71,0.68,0.59,4453816426334,6067685796,1,23221710,23321614,27469951,18352337,15130437,21235578,18623894,4031,0,116560,1559413,2293,0,740,0,0,0,32804244,31609212,31490816,2116,154000
2018-05-15_11-24-01.574440475,1526376241.577301855,2018-05-15_11-24-01.585213978,1526376241.587253391,0.77,0.70,0.60,4531091652506,6160480302,1,23221710,23321614,27469951,18352337,17741648,21235578,18626425,4089,0,118568,1579409,2293,0,753,0,0,0,32804244,31609464,31490516,2116,154004
2018-05-15_11-24-31.647195837,1526376271.649305942,2018-05-15_11-24-31.655147881,1526376271.657994470,0.79,0.71,0.60,4607621011894,6252347268,1,23221710,23321614,27469951,20971004,17775384,21235578,18626425,4144,0,120604,1599445,2293,0,763,0,0,0,32804244,31609848,31491128,2116,154004
2018-05-15_11-25-01.720253378,1526376301.722795672,2018-05-15_11-25-01.729959587,1526376301.732159960,0.70,0.69,0.60,4680505403062,6358646514,1,26357632,23321614,27469951,21006614,17775384,21235578,18626425,4210,0,122441,1619911,2293,0,797,0,0,0,32804244,31608836,31490444,2116,154004
2018-05-15_11-25-31.792490040,1526376331.794378741,2018-05-15_11-25-31.799271250,1526376331.801048328,0.69,0.69,0.60,4759191231416,6471958740,1,26402452,26702275,27469951,21006614,17775384,21235578,18626425,4270,0,124366,1640101,2293,0,808,0,0,0,32804244,31609108,31490192,2116,154004
2018-05-15_11-26-01.851943234,1526376361.854920520,2018-05-15_11-26-01.861857087,1526376361.864833811,0.62,0.67,0.59,4831297055336,6572885706,1,26402452,26753280,27469951,21006614,17775384,21235578,21017797,4323,0,126331,1660294,2293,0,820,0,0,0,32804244,31609264,31490028,2116,154004
2018-05-15_11-26-31.932698543,1526376391.935045998,2018-05-15_11-26-31.939624474,1526376391.942020638,0.70,0.69,0.60,4908618367192,6684674292,1,26402452,26753280,30813294,21006614,17775384,21235578,21053812,4383,0,128284,1680559,2293,0,828,0,0,0,32804244,31608488,31489288,2116,154004
2018-05-15_11-27-01.992968112,1526376421.995885250,2018-05-15_11-27-02.001497652,1526376422.003820411,0.82,0.72,0.61,4986051198102,6777770118,1,26402452,26753280,30868334,21006614,17775384,23884190,21053812,4445,0,130383,1700529,2293,0,840,0,0,0,32804244,31595068,31476420,2116,154012
2018-05-15_11-27-32.073178019,1526376452.076718689,2018-05-15_11-27-32.082414410,1526376452.085467404,0.89,0.74,0.62,5063647101576,6875231424,1,26402452,26753280,30868334,21006614,20379761,23927855,21053812,4499,0,132407,1720524,2293,0,852,0,0,0,32804244,31596604,31477716,2116,154016
2018-05-15_11-28-02.150036444,1526376482.152642384,2018-05-15_11-28-02.157996669,1526376482.160076822,0.91,0.77,0.64,5140936137816,6968354010,1,26402452,26753280,30868334,21006614,20424723,23927855,21177020,4554,0,134392,1740598,2293,0,866,0,0,0,32804244,31595972,31477316,2116,154016
2018-05-15_11-28-32.224878352,1526376512.226846859,2018-05-15_11-28-32.231161072,1526376512.233522381,0.77,0.74,0.63,5214025213978,7076102976,1,26402452,26753280,34025970,21006614,20424723,23927855,21179248,4618,0,136210,1761042,2293,0,879,0,0,0,32804244,31595864,31476748,2116,154020
2018-05-15_11-29-02.284610076,1526376542.287078394,2018-05-15_11-29-02.292669974,1526376542.295777290,0.85,0.77,0.64,5291391863684,7172848122,1,26402452,26753280,34085143,21006614,20424723,26558141,21179248,4673,0,138252,1781027,2293,0,887,0,0,0,32804244,31595348,31476692,2116,154020
2018-05-15_11-29-32.363554958,1526376572.365936034,2018-05-15_11-29-32.371860249,1526376572.374768167,0.80,0.76,0.64,5363867862892,7260828648,1,26402452,26753280,34085143,21006614,22882565,26607907,21179248,4730,0,140167,1801251,2293,0,901,0,0,0,32804244,31596704,31478100,2116,154020
2018-05-15_11-30-02.441002034,1526376602.443386626,2018-05-15_11-30-02.448147195,1526376602.451358330,0.72,0.75,0.64,5441333661582,7357240752,1,26402452,26753280,34085143,21006614,22930571,26607907,21312803,4782,0,142185,1821323,2293,0,916,0,0,0,32804244,31608408,31489780,2116,154024
2018-05-15_11-30-32.516505967,1526376632.518958842,2018-05-15_11-30-32.524347855,1526376632.527138282,0.77,0.76,0.65,5518411400094,7453479138,1,26402452,26753280,34085143,23596314,22930571,26607907,21315445,4834,0,144222,1841345,2293,0,926,0,0,0,32804244,31608540,31489924,2116,154024
2018-05-15_11-31-02.585864637,1526376662.587685890,2018-05-15_11-31-02.592990097,1526376662.596533381,0.79,0.76,0.66,5597011789720,7568100924,1,29737980,26753280,34085143,23649791,22930571,26607907,21315445,4897,0,146170,1861524,2293,0,960,0,0,0,32804244,31608592,31490180,2116,154028
2018-05-15_11-31-32.658640646,1526376692.661167392,2018-05-15_11-31-32.665476875,1526376692.667237021,0.73,0.75,0.66,5675704551550,7683130290,1,29810253,30117938,34085143,23649791,22930571,26607907,21315445,4958,0,148132,1881708,2293,0,974,0,0,0,32804244,31608556,31490252,2116,154028
2018-05-15_11-32-02.715929400,1526376722.718308845,2018-05-15_11-32-02.723346899,1526376722.725762941,0.78,0.76,0.66,5752826313938,7774815216,1,29810253,30192819,34085143,23649791,22930571,26607907,23788530,5013,0,150165,1901756,2293,0,984,0,0,0,32804244,31608028,31489324,2116,154028
2018-05-15_11-32-32.789222217,1526376752.791974406,2018-05-15_11-32-32.797897251,1526376752.800856102,0.79,0.77,0.67,5829983324490,7868327742,1,29810253,30192819,34085143,23649791,22930571,26607907,26302594,5068,0,152209,1921816,2293,0,991,0,0,0,32804244,31608068,31489428,2116,154028
2018-05-15_11-33-02.873226503,1526376782.876493681,2018-05-15_11-33-02.880791055,1526376782.882696231,0.74,0.76,0.67,5902925821414,7973903568,1,29810253,33330518,34085143,23649791,22930571,26607907,26358077,5127,0,154055,1942273,2293,0,1004,0,0,0,32804244,31608020,31488568,2116,154028
2018-05-15_11-33-32.933076802,1526376812.934915549,2018-05-15_11-33-32.941231884,1526376812.945429787,0.72,0.75,0.67,5981434418346,8088742014,1,33129317,33406101,34085143,23649791,22930571,26607907,26358077,5189,0,155986,1962460,2293,0,1041,0,0,0,32804244,31608092,31489200,2116,154028
2018-05-15_11-34-03.008400638,1526376843.010702606,2018-05-15_11-34-03.015234764,1526376843.017683922,0.70,0.74,0.67,6053740736304,8195053320,1,33213029,33406101,34085143,26116559,22930571,26607907,26358077,5242,0,157907,1982622,2293,0,1050,0,0,0,32804244,31608656,31490340,2116,154028
2018-05-15_11-34-33.078239364,1526376873.080950516,2018-05-15_11-34-33.087108472,1526376873.090031061,0.48,0.69,0.66,6130822870866,8288789406,1,33213029,33406101,34085143,26179040,22930571,26607907,26484791,5295,0,159893,2002705,2293,0,1059,0,0,0,32804244,31607892,31489556,2116,154028
2018-05-15_11-35-03.156702161,1526376903.159939104,2018-05-15_11-35-03.166865344,1526376903.169452000,0.69,0.72,0.67,6208165846646,8385232032,1,33213029,33406101,34085143,26179040,25501788,26607907,26487895,5352,0,161925,2022699,2293,0,1075,0,0,0,32804244,31596064,31477204,2116,154036
2018-05-15_11-35-33.239594811,1526376933.242496553,2018-05-15_11-35-33.249583037,1526376933.251859194,0.69,0.71,0.67,6285439330264,8496858438,1,33213029,33406101,34085143,26179040,25568952,29199724,26487895,5407,0,164009,2042596,2293,0,1081,0,0,0,32804244,31595588,31476992,2116,154036
2018-05-15_11-36-03.319505655,1526376963.322142514,2018-05-15_11-36-03.326726178,1526376963.328696576,0.61,0.69,0.67,6362825337926,8609814864,1,33213029,33406101,37389397,26179040,25568952,29267575,26487895,5474,0,165954,2062829,2293,0,1096,0,0,0,32804244,31595988,31476820,2116,154040
2018-05-15_11-36-33.378218562,1526376993.381491936,2018-05-15_11-36-33.386776201,1526376993.389730991,0.44,0.64,0.65,6435382170032,8703064110,1,33213029,33406101,37480201,26179040,25568952,29267575,26655356,5526,0,167841,2083107,2293,0,1106,0,0,0,32804244,31595216,31476312,2116,154040
2018-05-15_11-37-03.451535888,1526377023.454846487,2018-05-15_11-37-03.460921596,1526377023.463215259,0.46,0.63,0.65,6512618149294,8799673176,1,33213029,33406101,37480201,26179040,28134766,29267575,26659976,5578,0,169879,2103105,2293,0,1122,0,0,0,32804244,31595524,31476948,2116,154044
2018-05-15_11-37-33.534103610,1526377053.536868086,2018-05-15_11-37-33.543224255,1526377053.546071558,0.55,0.63,0.65,6584793600300,8886957942,1,33213029,33406101,37480201,26179040,28207805,31732218,26659976,5631,0,171803,2123333,2293,0,1132,0,0,0,32804244,31595208,31476040,2116,154044
2018-05-15_11-38-03.607099844,1526377083.609762569,2018-05-15_11-38-03.613935807,1526377083.615832907,0.73,0.67,0.66,6661990586168,8997638448,1,33213029,33406101,40775265,26179040,28207805,31802663,26659976,5688,0,173732,2143581,2293,0,1144,0,0,0,32804244,31608408,31489480,2116,154036
2018-05-15_11-38-33.665010972,1526377113.667674844,2018-05-15_11-38-33.672030127,1526377113.673813546,0.78,0.68,0.67,6739185652328,9092119914,1,33213029,33406101,40873298,26179040,28207805,31802663,29085065,5741,0,175756,2163638,2293,0,1152,0,0,0,32804244,31607472,31489096,2116,154040
2018-05-15_11-39-03.741526483,1526377143.743428483,2018-05-15_11-39-03.747445083,1526377143.749212303,0.67,0.67,0.66,6817367958746,9228866640,1,33213029,36628171,40873298,26179040,28207805,31802663,29157979,5802,0,177655,2183839,2293,0,1163,0,0,0,32804244,31609424,31490824,2116,154040
2018-05-15_11-39-33.800426741,1526377173.802564557,2018-05-15_11-39-33.807655014,1526377173.809404782,0.80,0.70,0.67,6895928158960,9345855726,1,36502843,36729567,40873298,26179040,28207805,31802663,29157979,5859,0,179613,2204026,2293,0,1194,0,0,0,32804244,31608992,31490652,2116,154040
2018-05-15_11-40-03.868880070,1526377203.871300010,2018-05-15_11-40-03.877167340,1526377203.879788942,0.83,0.71,0.68,6972639353244,9437502252,1,36609900,36729567,40873298,28720873,28207805,31802663,29157979,5917,0,181642,2224037,2293,0,1207,0,0,0,32804244,31608224,31489592,2116,154044
2018-05-15_11-40-33.938697508,1526377233.940727931,2018-05-15_11-40-33.946420460,1526377233.949686267,0.71,0.69,0.68,7048838712932,9529048458,1,36609900,36729567,40873298,28805174,30741912,31802663,29157979,5971,0,183649,2244085,2293,0,1217,0,0,0,32804244,31608512,31489596,2116,154044
2018-05-15_11-41-04.017263044,1526377264.020058261,2018-05-15_11-41-04.027122086,1526377264.029903886,0.76,0.70,0.68,7121118530558,9621249984,1,36609900,36729567,40873298,28805174,30826771,31802663,29323097,6024,0,185542,2264377,2293,0,1228,0,0,0,32804244,31608084,31490020,2116,154044
2018-05-15_11-41-34.091335701,1526377294.093175156,2018-05-15_11-41-34.097786948,1526377294.100293347,0.67,0.69,0.68,7199452038840,9736011270,1,36609900,36729567,44205202,28805174,30826771,31802663,29328672,6085,0,187530,2284564,2293,0,1236,0,0,0,32804244,31607576,31489224,2116,154044
2018-05-15_11-42-04.150111345,1526377324.152616965,2018-05-15_11-42-04.159344198,1526377324.161372316,0.73,0.70,0.68,7271844534178,9826883256,1,36609900,36729567,44320760,28805174,30826771,34217607,29328672,6137,0,189441,2304789,2293,0,1242,0,0,0,32804244,31608560,31490224,2116,154044
2018-05-15_11-42-34.221771292,1526377354.223690393,2018-05-15_11-42-34.227990554,1526377354.229937637,0.52,0.65,0.67,7348954816692,9938955882,1,36609900,40008533,44320760,28805174,30826771,34303814,29328672,6197,0,191383,2325041,2293,0,1251,0,0,0,32804244,31608936,31489992,2116,154044
2018-05-15_11-43-04.281239008,1526377384.284173291,2018-05-15_11-43-04.292017441,1526377384.294865862,0.71,0.68,0.68,7426528673880,10031069808,1,36609900,40128449,44320760,28805174,30826771,34303814,31752809,6253,0,193422,2345062,2293,0,1262,0,0,0,32804244,31596116,31477196,2116,154056
2018-05-15_11-43-34.357622928,1526377414.360147021,2018-05-15_11-43-34.366930881,1526377414.370027769,0.69,0.68,0.68,7504101191942,10127810574,1,36609900,40128449,44320760,31384324,30826771,34303814,31842281,6312,0,195499,2365045,2293,0,1272,0,0,0,32804244,31598208,31479320,2116,154056
2018-05-15_11-44-04.427579032,1526377444.430278498,2018-05-15_11-44-04.434382516,1526377444.436115404,0.49,0.63,0.66,7581389688200,10238965140,1,39848844,40128449,44320760,31481448,30826771,34303814,31842281,6376,0,197444,2385272,2293,0,1305,0,0,0,32804244,31597940,31479044,2116,154060
2018-05-15_11-44-34.492419612,1526377474.494747180,2018-05-15_11-44-34.499097403,1526377474.501260088,0.50,0.62,0.66,7654716460914,10367648526,1,39974859,43103459,44320760,31481448,30826771,34303814,31842281,6433,0,199229,2405703,2293,0,1318,0,0,0,32804244,31597076,31478184,2116,154060
2018-05-15_11-45-04.551226660,1526377504.553922677,2018-05-15_11-45-04.559360495,1526377504.561442577,0.64,0.64,0.67,7731723047870,10462385772,1,39974859,43221631,44320760,31481448,30826771,34303814,34248242,6487,0,201253,2425760,2293,0,1330,0,0,0,32804244,31595636,31476752,2116,154060
2018-05-15_11-45-34.629236382,1526377534.632150479,2018-05-15_11-45-34.637700210,1526377534.640433368,0.58,0.63,0.66,7803885064350,10552743078,1,39974859,43221631,44320760,33887974,30826771,34303814,34343993,6538,0,203168,2446003,2293,0,1341,0,0,0,32804244,31597160,31478248,2116,154068
