StartTime,StartEpoch,EndTime,EndEpoch,CPULoad1m,CPULoad5m,CPULoad5m,NetDevRX,NetDevTX,IRQens2-0,IRQens2-1,IRQens2-2,IRQens2-3,IRQens2-4,IRQens2-5,IRQens2-6,IRQens2-7,user,nice,system,idle,iowait,irq,softirq,steal,guest,guest_nice,MemTotal,MemFree,MemAvailable,Buffers,Cached
2018-05-13_16-31-59.259763239,1526221919.261475355,2018-05-13_16-31-59.265228078,1526221919.266896399,0.47,0.76,0.86,152268,131748,869,277,394,281,227,231,288,202,340965,0,2635,3510369,2511,0,5,0,0,0,32804244,31798160,31687756,2116,170292
2018-05-13_16-32-29.308661727,1526221949.310399484,2018-05-13_16-32-29.314255382,1526221949.315939541,0.68,0.79,0.86,153652,132952,895,277,394,281,227,231,288,202,343967,0,2643,3531395,2511,0,5,0,0,0,32804244,31786268,31675552,2116,170304
2018-05-13_16-32-59.357728592,1526221979.359424992,2018-05-13_16-32-59.363158884,1526221979.364833635,0.81,0.81,0.87,154976,134096,907,277,394,281,239,231,288,202,346967,0,2648,3552426,2511,0,5,0,0,0,32804244,31786588,31676188,2116,170304
2018-05-13_16-33-29.406449310,1526222009.408180012,2018-05-13_16-33-29.411936725,1526222009.413610538,0.88,0.83,0.87,154976,134096,907,277,394,281,239,231,288,202,349976,0,2655,3573445,2511,0,5,0,0,0,32804244,31786348,31675952,2116,170308
2018-05-13_16-33-59.455668366,1526222039.457414595,2018-05-13_16-33-59.461281760,1526222039.462977421,0.93,0.84,0.87,156300,135240,915,277,394,281,255,231,288,202,352978,0,2662,3594472,2511,0,5,0,0,0,32804244,31786528,31676132,2116,170308
2018-05-13_16-34-29.505117009,1526222069.506821353,2018-05-13_16-34-29.510549238,1526222069.512220536,0.90,0.84,0.87,157624,136384,923,277,394,281,259,231,288,214,355979,0,2668,3615501,2511,0,5,0,0,0,32804244,31786716,31676320,2116,170308
2018-05-13_16-34-59.554042908,1526222099.555781497,2018-05-13_16-34-59.559636713,1526222099.561318289,0.94,0.86,0.87,158948,137528,931,277,395,281,259,231,288,230,358982,0,2675,3636528,2511,0,5,0,0,0,32804244,31786392,31676000,2116,170312
2018-05-13_16-35-29.603225686,1526222129.604952993,2018-05-13_16-35-29.608698707,1526222129.610372527,0.96,0.87,0.88,160272,138672,933,277,396,298,259,231,288,234,361982,0,2683,3657556,2511,0,5,0,0,0,32804244,31799484,31689088,2116,170304
2018-05-13_16-35-59.652215074,1526222159.653910420,2018-05-13_16-35-59.657622509,1526222159.659300404,0.98,0.88,0.88,161596,139816,935,277,397,320,259,231,288,234,364982,0,2688,3678587,2511,0,5,0,0,0,32804244,31799452,31689056,2116,170304
2018-05-13_16-36-29.700877923,1526222189.702573035,2018-05-13_16-36-29.706280159,1526222189.707940328,0.93,0.88,0.88,162920,140960,942,277,397,325,259,243,288,234,367983,0,2693,3699616,2511,0,5,0,0,0,32804244,31799472,31689076,2116,170304
2018-05-13_16-36-59.749605781,1526222219.751322891,2018-05-13_16-36-59.755060104,1526222219.756722647,0.96,0.89,0.88,164244,142104,949,277,398,325,259,259,288,234,370983,0,2700,3720647,2511,0,5,0,0,0,32804244,31799136,31688740,2116,170304
2018-05-13_16-37-29.798419678,1526222249.800120784,2018-05-13_16-37-29.803834208,1526222249.805486141,0.92,0.88,0.88,165568,143248,952,293,398,325,259,263,288,234,373984,0,2705,3741677,2511,0,5,0,0,0,32804244,31799464,31689068,2116,170304
2018-05-13_16-37-59.847251596,1526222279.848960312,2018-05-13_16-37-59.852692687,1526222279.854364721,0.95,0.90,0.88,166892,144392,954,313,398,326,259,263,288,234,376984,0,2710,3762708,2511,0,5,0,0,0,32804244,31799476,31689080,2116,170304
2018-05-13_16-38-29.896261777,1526222309.897970735,2018-05-13_16-38-29.901692033,1526222309.903363233,0.91,0.89,0.88,168216,145536,973,318,399,326,259,263,288,234,379985,0,2715,3783737,2511,0,5,0,0,0,32804244,31798944,31688808,2116,170304
2018-05-13_16-38-59.945015862,1526222339.946695536,2018-05-13_16-38-59.950413714,1526222339.952081608,0.89,0.89,0.88,169540,146680,995,319,400,326,259,263,288,234,382986,0,2720,3804768,2511,0,5,0,0,0,32804244,31799616,31689220,2116,170304
2018-05-13_16-39-29.993763456,1526222369.995463932,2018-05-13_16-39-29.999179737,1526222370.000842185,0.93,0.90,0.88,170864,147824,1006,319,401,326,271,263,288,234,385986,0,2726,3825798,2511,0,5,0,0,0,32804244,31799716,31689320,2116,170304
2018-05-13_16-40-00.042404786,1526222400.044109401,2018-05-13_16-40-00.047840964,1526222400.049503906,0.96,0.91,0.88,172188,148968,1013,319,401,326,288,263,288,234,388986,0,2730,3846829,2511,0,5,0,0,0,32804244,31799712,31689320,2116,170308
2018-05-13_16-40-30.091355349,1526222430.093112552,2018-05-13_16-40-30.096987463,1526222430.098668167,0.98,0.92,0.88,173512,150112,1015,319,418,326,292,263,288,234,391991,0,2739,3867852,2511,0,5,0,0,0,32804244,31787064,31676688,2116,170324
2018-05-13_16-41-00.140633012,1526222460.142335849,2018-05-13_16-41-00.146068643,1526222460.147729758,0.99,0.92,0.89,174836,151256,1017,319,440,326,292,263,288,234,394992,0,2744,3888883,2511,0,5,0,0,0,32804244,31786420,31675968,2116,170328
2018-05-13_16-41-30.189523169,1526222490.191256771,2018-05-13_16-41-30.195019612,1526222490.196690075,0.99,0.93,0.89,176160,152400,1024,319,443,326,292,263,300,234,397994,0,2752,3909908,2511,0,5,0,0,0,32804244,31786292,31675920,2116,170328
2018-05-13_16-42-00.238863971,1526222520.240707909,2018-05-13_16-42-00.244593673,1526222520.246291039,0.99,0.94,0.89,177484,153544,1031,319,444,326,292,263,315,234,400996,0,2759,3930935,2511,0,5,0,0,0,32804244,31786660,31676288,2116,170332
2018-05-13_16-42-30.288163412,1526222550.289887386,2018-05-13_16-42-30.293619177,1526222550.295329945,1.00,0.94,0.90,178808,154688,1039,319,444,326,292,275,318,234,403997,0,2765,3951964,2511,0,6,0,0,0,32804244,31785928,31675556,2116,170332
2018-05-13_16-43-00.337495149,1526222580.339237439,2018-05-13_16-43-00.343086110,1526222580.344795913,1.00,0.95,0.90,180132,155832,1047,319,444,326,292,291,318,234,407000,0,2771,3972991,2511,0,6,0,0,0,32804244,31786544,31676172,2116,170332
2018-05-13_16-43-30.386707594,1526222610.388442610,2018-05-13_16-43-30.392230200,1526222610.393908620,1.00,0.95,0.90,181456,156976,1050,335,444,326,292,294,318,234,410000,0,2778,3994019,2511,0,6,0,0,0,32804244,31799332,31689220,2116,170328
2018-05-13_16-44-00.435632629,1526222640.437360321,2018-05-13_16-44-00.441075634,1526222640.442742070,1.00,0.96,0.90,182780,158120,1052,356,445,326,292,294,318,234,413001,0,2782,4015050,2511,0,6,0,0,0,32804244,31799220,31688848,2116,170328
2018-05-13_16-44-30.484388926,1526222670.486099496,2018-05-13_16-44-30.489819912,1526222670.491488159,1.00,0.96,0.91,184104,159264,1059,360,446,326,292,294,318,246,416001,0,2788,4036079,2511,0,6,0,0,0,32804244,31799388,31689016,2116,170328
2018-05-13_16-45-00.533009485,1526222700.534703997,2018-05-13_16-45-00.538430282,1526222700.540114736,0.94,0.95,0.91,185428,160408,1066,360,447,326,292,294,318,262,419002,0,2793,4057111,2511,0,6,0,0,0,32804244,31799756,31689644,2116,170328
2018-05-13_16-45-30.581847842,1526222730.583552871,2018-05-13_16-45-30.587270650,1526222730.588948023,0.96,0.96,0.91,186752,161552,1069,360,447,344,292,294,318,266,422002,0,2799,4078140,2511,0,6,0,0,0,32804244,31799452,31689080,2116,170328
2018-05-13_16-46-00.630464436,1526222760.632164047,2018-05-13_16-46-00.635910255,1526222760.637575739,0.98,0.96,0.91,188076,162696,1071,360,448,365,292,294,318,266,425002,0,2803,4099171,2511,0,6,0,0,0,32804244,31799888,31689516,2116,170328
2018-05-13_16-46-30.679098381,1526222790.680816020,2018-05-13_16-46-30.684549302,1526222790.686225144,0.99,0.96,0.91,189400,163840,1078,360,448,370,292,294,318,278,428003,0,2810,4120200,2511,0,6,0,0,0,32804244,31800016,31689360,2116,170328
2018-05-13_16-47-00.727761736,1526222820.729464075,2018-05-13_16-47-00.733185816,1526222820.734864034,0.93,0.95,0.91,190724,164984,1085,360,449,370,292,294,318,293,431003,0,2815,4141231,2511,0,6,0,0,0,32804244,31799448,31689076,2116,170328
2018-05-13_16-47-30.776598979,1526222850.778305202,2018-05-13_16-47-30.782029396,1526222850.783700901,0.90,0.94,0.91,192048,166128,1088,360,449,386,292,294,318,296,434003,0,2821,4162261,2511,0,6,0,0,0,32804244,31799688,31689316,2116,170328
2018-05-13_16-48-00.825354831,1526222880.827083492,2018-05-13_16-48-00.830818574,1526222880.832494600,0.94,0.95,0.91,193372,167272,1090,360,450,406,292,294,318,296,437003,0,2826,4183292,2511,0,6,0,0,0,32804244,31799872,31689500,2116,170328
2018-05-13_16-48-30.874560202,1526222910.876319282,2018-05-13_16-48-30.880192604,1526222910.881881023,0.96,0.95,0.91,194696,168416,1097,360,450,411,292,306,318,296,440005,0,2834,4204318,2511,0,6,0,0,0,32804244,31786844,31676492,2116,170336
2018-05-13_16-49-00.923963395,1526222940.925663953,2018-05-13_16-49-00.929400812,1526222940.931083811,0.98,0.96,0.92,196020,169560,1105,360,450,411,292,322,318,296,443005,0,2839,4225349,2511,0,6,0,0,0,32804244,31786940,31676588,2116,170340
2018-05-13_16-49-30.972991574,1526222970.974722590,2018-05-13_16-49-30.978537197,1526222970.980220203,0.93,0.94,0.92,197344,170704,1108,378,450,411,292,326,318,296,446010,0,2846,4246374,2511,0,6,0,0,0,32804244,31786320,31675664,2116,170344
2018-05-13_16-50-01.022403421,1526223001.024391917,2018-05-13_16-50-01.028312926,1526223001.030018290,0.90,0.93,0.91,198668,171848,1110,401,450,411,292,326,318,296,449012,0,2853,4267401,2511,0,6,0,0,0,32804244,31785176,31674828,2116,170344
2018-05-13_16-50-31.072247550,1526223031.073976448,2018-05-13_16-50-31.077741327,1526223031.079430108,0.94,0.94,0.92,199992,172992,1112,405,467,412,292,326,318,296,452014,0,2860,4288427,2511,0,6,0,0,0,32804244,31786116,31675780,2116,170352
2018-05-13_16-51-01.121569581,1526223061.123320802,2018-05-13_16-51-01.127185119,1526223061.128891835,0.96,0.95,0.92,201316,174136,1114,405,489,412,292,326,318,296,455017,0,2868,4309454,2511,0,6,0,0,0,32804244,31786052,31675716,2116,170356
2018-05-13_16-51-31.171096300,1526223091.172835542,2018-05-13_16-51-31.176630309,1526223091.178327751,0.98,0.95,0.92,202640,175280,1121,405,494,412,292,326,330,296,458018,0,2874,4330483,2511,0,6,0,0,0,32804244,31799172,31689096,2116,170348
2018-05-13_16-52-01.220404872,1526223121.222122429,2018-05-13_16-52-01.225880180,1526223121.227576426,0.99,0.96,0.92,203964,176424,1128,405,494,412,292,326,347,296,461019,0,2878,4351514,2511,0,6,0,0,0,32804244,31799736,31689400,2116,170348
2018-05-13_16-52-31.269570287,1526223151.271313514,2018-05-13_16-52-31.275143569,1526223151.276837486,0.99,0.96,0.93,205288,177568,1147,405,494,412,292,326,351,296,464019,0,2885,4372543,2511,0,6,0,0,0,32804244,31798184,31687848,2116,170348
2018-05-13_16-53-01.319163665,1526223181.320883788,2018-05-13_16-53-01.324640648,1526223181.326323340,0.99,0.96,0.93,206612,178712,1171,405,494,412,292,326,351,296,467020,0,2890,4393575,2511,0,6,0,0,0,32804244,31798580,31688504,2116,170348
2018-05-13_16-53-31.368214734,1526223211.369931933,2018-05-13_16-53-31.373676080,1526223211.375354857,1.00,0.97,0.93,207936,179856,1182,406,494,412,304,326,351,296,470021,0,2896,4414604,2511,0,6,0,0,0,32804244,31798468,31688132,2116,170348
2018-05-13_16-54-01.417279108,1526223241.418992841,2018-05-13_16-54-01.422743914,1526223241.424433011,1.06,0.99,0.94,209260,181000,1190,406,494,412,320,326,351,296,473022,0,2900,4435635,2511,0,6,0,0,0,32804244,31798548,31688212,2116,170348
2018-05-13_16-54-31.466306158,1526223271.468038487,2018-05-13_16-54-31.471805552,1526223271.473486747,1.04,0.99,0.94,210584,182144,1198,406,494,412,324,338,351,296,476022,0,2906,4456665,2511,0,6,0,0,0,32804244,31798960,31688624,2116,170348
2018-05-13_16-55-01.515337154,1526223301.517043827,2018-05-13_16-55-01.520794891,1526223301.522469918,1.02,0.99,0.95,211908,183288,1206,406,494,412,324,354,351,296,479022,0,2910,4477696,2511,0,6,0,0,0,32804244,31798556,31688480,2116,170348
2018-05-13_16-55-31.564401602,1526223331.566116245,2018-05-13_16-55-31.569883231,1526223331.571551838,0.95,0.97,0.95,213232,184432,1208,423,494,413,324,358,351,296,482022,0,2916,4498726,2511,0,6,0,0,0,32804244,31799040,31688704,2116,170348
2018-05-13_16-56-01.613357068,1526223361.615070703,2018-05-13_16-56-01.618801584,1526223361.620472664,0.90,0.96,0.94,214556,185576,1210,445,494,413,324,358,351,296,485022,0,2921,4519757,2511,0,6,0,0,0,32804244,31799328,31688728,2116,170348
2018-05-13_16-56-31.662373033,1526223391.664121424,2018-05-13_16-56-31.667989912,1526223391.669665454,0.88,0.94,0.94,215880,186720,1217,449,494,414,324,358,351,308,488026,0,2928,4540783,2511,0,6,0,0,0,32804244,31786540,31676464,2116,170360
2018-05-13_16-57-01.711646272,1526223421.713351598,2018-05-13_16-57-01.717101470,1526223421.718777260,0.93,0.95,0.94,217204,187864,1224,449,495,414,324,358,351,323,491026,0,2932,4561814,2511,0,6,0,0,0,32804244,31786768,31676436,2116,170360
2018-05-13_16-57-31.760655206,1526223451.762393283,2018-05-13_16-57-31.766168454,1526223451.767854731,0.95,0.96,0.95,218528,189008,1226,449,496,430,324,358,351,326,494028,0,2941,4582839,2511,0,6,0,0,0,32804244,31786516,31676184,2116,170364
2018-05-13_16-58-01.809950640,1526223481.811709575,2018-05-13_16-58-01.815568569,1526223481.817272762,0.97,0.96,0.95,219852,190152,1228,449,496,451,324,358,351,326,497031,0,2947,4603865,2511,0,6,0,0,0,32804244,31785360,31675032,2116,170368
2018-05-13_16-58-31.859380415,1526223511.861097966,2018-05-13_16-58-31.864862462,1526223511.866543793,0.98,0.96,0.95,221176,191296,1247,449,497,455,324,358,351,326,500032,0,2953,4624895,2511,0,6,0,0,0,32804244,31785784,31675420,2116,170368
2018-05-13_16-59-01.908630240,1526223541.910381463,2018-05-13_16-59-01.914222628,1526223541.915912553,1.06,0.98,0.96,222500,192440,1269,449,497,455,324,358,351,326,503034,0,2960,4645922,2511,0,6,0,0,0,32804244,31785856,31675528,2116,170372
2018-05-13_16-59-31.957967678,1526223571.959698789,2018-05-13_16-59-31.963488750,1526223571.965173607,1.04,0.98,0.96,223824,193584,1281,449,497,455,336,358,351,326,506036,0,2967,4666950,2511,0,6,0,0,0,32804244,31799248,31688920,2116,170364
2018-05-13_17-00-02.007145167,1526223602.008866505,2018-05-13_17-00-02.012656600,1526223602.014346098,1.02,0.99,0.96,225148,194728,1287,449,498,455,353,358,351,326,509037,0,2973,4687979,2511,0,7,0,0,0,32804244,31798380,31688052,2116,170364
2018-05-13_17-00-32.056379325,1526223632.058098097,2018-05-13_17-00-32.061876036,1526223632.063554344,1.09,1.00,0.96,226472,195872,1290,449,514,455,356,358,351,326,512038,0,2979,4709009,2511,0,7,0,0,0,32804244,31799376,31689052,2116,170372
2018-05-13_17-01-02.105882859,1526223662.107584555,2018-05-13_17-01-02.111329374,1526223662.113016619,1.06,1.00,0.96,227796,197016,1292,449,537,455,356,358,351,326,515040,0,2986,4730037,2511,0,7,0,0,0,32804244,31798504,31688180,2116,170372
2018-05-13_17-01-32.154940497,1526223692.156638773,2018-05-13_17-01-32.160371894,1526223692.162040472,1.03,1.00,0.96,229120,198160,1299,449,542,455,356,358,363,326,518040,0,2992,4751067,2511,0,7,0,0,0,32804244,31799324,31689000,2116,170372
2018-05-13_17-02-02.203738806,1526223722.205437998,2018-05-13_17-02-02.209160037,1526223722.210836994,1.02,1.00,0.96,230444,199304,1305,449,543,455,356,358,380,326,521040,0,2997,4772098,2511,0,7,0,0,0,32804244,31798844,31688520,2116,170372
2018-05-13_17-02-32.252589666,1526223752.254312470,2018-05-13_17-02-32.258069796,1526223752.259747359,1.07,1.02,0.97,231768,200448,1312,449,544,455,356,358,396,326,524041,0,3003,4793127,2511,0,7,0,0,0,32804244,31799164,31688840,2116,170372
2018-05-13_17-03-02.301603912,1526223782.303307751,2018-05-13_17-03-02.307052960,1526223782.308721887,1.04,1.01,0.97,233092,201592,1320,449,544,455,356,358,412,326,527043,0,3008,4814158,2511,0,7,0,0,0,32804244,31799744,31689420,2116,170372
2018-05-13_17-03-32.350423006,1526223812.352408573,2018-05-13_17-03-32.356261778,1526223812.357961288,1.03,1.01,0.97,234416,202736,1323,449,560,455,356,358,416,326,530046,0,3014,4835188,2511,0,7,0,0,0,32804244,31798888,31688564,2116,170372
2018-05-13_17-04-02.399617949,1526223842.401396723,2018-05-13_17-04-02.405133532,1526223842.406815667,1.08,1.03,0.98,235740,203880,1325,449,581,455,356,358,416,326,533048,0,3020,4856219,2511,0,7,0,0,0,32804244,31798712,31688648,2116,170372
2018-05-13_17-04-32.448592807,1526223872.450393933,2018-05-13_17-04-32.454252131,1526223872.455951791,1.05,1.03,0.98,237064,205024,1332,449,586,455,368,358,416,326,536050,0,3028,4877245,2511,0,7,0,0,0,32804244,31786912,31676588,2116,170380
2018-05-13_17-05-02.498001785,1526223902.499695921,2018-05-13_17-05-02.503424304,1526223902.505094162,1.03,1.02,0.98,238388,206168,1340,449,586,455,384,358,416,326,539051,0,3032,4898276,2511,0,7,0,0,0,32804244,31786912,31676588,2116,170380
2018-05-13_17-05-32.546699788,1526223932.548430609,2018-05-13_17-05-32.552186522,1526223932.553869509,0.95,1.01,0.97,239712,207312,1360,450,586,455,388,358,416,326,542054,0,3040,4919301,2511,0,7,0,0,0,32804244,31787168,31677108,2116,170384
2018-05-13_17-06-02.595871702,1526223962.597609767,2018-05-13_17-06-02.601461881,1526223962.603160214,0.97,1.01,0.97,241036,208456,1385,451,586,455,388,358,416,326,545056,0,3047,4940327,2511,0,7,0,0,0,32804244,31786728,31676408,2116,170388
2018-05-13_17-06-32.645016496,1526223992.646733716,2018-05-13_17-06-32.650495932,1526223992.652172769,0.98,1.01,0.97,242360,209600,1392,451,586,473,388,358,416,326,548057,0,3053,4961357,2511,0,7,0,0,0,32804244,31786540,31676224,2116,170392
2018-05-13_17-07-02.694396560,1526224022.696148025,2018-05-13_17-07-02.700013489,1526224022.701695303,0.85,0.97,0.96,243684,210744,1394,451,587,495,388,358,416,326,551059,0,3060,4982383,2511,0,7,0,0,0,32804244,31785948,31675892,2116,170392
2018-05-13_17-07-32.743651524,1526224052.745377157,2018-05-13_17-07-32.749144666,1526224052.750824641,0.91,0.98,0.96,245008,211888,1401,451,588,499,388,358,416,338,554060,0,3066,5003412,2511,0,7,0,0,0,32804244,31799052,31688992,2116,170384
2018-05-13_17-08-02.792608853,1526224082.794378746,2018-05-13_17-08-02.798118693,1526224082.799800032,1.01,0.99,0.96,246332,213032,1410,451,588,499,388,358,416,354,557061,0,3071,5024443,2511,0,7,0,0,0,32804244,31799184,31688864,2116,170384
2018-05-13_17-08-32.841395375,1526224112.843118215,2018-05-13_17-08-32.846884760,1526224112.848556036,1.01,0.99,0.96,247656,214176,1413,467,588,499,388,358,416,358,560061,0,3077,5045472,2511,0,7,0,0,0,32804244,31799488,31689160,2116,170384
2018-05-13_17-09-02.890160241,1526224142.891864623,2018-05-13_17-09-02.895580921,1526224142.897252745,1.00,0.99,0.96,248980,215320,1415,488,589,499,388,358,416,358,563061,0,3082,5066503,2511,0,7,0,0,0,32804244,31799512,31689192,2116,170384
2018-05-13_17-09-32.938911487,1526224172.940616375,2018-05-13_17-09-32.944351134,1526224172.946030142,1.00,0.99,0.96,250304,216464,1422,492,590,499,388,370,416,358,566063,0,3088,5087533,2511,0,7,0,0,0,32804244,31799288,31688968,2116,170384
2018-05-13_17-10-02.987739130,1526224202.989467421,2018-05-13_17-10-02.993255937,1526224202.994937433,1.00,0.99,0.96,251628,217608,1429,492,591,499,388,385,416,358,569064,0,3094,5108561,2511,0,7,0,0,0,32804244,31798320,31688000,2116,170384
2018-05-13_17-10-33.036873940,1526224233.038590020,2018-05-13_17-10-33.042337667,1526224233.044010593,1.00,0.99,0.96,252952,218752,1436,492,592,499,400,389,416,358,572065,0,3100,5129591,2511,0,7,0,0,0,32804244,31799316,31689004,2116,170392
2018-05-13_17-11-03.085606122,1526224263.087316373,2018-05-13_17-11-03.091060498,1526224263.092730727,1.00,0.99,0.96,254276,219896,1444,492,592,499,417,389,416,358,575065,0,3105,5150622,2511,0,7,0,0,0,32804244,31799568,31689256,2116,170392
2018-05-13_17-11-33.134310848,1526224293.136027725,2018-05-13_17-11-33.139771843,1526224293.141458598,1.00,0.99,0.96,255600,221040,1464,492,592,499,421,389,416,358,578067,0,3111,5171651,2511,0,7,0,0,0,32804244,31799448,31689396,2116,170392
2018-05-13_17-12-03.183066749,1526224323.184761969,2018-05-13_17-12-03.188509759,1526224323.190191794,0.93,0.98,0.96,256924,222184,1488,493,592,499,421,389,416,358,581067,0,3116,5192682,2511,0,7,0,0,0,32804244,31799640,31689328,2116,170392
2018-05-13_17-12-33.231956112,1526224353.233697783,2018-05-13_17-12-33.237550099,1526224353.239235317,0.96,0.98,0.96,258248,223328,1499,494,592,499,421,389,428,358,584068,0,3124,5213708,2511,0,7,0,0,0,32804244,31786400,31676352,2116,170404
2018-05-13_17-13-03.281044002,1526224383.282732291,2018-05-13_17-13-03.286463187,1526224383.288137574,0.97,0.98,0.96,259572,224472,1507,494,592,499,421,389,443,358,587069,0,3129,5234739,2511,0,7,0,0,0,32804244,31786508,31676460,2116,170404
2018-05-13_17-13-33.329744716,1526224413.331477550,2018-05-13_17-13-33.335416082,1526224413.337303268,0.98,0.99,0.96,260896,225616,1509,494,609,499,421,389,446,358,590072,0,3137,5255764,2511,0,7,0,0,0,32804244,31785788,31675444,2116,170404
2018-05-13_17-14-03.379381263,1526224443.381144074,2018-05-13_17-14-03.385017217,1526224443.386699177,0.84,0.95,0.95,262220,226760,1511,494,630,499,421,389,446,358,593074,0,3144,5276790,2511,0,7,0,0,0,32804244,31785912,31675880,2116,170408
2018-05-13_17-14-33.428558584,1526224473.430279048,2018-05-13_17-14-33.434030270,1526224473.435699192,0.75,0.92,0.94,263544,227904,1513,510,634,499,421,389,446,358,596076,0,3150,5297820,2511,0,7,0,0,0,32804244,31786220,31675916,2116,170412
2018-05-13_17-15-03.477564805,1526224503.479311531,2018-05-13_17-15-03.483156509,1526224503.484849324,0.85,0.93,0.94,264868,229048,1515,530,635,499,421,389,446,358,599078,0,3157,5318846,2511,0,7,0,0,0,32804244,31786920,31676624,2116,170416
2018-05-13_17-15-33.526773399,1526224533.528493093,2018-05-13_17-15-33.532275576,1526224533.533957588,0.91,0.94,0.95,266192,230192,1522,534,636,499,421,401,446,358,602079,0,3163,5339875,2511,0,7,0,0,0,32804244,31799696,31689360,2116,170408
2018-05-13_17-16-03.575631639,1526224563.577341795,2018-05-13_17-16-03.581083238,1526224563.582745451,0.94,0.94,0.95,267516,231336,1529,534,637,499,421,416,446,358,605079,0,3168,5360906,2511,0,7,0,0,0,32804244,31799300,31689260,2116,170408
2018-05-13_17-16-33.624362021,1526224593.626088400,2018-05-13_17-16-33.629835760,1526224593.631503593,0.97,0.95,0.95,268840,232480,1532,534,637,516,421,420,446,358,608080,0,3174,5381935,2511,0,7,0,0,0,32804244,31799780,31689132,2116,170408
2018-05-13_17-17-03.673132673,1526224623.674831842,2018-05-13_17-17-03.678557872,1526224623.680228739,0.83,0.92,0.94,270164,233624,1533,534,637,539,421,420,446,358,611080,0,3178,5402966,2511,0,7,0,0,0,32804244,31799284,31688984,2116,170408
2018-05-13_17-17-33.721828629,1526224653.723545777,2018-05-13_17-17-33.727341380,1526224653.729019852,0.89,0.93,0.95,271488,234768,1540,534,638,543,421,420,446,370,614080,0,3185,5423995,2511,0,7,0,0,0,32804244,31799164,31688864,2116,170408
2018-05-13_17-18-03.770729857,1526224683.772436161,2018-05-13_17-18-03.776174683,1526224683.777851424,0.94,0.94,0.95,272812,235912,1547,534,639,543,421,420,446,386,617080,0,3190,5445026,2511,0,7,0,0,0,32804244,31799312,31689012,2116,170408
2018-05-13_17-18-33.820161444,1526224713.821881357,2018-05-13_17-18-33.825616228,1526224713.827281349,0.96,0.94,0.95,274136,237056,1549,535,639,560,421,420,446,390,620081,0,3196,5466056,2511,0,7,0,0,0,32804244,31799200,31688900,2116,170408
2018-05-13_17-19-03.868836012,1526224743.870519395,2018-05-13_17-19-03.874233991,1526224743.875904578,0.98,0.95,0.95,275460,238200,1551,535,639,579,421,420,446,390,623082,0,3201,5487087,2511,0,7,0,0,0,32804244,31799240,31688940,2116,170408
2018-05-13_17-19-33.917420894,1526224773.919140406,2018-05-13_17-19-33.922890884,1526224773.924562529,0.99,0.95,0.95,276784,239344,1558,535,640,583,421,420,446,402,626082,0,3207,5508116,2511,0,7,0,0,0,32804244,31799400,31689100,2116,170408
2018-05-13_17-20-03.966309683,1526224803.968030831,2018-05-13_17-20-03.971839014,1526224803.973527902,0.99,0.96,0.95,278108,240488,1566,535,640,583,421,420,446,417,629083,0,3213,5529144,2513,0,7,0,0,0,32804244,31799848,31689552,2116,170416
2018-05-13_17-20-34.015455685,1526224834.017200127,2018-05-13_17-20-34.021032862,1526224834.022708826,0.91,0.94,0.95,279432,241632,1567,553,641,583,421,420,446,420,632086,0,3221,5550170,2513,0,7,0,0,0,32804244,31787136,31676844,2116,170424
2018-05-13_17-21-04.065192368,1526224864.066900544,2018-05-13_17-21-04.070633641,1526224864.072301641,0.90,0.93,0.95,280756,242776,1569,574,642,583,421,420,446,420,635087,0,3225,5571201,2513,0,7,0,0,0,32804244,31786716,31676424,2116,170428
2018-05-13_17-21-34.113950929,1526224894.115676154,2018-05-13_17-21-34.119461188,1526224894.121144849,0.94,0.94,0.95,282080,243920,1576,578,643,583,421,432,446,420,638090,0,3233,5592225,2513,0,7,0,0,0,32804244,31786268,31675976,2116,170428
2018-05-13_17-22-04.163020036,1526224924.164764509,2018-05-13_17-22-04.168799594,1526224924.170893780,0.88,0.93,0.95,283404,245064,1584,578,643,583,421,448,446,420,641092,0,3241,5613252,2513,0,8,0,0,0,32804244,31785320,31675296,2116,170432
2018-05-13_17-22-34.212819403,1526224954.214538896,2018-05-13_17-22-34.218329676,1526224954.220007478,0.93,0.93,0.95,284728,246208,1591,578,643,584,421,452,458,420,644092,0,3247,5634281,2513,0,8,0,0,0,32804244,31786468,31676180,2116,170432
2018-05-13_17-23-04.261896452,1526224984.263639641,2018-05-13_17-23-04.267495616,1526224984.269178475,0.96,0.94,0.95,286052,247352,1598,578,643,585,421,452,474,420,647094,0,3254,5655308,2513,0,8,0,0,0,32804244,31786764,31676476,2116,170436
2018-05-13_17-23-34.311161980,1526225014.312893298,2018-05-13_17-23-34.316660964,1526225014.318340717,1.02,0.96,0.96,287376,248496,1600,578,661,585,421,452,478,420,650095,0,3260,5676336,2513,0,8,0,0,0,32804244,31798988,31688696,2116,170432
2018-05-13_17-24-04.360029847,1526225044.361729273,2018-05-13_17-24-04.365465025,1526225044.367149236,0.94,0.95,0.95,288700,249640,1602,578,683,585,421,452,478,420,653096,0,3265,5697367,2513,0,8,0,0,0,32804244,31799164,31689136,2116,170432
2018-05-13_17-24-34.408774428,1526225074.410486054,2018-05-13_17-24-34.414232596,1526225074.415907972,0.96,0.95,0.95,290024,250784,1609,578,687,586,433,452,478,420,656096,0,3271,5718397,2513,0,8,0,0,0,32804244,31799308,31688972,2116,170432
2018-05-13_17-25-04.457519287,1526225104.459232980,2018-05-13_17-25-04.462976202,1526225104.464651306,0.98,0.96,0.95,291348,251928,1617,578,687,586,449,452,478,420,659097,0,3275,5739428,2513,0,8,0,0,0,32804244,31798876,31688848,2116,170432
2018-05-13_17-25-34.506305924,1526225134.508010932,2018-05-13_17-25-34.511733387,1526225134.513419987,0.91,0.94,0.95,292672,253072,1635,578,688,586,453,452,478,420,662097,0,3281,5760457,2513,0,8,0,0,0,32804244,31799188,31688900,2116,170432
2018-05-13_17-26-04.555206145,1526225164.556910220,2018-05-13_17-26-04.560633187,1526225164.562302218,0.87,0.93,0.95,293996,254216,1657,578,688,587,453,452,478,420,665097,0,3286,5781488,2513,0,8,0,0,0,32804244,31799132,31688844,2116,170432
2018-05-13_17-26-34.603897198,1526225194.605603886,2018-05-13_17-26-34.609335679,1526225194.611003977,0.84,0.92,0.94,295320,255360,1664,596,688,587,453,452,478,420,668098,0,3292,5802518,2513,0,8,0,0,0,32804244,31799212,31688924,2116,170432
2018-05-13_17-27-04.652728251,1526225224.654439528,2018-05-13_17-27-04.658160871,1526225224.659846144,0.90,0.93,0.95,296644,256504,1666,617,689,587,453,452,478,420,671098,0,3297,5823549,2513,0,8,0,0,0,32804244,31799524,31689236,2116,170432
2018-05-13_17-27-34.701444197,1526225254.703185022,2018-05-13_17-27-34.706928955,1526225254.708609770,0.94,0.94,0.95,297968,257648,1673,621,690,587,453,464,478,420,674099,0,3303,5844578,2513,0,8,0,0,0,32804244,31799408,31689120,2116,170432
2018-05-13_17-28-04.750447889,1526225284.752168051,2018-05-13_17-28-04.755890178,1526225284.757565744,0.96,0.94,0.95,299292,258792,1680,621,690,587,453,481,478,420,677099,0,3307,5865609,2513,0,8,0,0,0,32804244,31799604,31689316,2116,170432
2018-05-13_17-28-34.799367478,1526225314.801142918,2018-05-13_17-28-34.805018603,1526225314.806699921,0.98,0.95,0.95,300616,259936,1683,621,690,604,453,485,478,420,680102,0,3315,5886635,2513,0,8,0,0,0,32804244,31786564,31676280,2116,170440
2018-05-13_17-29-04.848548618,1526225344.850242009,2018-05-13_17-29-04.853956146,1526225344.855614902,0.93,0.94,0.95,301940,261080,1685,621,691,624,453,485,478,420,683103,0,3319,5907666,2513,0,8,0,0,0,32804244,31786588,31676304,2116,170440
2018-05-13_17-29-34.897450731,1526225374.899208877,2018-05-13_17-29-34.902993365,1526225374.904676213,0.96,0.94,0.95,303264,262224,1692,621,692,628,453,485,478,432,686105,0,3328,5928691,2513,0,8,0,0,0,32804244,31786208,31675924,2116,170444
2018-05-13_17-30-04.946721187,1526225404.948442934,2018-05-13_17-30-04.952304579,1526225404.953997134,0.97,0.95,0.95,304588,263368,1700,621,692,628,453,485,478,447,689109,0,3336,5949715,2513,0,8,0,0,0,32804244,31786188,31675908,2116,170452
2018-05-13_17-30-34.995891856,1526225434.997604420,2018-05-13_17-30-35.001352574,1526225435.003037820,0.98,0.95,0.95,305912,264512,1707,621,693,628,465,485,478,451,692110,0,3342,5970744,2513,0,8,0,0,0,32804244,31786196,31675916,2116,170452
2018-05-13_17-31-05.045292090,1526225465.047058372,2018-05-13_17-31-05.050909686,1526225465.052590582,0.99,0.96,0.95,307236,265656,1714,621,694,628,481,485,478,451,695113,0,3349,5991771,2513,0,8,0,0,0,32804244,31786992,31676360,2116,170456
2018-05-13_17-31-35.094514836,1526225495.096257468,2018-05-13_17-31-35.100013082,1526225495.101697989,0.99,0.96,0.95,308560,266800,1732,621,695,628,485,485,478,451,698114,0,3355,6012799,2513,0,8,0,0,0,32804244,31798984,31688396,2116,170452
2018-05-13_17-32-05.143442217,1526225525.145156302,2018-05-13_17-32-05.148874809,1526225525.150538819,1.00,0.96,0.95,309884,267944,1755,621,696,628,485,485,478,451,701115,0,3360,6033830,2513,0,8,0,0,0,32804244,31799312,31689036,2116,170452
2018-05-13_17-32-35.192050388,1526225555.193775258,2018-05-13_17-32-35.197507600,1526225555.199183449,1.00,0.97,0.95,311208,269088,1767,621,696,628,485,485,490,451,704116,0,3366,6054860,2513,0,8,0,0,0,32804244,31799072,31688796,2116,170452
2018-05-13_17-33-05.240936132,1526225585.242628527,2018-05-13_17-33-05.246356909,1526225585.248029942,1.00,0.97,0.95,312532,270232,1774,621,696,628,485,485,507,451,707116,0,3371,6075891,2513,0,8,0,0,0,32804244,31798816,31688540,2116,170452
2018-05-13_17-33-35.289656165,1526225615.291363471,2018-05-13_17-33-35.295092143,1526225615.296762338,0.92,0.96,0.95,313856,271376,1777,621,714,628,485,485,511,451,710116,0,3377,6096920,2513,0,8,0,0,0,32804244,31799076,31688800,2116,170452
2018-05-13_17-34-05.338391501,1526225645.340098326,2018-05-13_17-34-05.343812833,1526225645.345480784,0.95,0.96,0.95,315180,272520,1779,621,737,628,485,485,511,451,713117,0,3382,6117951,2513,0,8,0,0,0,32804244,31799092,31688816,2116,170452
2018-05-13_17-34-35.387102238,1526225675.388825210,2018-05-13_17-34-35.392562966,1526225675.394231858,0.97,0.96,0.95,316504,273664,1797,621,742,628,485,485,511,451,716118,0,3387,6138981,2513,0,8,0,0,0,32804244,31799492,31689104,2116,170452
2018-05-13_17-35-05.436183092,1526225705.438036225,2018-05-13_17-35-05.442026953,1526225705.443708687,0.98,0.97,0.95,317828,274808,1821,621,742,628,485,485,511,451,719119,0,3392,6160012,2513,0,8,0,0,0,32804244,31798828,31688552,2116,170452
2018-05-13_17-35-35.485386886,1526225735.487101333,2018-05-13_17-35-35.490840904,1526225735.492507043,0.99,0.97,0.95,319152,275952,1833,621,742,628,497,485,511,451,722120,0,3399,6181042,2513,0,9,0,0,0,32804244,31799304,31689288,2116,170452
2018-05-13_17-36-05.534211879,1526225765.535914948,2018-05-13_17-36-05.539635655,1526225765.541307102,0.99,0.97,0.95,320476,277096,1841,621,742,628,513,485,511,451,725121,0,3404,6202073,2513,0,9,0,0,0,32804244,31799756,31689480,2116,170452
2018-05-13_17-36-35.583087517,1526225795.584837365,2018-05-13_17-36-35.588675955,1526225795.590361006,1.00,0.97,0.95,321800,278240,1844,621,759,628,516,485,511,451,728122,0,3412,6223099,2513,0,9,0,0,0,32804244,31786368,31676092,2116,170464
2018-05-13_17-37-05.632642832,1526225825.634352487,2018-05-13_17-37-05.638091477,1526225825.639765458,0.95,0.96,0.95,321800,278240,1844,621,759,628,516,485,511,451,731129,0,3417,6244124,2513,0,9,0,0,0,32804244,31786572,31675756,2116,170464
2018-05-13_17-37-35.683060096,1526225855.684892971,2018-05-13_17-37-35.688663712,1526225855.690349934,0.91,0.95,0.95,323124,279384,1846,621,780,629,516,485,511,451,734131,0,3425,6265150,2513,0,9,0,0,0,32804244,31785372,31675100,2116,170464
2018-05-13_17-38-05.732328424,1526225885.734095886,2018-05-13_17-38-05.737964213,1526225885.739651272,0.95,0.95,0.95,324448,280528,1853,621,785,629,516,485,523,451,737134,0,3432,6286176,2513,0,9,0,0,0,32804244,31785316,31675044,2116,170468
2018-05-13_17-38-35.781519631,1526225915.783242096,2018-05-13_17-38-35.786976153,1526225915.788651810,0.97,0.96,0.95,325772,281672,1861,621,785,629,516,485,539,451,740135,0,3438,6307205,2513,0,9,0,0,0,32804244,31785384,31675112,2116,170468
2018-05-13_17-39-05.830532097,1526225945.832409279,2018-05-13_17-39-05.836520819,1526225945.838220961,0.92,0.95,0.95,327096,282816,1869,621,785,629,516,497,543,451,743137,0,3445,6328233,2513,0,9,0,0,0,32804244,31785092,31674820,2116,170468
2018-05-13_17-39-35.881088117,1526225975.882814350,2018-05-13_17-39-35.886582970,1526225975.888321021,0.95,0.95,0.95,328420,283960,1876,621,786,629,516,513,543,451,746138,0,3452,6349261,2513,0,9,0,0,0,32804244,31798336,31688064,2116,170464
2018-05-13_17-40-05.930099227,1526226005.931825931,2018-05-13_17-40-05.935605201,1526226005.937285948,0.86,0.93,0.95,329744,285104,1878,638,787,629,516,517,543,451,749139,0,3458,6370290,2513,0,9,0,0,0,32804244,31798592,31688588,2116,170472
2018-05-13_17-40-35.979130814,1526226035.980840118,2018-05-13_17-40-35.984569464,1526226035.986238608,0.91,0.93,0.95,331068,286248,1880,658,788,629,516,517,543,451,752140,0,3464,6391319,2513,0,9,0,0,0,32804244,31798524,31688520,2116,170472
2018-05-13_17-41-06.027949970,1526226066.029648132,2018-05-13_17-41-06.033369487,1526226066.035050201,0.95,0.94,0.95,332392,287392,1887,662,789,629,516,517,543,463,755140,0,3469,6412350,2513,0,9,0,0,0,32804244,31798588,31688324,2116,170472
2018-05-13_17-41-36.076840808,1526226096.078554815,2018-05-13_17-41-36.082427414,1526226096.084110606,0.97,0.94,0.95,333716,288536,1894,662,790,629,516,517,543,478,758140,0,3476,6433379,2513,0,9,0,0,0,32804244,31798720,31688196,2116,170472
2018-05-13_17-42-06.125917375,1526226126.127666924,2018-05-13_17-42-06.131423157,1526226126.133103276,1.04,0.97,0.96,335040,289680,1896,662,790,646,516,517,543,482,761140,0,3482,6454411,2513,0,9,0,0,0,32804244,31798504,31688240,2116,170472
2018-05-13_17-42-36.174780977,1526226156.176491883,2018-05-13_17-42-36.180239506,1526226156.181916122,1.03,0.97,0.96,336364,290824,1898,662,790,666,516,517,543,482,764140,0,3489,6475440,2513,0,9,0,0,0,32804244,31798288,31688288,2116,170472
2018-05-13_17-43-06.223520109,1526226186.225212107,2018-05-13_17-43-06.228932989,1526226186.230593738,1.02,0.97,0.96,337688,291968,1900,662,806,672,516,517,543,482,767140,0,3494,6496471,2513,0,9,0,0,0,32804244,31798216,31688212,2116,170472
2018-05-13_17-43-36.272252622,1526226216.273969277,2018-05-13_17-43-36.277712017,1526226216.279393853,1.03,0.97,0.96,339012,293112,1902,662,827,673,516,517,543,482,770141,0,3500,6517500,2513,0,9,0,0,0,32804244,31798760,31688496,2116,170472
2018-05-13_17-44-06.321174137,1526226246.322893527,2018-05-13_17-44-06.326642010,1526226246.328318594,1.02,0.98,0.96,340336,294256,1909,662,832,673,516,517,555,482,773141,0,3505,6538531,2513,0,9,0,0,0,32804244,31798744,31688480,2116,170472
2018-05-13_17-44-36.370097829,1526226276.371859782,2018-05-13_17-44-36.375697707,1526226276.377377744,0.95,0.96,0.95,341660,295400,1917,662,832,673,516,517,571,482,776143,0,3513,6559557,2513,0,9,0,0,0,32804244,31785748,31675488,2116,170480
2018-05-13_17-45-06.419235943,1526226306.420950642,2018-05-13_17-45-06.424700482,1526226306.426378907,0.97,0.97,0.95,342984,296544,1936,662,833,673,516,517,575,482,779143,0,3518,6580587,2513,0,9,0,0,0,32804244,31785860,31675600,2116,170480
2018-05-13_17-45-36.468103906,1526226336.469849290,2018-05-13_17-45-36.473636507,1526226336.475322002,0.98,0.97,0.95,344308,297688,1959,662,834,673,516,517,575,482,782147,0,3525,6601612,2513,0,9,0,0,0,32804244,31785204,31674944,2116,170484
2018-05-13_17-46-06.517641936,1526226366.519390105,2018-05-13_17-46-06.523313708,1526226366.525003486,0.99,0.97,0.95,345632,298832,1970,662,835,673,528,517,575,482,785148,0,3533,6622639,2513,0,9,0,0,0,32804244,31785860,31675600,2116,170484
2018-05-13_17-46-36.567066196,1526226396.568794514,2018-05-13_17-46-36.572574584,1526226396.574389034,0.99,0.98,0.95,346956,299976,1977,662,836,673,543,517,575,482,788149,0,3539,6643668,2513,0,9,0,0,0,32804244,31785932,31675672,2116,170484
2018-05-13_17-47-06.616245818,1526226426.618006890,2018-05-13_17-47-06.621895127,1526226426.623576035,1.00,0.98,0.95,348280,301120,1984,662,837,673,546,517,575,494,791152,0,3546,6664695,2513,0,9,0,0,0,32804244,31785612,31675616,2116,170488
2018-05-13_17-47-36.665828652,1526226456.667560408,2018-05-13_17-47-36.671336494,1526226456.673017775,1.00,0.98,0.95,349604,302264,1991,662,838,673,546,517,575,509,794153,0,3552,6685723,2513,0,9,0,0,0,32804244,31798552,31688244,2116,170480
2018-05-13_17-48-06.714906013,1526226486.716612055,2018-05-13_17-48-06.720362396,1526226486.722047616,0.94,0.97,0.95,350928,303408,1992,662,839,690,546,517,575,513,797153,0,3558,6706754,2513,0,9,0,0,0,32804244,31798832,31688832,2116,170480
2018-05-13_17-48-36.763772164,1526226516.765504026,2018-05-13_17-48-36.769401071,1526226516.771081287,1.04,0.99,0.96,352252,304552,1994,662,839,712,546,517,575,513,800153,0,3565,6727784,2513,0,9,0,0,0,32804244,31798472,31687920,2116,170484
2018-05-13_17-49-06.812810702,1526226546.814513410,2018-05-13_17-49-06.818331445,1526226546.820013629,1.03,0.99,0.96,353576,305696,2001,662,840,716,546,529,575,513,803155,0,3569,6748815,2513,0,9,0,0,0,32804244,31798592,31688336,2116,170484
2018-05-13_17-49-36.861686779,1526226576.863410097,2018-05-13_17-49-36.867172006,1526226576.868868447,1.02,0.99,0.96,354900,306840,2008,662,840,716,546,546,575,513,806155,0,3575,6769845,2513,0,9,0,0,0,32804244,31798452,31688196,2116,170484
2018-05-13_17-50-06.910755691,1526226606.912477413,2018-05-13_17-50-06.916288539,1526226606.917978227,1.01,0.99,0.96,356224,307984,2011,680,840,716,546,550,575,513,809157,0,3581,6790873,2513,0,9,0,0,0,32804244,31798292,31688040,2116,170496
2018-05-13_17-50-36.959653469,1526226636.961377764,2018-05-13_17-50-36.965149209,1526226636.966839212,1.06,1.00,0.96,357548,309128,2013,702,840,717,546,550,575,513,812157,0,3588,6811903,2513,0,9,0,0,0,32804244,31798048,31687796,2116,170496
2018-05-13_17-51-07.008915388,1526226667.010621195,2018-05-13_17-51-07.014376827,1526226667.016067087,1.04,1.00,0.96,358872,310272,2020,706,840,718,546,562,575,513,815158,0,3592,6832934,2513,0,9,0,0,0,32804244,31798468,31688216,2116,170496
2018-05-13_17-51-37.057793690,1526226697.059506525,2018-05-13_17-51-37.063326416,1526226697.065010690,1.02,1.00,0.96,360196,311416,2028,706,840,718,546,578,575,513,818159,0,3598,6853963,2513,0,9,0,0,0,32804244,31798192,31687940,2116,170496
2018-05-13_17-52-07.106595048,1526226727.108295899,2018-05-13_17-52-07.112039938,1526226727.113716627,0.96,0.99,0.96,361520,312560,2030,722,840,718,546,582,575,513,821159,0,3602,6874994,2513,0,9,0,0,0,32804244,31798848,31688596,2116,170496
2018-05-13_17-52-37.155369594,1526226757.157121378,2018-05-13_17-52-37.160997894,1526226757.162694855,0.86,0.96,0.95,362844,313704,2032,743,840,719,546,582,575,513,824162,0,3610,6896019,2513,0,9,0,0,0,32804244,31786400,31676152,2116,170508
2018-05-13_17-53-07.204844771,1526226787.206590892,2018-05-13_17-53-07.210459416,1526226787.212155968,0.91,0.96,0.95,364168,314848,2039,747,840,720,546,582,575,525,827165,0,3615,6917046,2513,0,9,0,0,0,32804244,31786276,31676028,2116,170508
2018-05-13_17-53-37.254161155,1526226817.255887777,2018-05-13_17-53-37.259645827,1526226817.261324513,1.03,0.98,0.96,365492,315992,2047,747,840,720,546,582,575,541,830166,0,3621,6938075,2513,0,9,0,0,0,32804244,31786356,31676108,2116,170508
2018-05-13_17-54-07.303582322,1526226847.305347624,2018-05-13_17-54-07.309229625,1526226847.310938456,0.95,0.97,0.95,366816,317136,2050,747,840,738,546,582,575,545,833168,0,3628,6959102,2513,0,9,0,0,0,32804244,31785916,31675672,2116,170512
2018-05-13_17-54-37.353260714,1526226877.355015631,2018-05-13_17-54-37.358887809,1526226877.360566712,0.97,0.97,0.95,368140,318280,2052,747,840,761,546,582,575,545,836171,0,3637,6980127,2513,0,9,0,0,0,32804244,31784744,31674500,2116,170512
2018-05-13_17-55-07.403210774,1526226907.404927456,2018-05-13_17-55-07.408672775,1526226907.410349841,0.85,0.94,0.95,369464,319424,2071,748,841,765,546,582,575,545,839170,0,3642,7001158,2513,0,9,0,0,0,32804244,31785428,31675184,2116,170512
2018-05-13_17-55-37.452210319,1526226937.453950113,2018-05-13_17-55-37.457724096,1526226937.459414588,0.78,0.91,0.94,370788,320568,2094,749,842,765,546,582,575,545,842172,0,3648,7022187,2513,0,10,0,0,0,32804244,31798648,31688140,2116,170508
2018-05-13_17-56-07.501212125,1526226967.502920131,2018-05-13_17-56-07.506636474,1526226967.508315325,0.87,0.92,0.94,372112,321712,2106,749,842,765,558,582,575,545,845173,0,3652,7043218,2513,0,10,0,0,0,32804244,31799152,31688908,2116,170508
2018-05-13_17-56-37.550084230,1526226997.551799961,2018-05-13_17-56-37.555553717,1526226997.557237872,0.92,0.93,0.94,373436,322856,2114,749,842,765,574,582,575,545,848173,0,3658,7064247,2513,0,10,0,0,0,32804244,31798832,31688588,2116,170508
2018-05-13_17-57-07.598839250,1526227027.600527764,2018-05-13_17-57-07.604291140,1526227027.605964688,0.95,0.94,0.95,374760,324000,2116,749,859,766,578,582,575,545,851173,0,3663,7085278,2513,0,10,0,0,0,32804244,31799332,31689348,2116,170512
2018-05-13_17-57-37.647571720,1526227057.649315740,2018-05-13_17-57-37.653064462,1526227057.654735288,0.91,0.93,0.94,376084,325144,2118,749,881,766,578,582,575,545,854174,0,3669,7106308,2513,0,10,0,0,0,32804244,31798832,31688588,2116,170512
2018-05-13_17-58-07.696378330,1526227087.698074745,2018-05-13_17-58-07.701806263,1526227087.703480352,0.95,0.93,0.95,377408,326288,2125,749,886,766,578,582,587,545,857175,0,3673,7127339,2513,0,10,0,0,0,32804244,31799068,31688824,2116,170512
