StartTime,StartEpoch,EndTime,EndEpoch,CPULoad1m,CPULoad5m,CPULoad5m,NetDevRX,NetDevTX,IRQens2-0,IRQens2-1,IRQens2-2,IRQens2-3,IRQens2-4,IRQens2-5,IRQens2-6,IRQens2-7,user,nice,system,idle,iowait,irq,softirq,steal,guest,guest_nice,MemTotal,MemFree,MemAvailable,Buffers,Cached
2018-05-15_21-33-52.143243942,1526412832.145138280,2018-05-15_21-33-52.149573121,1526412832.151924262,0.05,0.67,1.01,19187537528584,19977598804,115351174,34839978,33168994,48453151,23456206,36682344,26443581,34544690,39026,0,530234,10173788,2288,0,218465,0,0,0,32804244,31573964,31465160,2116,172960
2018-05-15_21-34-22.199915681,1526412862.201722321,2018-05-15_21-34-22.205634681,1526412862.207382156,0.34,0.68,1.00,19249830830148,20086934350,115780882,34839978,35525236,48453151,23456206,36682344,26443581,34544690,39097,0,531973,10194548,2288,0,218496,0,0,0,32804244,31573840,31465048,2116,172964
2018-05-15_21-34-52.255371860,1526412892.257317431,2018-05-15_21-34-52.261180133,1526412892.262882207,0.60,0.71,1.00,19339292046204,20230773736,116070895,34839978,38713273,48453151,23456206,36682344,26443581,34544690,39171,0,534226,10214526,2288,0,218539,0,0,0,32804244,31573604,31464996,2116,172964
2018-05-15_21-35-22.312630792,1526412922.314640502,2018-05-15_21-35-22.318829255,1526412922.321283551,0.76,0.74,1.00,19428319292556,20362483102,116484921,34839978,41954145,48453151,23456206,36682344,26443581,34544690,39338,0,536477,10234266,2288,0,218750,0,0,0,32804244,31568372,31460128,2116,172964
2018-05-15_21-35-52.374450144,1526412952.377229593,2018-05-15_21-35-52.381992638,1526412952.383967747,0.71,0.73,0.99,19518294500094,20477276308,116824752,34839978,45310571,48453151,23456206,36682344,26443581,34544690,39547,0,538624,10253913,2288,0,219053,0,0,0,32804244,31568788,31460544,2116,172964
2018-05-15_21-36-22.444085164,1526412982.446411150,2018-05-15_21-36-22.450803851,1526412982.452723816,0.76,0.74,0.98,19606639160886,20590889314,117170108,34839978,48611203,48453151,23456206,36682344,26443581,34544690,39758,0,540829,10273614,2288,0,219365,0,0,0,32804244,31568488,31459956,2116,172964
2018-05-15_21-36-52.500180049,1526413012.501930445,2018-05-15_21-36-52.505794046,1526413012.507477440,0.80,0.75,0.98,19672201881084,20701849540,117732680,34839978,51138738,48453151,23456206,36682344,26443581,34544690,39972,0,542834,10293860,2288,0,219749,0,0,0,32804244,31568804,31460012,2116,172964
2018-05-15_21-37-22.550878986,1526413042.552635111,2018-05-15_21-37-22.556515965,1526413042.558215862,0.88,0.78,0.98,19735576774850,20725686226,120479709,34839978,51138738,48453151,23456206,36682344,26443581,34544690,40145,0,544631,10314456,2288,0,221181,0,0,0,32804244,31570900,31462108,2116,172964
2018-05-15_21-37-52.601215380,1526413072.602973881,2018-05-15_21-37-52.606867035,1526413072.608558970,1.04,0.83,0.99,19798803264556,20749700392,123223281,34839978,51138738,48453151,23456206,36682344,26443581,34544690,40321,0,546504,10335052,2288,0,222536,0,0,0,32804244,31571168,31462084,2116,172964
2018-05-15_21-38-22.651707226,1526413102.653474183,2018-05-15_21-38-22.657332412,1526413102.659020936,1.11,0.86,1.00,19862176392568,20773432078,125950838,34839978,51138738,48453151,23456206,36682344,26443581,34544690,40500,0,548473,10355647,2288,0,223793,0,0,0,32804244,31557228,31448172,2116,172972
2018-05-15_21-38-52.702512253,1526413132.704262672,2018-05-15_21-38-52.708124366,1526413132.709820117,1.33,0.94,1.02,19925500303426,20797130224,128683850,34839978,51138738,48453151,23456206,36682344,26443581,34544690,40676,0,550374,10376242,2288,0,225121,0,0,0,32804244,31570424,31461892,2116,172972
2018-05-15_21-39-22.752287325,1526413162.754036852,2018-05-15_21-39-22.757922043,1526413162.759608710,1.20,0.95,1.02,19988874581658,20820979810,131425285,34839978,51138738,48453151,23456206,36682344,26443581,34544690,40857,0,552232,10396829,2288,0,226493,0,0,0,32804244,31558136,31449084,2116,172976
2018-05-15_21-39-52.802053523,1526413192.803813811,2018-05-15_21-39-52.807677496,1526413192.809351601,1.27,0.98,1.03,20052286281970,20844852616,134172767,34839978,51138738,48453151,23456206,36682344,26443581,34544690,41029,0,554095,10417412,2288,0,227873,0,0,0,32804244,31558668,31449880,2116,172976
2018-05-15_21-40-22.851778811,1526413222.853536765,2018-05-15_21-40-22.857422730,1526413222.859113057,1.16,0.99,1.03,20115512284874,20869260622,136905217,34839978,51138738,48453151,23456206,36682344,26443581,34544690,41210,0,556032,10437996,2288,0,229167,0,0,0,32804244,31557508,31448724,2116,172988
2018-05-15_21-40-52.901708609,1526413252.903725566,2018-05-15_21-40-52.908173510,1526413252.910205635,1.30,1.03,1.04,20179686515924,20895970768,139572082,34839978,51138738,48453151,23533039,36682344,26443581,34544690,41385,0,557999,10458546,2288,0,230435,0,0,0,32804244,31558376,31449872,2116,172992
2018-05-15_21-41-22.969087409,1526413282.972001464,2018-05-15_21-41-22.978125063,1526413282.980869243,1.11,1.01,1.04,20269308974184,20947439674,140252706,34839978,51138738,48453151,26347394,36682344,26443581,34544690,41556,0,560974,10477547,2288,0,231195,0,0,0,32804244,31570848,31461784,2116,172984
2018-05-15_21-41-53.041001673,1526413313.043266873,2018-05-15_21-41-53.047585506,1526413313.049411026,1.08,1.01,1.04,20358278002202,21002815660,140931976,34839978,51138738,48453151,29120847,36682344,26443581,34544690,41740,0,563875,10496598,2288,0,231918,0,0,0,32804244,31570744,31461692,2116,172984
2018-05-15_21-42-23.100026043,1526413343.102149313,2018-05-15_21-42-23.109583347,1526413343.112854095,1.03,1.01,1.04,20425941483280,21094016806,141542578,34839978,51138738,48453151,31360329,36682344,26443581,34544690,41923,0,566175,10516504,2288,0,232254,0,0,0,32804244,31570044,31461016,2116,172984
2018-05-15_21-42-53.188087642,1526413373.190948218,2018-05-15_21-42-53.196429831,1526413373.199652088,1.09,1.03,1.04,20515716794968,21142382212,142223352,34839978,51138738,48453151,34209948,36682344,26443581,34544690,42092,0,569208,10535486,2288,0,233011,0,0,0,32804244,31571340,31462280,2116,172984
2018-05-15_21-43-23.268474656,1526413403.270401168,2018-05-15_21-43-23.274721950,1526413403.276583261,1.12,1.04,1.05,20605223076874,21184229338,142901664,34839978,51138738,48453151,37100956,36682344,26443581,34544690,42262,0,572293,10554430,2288,0,233866,0,0,0,32804244,31571168,31462652,2116,172984
2018-05-15_21-43-53.347154308,1526413433.350142961,2018-05-15_21-43-53.356408507,1526413433.359161830,1.21,1.07,1.06,20695259345014,21225517744,143582566,34839978,51138738,48453151,40007332,36682344,26443581,34544690,42434,0,575391,10573362,2288,0,234734,0,0,0,32804244,31570600,31461712,2116,172984
2018-05-15_21-44-23.426508483,1526413463.428942510,2018-05-15_21-44-23.433507673,1526413463.435487070,1.20,1.08,1.06,20784150355414,21273617110,144257922,34839978,51138738,48453151,42836506,36682344,26443581,34544690,42611,0,578381,10592367,2288,0,235498,0,0,0,32804244,31568876,31460348,2116,172984
2018-05-15_21-44-53.493190733,1526413493.496022102,2018-05-15_21-44-53.503014337,1526413493.505066673,0.98,1.04,1.04,20846617955244,21372499156,144684975,34839978,51138738,48453151,44832283,36682344,26443581,34544690,42807,0,580468,10612324,2288,0,235843,0,0,0,32804244,31569584,31460848,2116,172984
2018-05-15_21-45-23.576039139,1526413523.578232893,2018-05-15_21-45-23.583129590,1526413523.585146972,1.06,1.05,1.05,20935633197326,21419292082,145360044,34839978,51138738,48453151,47668502,36682344,26443581,34544690,42981,0,583476,10631323,2288,0,236606,0,0,0,32804244,31570872,31462080,2116,172984
2018-05-15_21-45-53.643800889,1526413553.646126982,2018-05-15_21-45-53.652416415,1526413553.655254161,0.91,1.02,1.04,20998577645892,21518838388,145776421,34839978,51138738,48453151,49689765,36682344,26443581,34544690,43135,0,585519,10651378,2288,0,236856,0,0,0,32804244,31571956,31462884,2116,172984
