StartTime,StartEpoch,EndTime,EndEpoch,CPULoad1m,CPULoad5m,CPULoad5m,NetDevRX,NetDevTX,IRQens2-0,IRQens2-1,IRQens2-2,IRQens2-3,IRQens2-4,IRQens2-5,IRQens2-6,IRQens2-7,user,nice,system,idle,iowait,irq,softirq,steal,guest,guest_nice,MemTotal,MemFree,MemAvailable,Buffers,Cached
2018-05-16_10-03-50.199860385,1526457830.201633158,2018-05-16_10-03-50.205916867,1526457830.208567168,0.45,0.70,0.76,50516287757640,54859686196,418944402,156735799,223565621,190199640,174085992,140451900,167379517,157492823,72887,7,1375005,44563325,2435,0,314026,0,0,0,32804244,31533468,31429928,2116,186040
2018-05-16_10-04-20.254796445,1526457860.256506274,2018-05-16_10-04-20.260270100,1526457860.262234833,0.54,0.69,0.76,50601584387344,54987565462,419155393,156735799,223565621,193745458,174085992,140451900,167379517,157492823,72957,7,1377003,44583403,2435,0,314047,0,0,0,32804244,31533348,31430088,2116,186044
2018-05-16_10-04-50.308922797,1526457890.310956077,2018-05-16_10-04-50.315135412,1526457890.317045154,0.72,0.72,0.77,50686476772730,55134904948,419353342,156735799,223565621,197227498,174085992,140451900,167379517,157492823,73024,7,1379062,44603407,2435,0,314076,0,0,0,32804244,31530956,31427700,2116,186048
2018-05-16_10-05-20.364470919,1526457920.367001767,2018-05-16_10-05-20.371354811,1526457920.373601523,0.76,0.73,0.77,50762665365032,55264728094,419619335,156735799,223565621,200439399,174085992,140451900,167379517,157492823,73095,7,1380983,44623694,2435,0,314108,0,0,0,32804244,31543708,31440152,2116,186040
2018-05-16_10-05-50.420885915,1526457950.422666504,2018-05-16_10-05-50.426727278,1526457950.428659544,0.80,0.74,0.77,50833521056450,55374001360,419925347,156735799,223565621,203402910,174085992,140451900,167379517,157492823,73169,7,1382784,44644183,2435,0,314133,0,0,0,32804244,31543040,31440024,2116,186040
2018-05-16_10-06-20.476724477,1526457980.478501665,2018-05-16_10-06-20.482730251,1526457980.484663660,0.80,0.75,0.77,50919352070580,55489716886,420179292,156735799,223565621,206995021,174085992,140451900,167379517,157492823,73231,7,1384854,44664286,2435,0,314145,0,0,0,32804244,31544376,31441096,2116,186040
2018-05-16_10-06-50.534113731,1526458010.536298732,2018-05-16_10-06-50.542092300,1526458010.543879593,0.69,0.73,0.77,50995629463402,55601186212,420425493,157667363,223565621,209274479,174085992,140451900,167379517,157492823,73297,7,1386731,44684660,2435,0,314167,0,0,0,32804244,31544292,31441320,2116,186040
2018-05-16_10-07-20.604417619,1526458040.607042320,2018-05-16_10-07-20.612010746,1526458040.613736271,0.62,0.71,0.76,51065216197692,55721578618,420651594,160553095,223565621,209274479,174085992,140451900,167379517,157492823,73367,7,1388467,44705162,2435,0,314200,0,0,0,32804244,31544692,31441720,2116,186040
2018-05-16_10-07-50.667859968,1526458070.670639372,2018-05-16_10-07-50.675355175,1526458070.677354037,0.71,0.72,0.76,51150764701400,55858546624,420846956,164013934,223565621,209274479,174085992,140451900,167379517,157492823,73432,7,1390550,44725196,2435,0,314246,0,0,0,32804244,31544488,31441516,2116,186040
2018-05-16_10-08-20.731062934,1526458100.733069725,2018-05-16_10-08-20.737771649,1526458100.739516518,0.70,0.71,0.76,51236069643432,55983738370,421108975,167512486,223565621,209274479,174085992,140451900,167379517,157492823,73497,7,1392542,44745271,2435,0,314292,0,0,0,32804244,31544924,31441668,2116,186040
2018-05-16_10-08-50.793489239,1526458130.796768627,2018-05-16_10-08-50.802325798,1526458130.804888266,0.68,0.71,0.76,51321332385806,56119584616,421312253,170972514,223565621,209274479,174085992,140451900,167379517,157492823,73563,7,1394575,44765318,2435,0,314344,0,0,0,32804244,31544460,31441488,2116,186040
2018-05-16_10-09-20.853744994,1526458160.855654838,2018-05-16_10-09-20.860391795,1526458160.862740345,0.81,0.74,0.77,51398271597268,56232659362,421556487,174168357,223565621,209274479,174085992,140451900,167379517,157492823,73633,7,1396397,44785654,2435,0,314378,0,0,0,32804244,31544016,31440112,2116,186040
2018-05-16_10-09-50.916642088,1526458190.919944686,2018-05-16_10-09-50.924947974,1526458190.927614871,0.60,0.70,0.75,51467312258314,56340661948,421791860,177066604,223565621,209274479,174085992,140451900,167379517,157492823,73706,7,1398076,44806224,2435,0,314412,0,0,0,32804244,31544116,31440856,2116,186040
2018-05-16_10-10-20.980980220,1526458220.983957902,2018-05-16_10-10-20.988244273,1526458220.990943163,0.56,0.68,0.75,51552542956188,56464535494,422066047,180566462,223565621,209274479,174085992,140451900,167379517,157492823,73777,7,1400094,44826294,2435,0,314459,0,0,0,32804244,31531372,31428124,2116,186068
2018-05-16_10-10-51.046295057,1526458251.048781080,2018-05-16_10-10-51.054987721,1526458251.057500666,0.74,0.71,0.76,51628962964486,56591947360,422394173,182832464,223565621,209274479,174085992,141168066,167379517,157492823,73835,7,1402066,44846451,2435,0,314511,0,0,0,32804244,31531580,31428044,2116,186068
2018-05-16_10-11-21.121939585,1526458281.124814290,2018-05-16_10-11-21.131207793,1526458281.133633039,0.72,0.71,0.75,51698581513356,56692249306,422903080,182832464,223565621,209274479,174085992,143388310,167379517,157492823,73889,7,1404079,44866584,2435,0,314585,0,0,0,32804244,31532564,31429604,2116,186068
2018-05-16_10-11-51.188410453,1526458311.191343083,2018-05-16_10-11-51.196343421,1526458311.199154436,0.78,0.72,0.76,51783967850686,56796991732,423569108,182832464,223565621,209274479,174085992,145990490,167379517,157492823,73943,7,1406484,44886203,2435,0,314701,0,0,0,32804244,31531988,31428744,2116,186072
2018-05-16_10-12-21.258070928,1526458341.260795585,2018-05-16_10-12-21.267152390,1526458341.270217940,0.88,0.75,0.77,51869163425046,56892902218,424259749,182832464,223565621,209274479,174085992,148615027,167379517,157492823,73991,7,1408713,44905867,2435,0,314818,0,0,0,32804244,31532564,31429292,2116,186072
2018-05-16_10-12-51.331981231,1526458371.333953128,2018-05-16_10-12-51.339206455,1526458371.341371767,0.87,0.76,0.77,51954121283660,56978421424,424956222,182832464,223565621,209274479,174085992,151240081,167379517,157492823,74048,7,1410859,44925579,2435,0,314914,0,0,0,32804244,31532404,31429444,2116,186072
2018-05-16_10-13-21.403485734,1526458401.406179028,2018-05-16_10-13-21.411700001,1526458401.414745495,0.77,0.75,0.77,52030250447638,57065428330,425587123,182832464,223565621,209274479,174085992,153663726,167379517,157492823,74101,7,1412910,44945568,2435,0,314997,0,0,0,32804244,31544956,31441368,2116,186068
2018-05-16_10-13-51.476812353,1526458431.480691727,2018-05-16_10-13-51.486517785,1526458431.489129771,0.74,0.74,0.76,52099074533926,57160300036,426158574,182832464,223565621,209274479,174085992,155887440,167379517,157492823,74148,7,1414881,44965752,2435,0,315053,0,0,0,32804244,31545448,31441912,2116,186068
2018-05-16_10-14-21.551453418,1526458461.555644774,2018-05-16_10-14-21.561827781,1526458461.565015944,0.84,0.76,0.77,52183843898366,57263508922,426822614,182832464,223565621,209274479,174085992,158487436,167379517,157492823,74198,7,1417189,44985412,2435,0,315159,0,0,0,32804244,31545100,31442124,2116,186068
2018-05-16_10-14-51.625855670,1526458491.629297781,2018-05-16_10-14-51.633782133,1526458491.636613543,0.90,0.79,0.78,52268961115334,57367359928,427488820,182832464,223565621,209274479,174085992,161081851,167379517,157492823,74247,7,1419591,45005049,2435,0,315286,0,0,0,32804244,31544964,31442008,2116,186068
2018-05-16_10-15-21.695772886,1526458521.698682817,2018-05-16_10-15-21.706454399,1526458521.709127478,0.88,0.79,0.78,52353857491636,57465255334,428155582,182832464,223565621,209274479,174085992,163689230,167379517,157492823,74299,7,1422050,45024746,2435,0,315398,0,0,0,32804244,31545344,31441820,2116,186068
2018-05-16_10-15-51.774236547,1526458551.777136454,2018-05-16_10-15-51.782003296,1526458551.784101156,0.73,0.76,0.77,52438622355328,57554444500,428839607,182832464,223565621,209274479,174085992,166300842,167379517,157492823,74355,7,1424266,45044467,2435,0,315495,0,0,0,32804244,31545448,31442204,2116,186068
2018-05-16_10-16-21.837074389,1526458581.839974107,2018-05-16_10-16-21.845712001,1526458581.848498718,0.76,0.77,0.77,52514911949020,57656323786,429434555,182832464,223565621,209274479,174085992,168699068,167379517,157492823,74405,7,1426217,45064391,2435,0,315589,0,0,0,32804244,31544968,31441180,2116,186068
2018-05-16_10-16-51.906404252,1526458611.908306347,2018-05-16_10-16-51.913726741,1526458611.916952984,0.74,0.76,0.77,52583169843520,57751095952,429960117,182832464,223565621,209274479,174085992,170941992,167379517,157492823,74455,7,1427977,45084584,2435,0,315655,0,0,0,32804244,31545188,31441644,2116,186072
2018-05-16_10-17-21.981446351,1526458641.984320046,2018-05-16_10-17-21.990538884,1526458641.993327470,0.76,0.77,0.77,52667814337276,57843419338,430632562,182832464,223565621,209274479,174085992,173542507,167379517,157492823,74506,7,1430246,45104319,2435,0,315753,0,0,0,32804244,31546148,31443440,2116,186072
2018-05-16_10-17-52.062968208,1526458672.065042178,2018-05-16_10-17-52.070793428,1526458672.073431762,0.85,0.79,0.78,52744373545194,57942247804,431243466,182832464,223565621,209274479,174085992,175969022,167379517,157492823,74554,7,1432468,45124252,2435,0,315848,0,0,0,32804244,31546488,31443256,2116,186072
2018-05-16_10-18-22.132073367,1526458702.134917759,2018-05-16_10-18-22.140016423,1526458702.142086715,0.92,0.81,0.78,52811715208202,58035421990,431768191,182832464,223565621,209274479,174085992,178226813,167379517,157492823,74606,7,1434541,45144478,2435,0,315917,0,0,0,32804244,31533068,31430116,2116,186080
2018-05-16_10-18-52.210123095,1526458732.211978924,2018-05-16_10-18-52.217297846,1526458732.219068550,0.67,0.76,0.77,52896982170864,58130554576,432321327,184002776,223565621,209274479,174085992,180003403,167379517,157492823,74664,7,1436766,45164322,2435,0,316002,0,0,0,32804244,31533492,31430248,2116,186080
2018-05-16_10-19-22.276784124,1526458762.279394733,2018-05-16_10-19-22.284367403,1526458762.286962172,0.85,0.80,0.78,52982491977420,58245660982,432577855,187512895,223565621,209274479,174085992,180003403,167379517,157492823,74732,7,1438633,45184426,2435,0,316042,0,0,0,32804244,31532144,31429192,2116,186084
2018-05-16_10-19-52.337846289,1526458792.339675300,2018-05-16_10-19-52.343506510,1526458792.346115389,1.11,0.87,0.80,53068544197584,58360914748,432831805,191042189,223565621,209274479,174085992,180003403,167379517,157492823,74804,7,1440570,45204508,2435,0,316077,0,0,0,32804244,31533788,31430836,2116,186084
2018-05-16_10-20-22.401004072,1526458822.403748373,2018-05-16_10-20-22.410045017,1526458822.412418656,0.99,0.86,0.80,53145654463010,58472618194,433088154,194220343,223565621,209274479,174085992,180003403,167379517,157492823,74873,7,1442376,45224865,2435,0,316134,0,0,0,32804244,31532960,31429656,2116,186088
2018-05-16_10-20-52.472592519,1526458852.474371607,2018-05-16_10-20-52.480487943,1526458852.482275482,0.85,0.84,0.80,53214274205594,58590561700,433319912,197067086,223565621,209274479,174085992,180003403,167379517,157492823,74946,7,1444131,45245395,2435,0,316181,0,0,0,32804244,31533996,31430484,2116,186092
2018-05-16_10-21-22.533354286,1526458882.536026351,2018-05-16_10-21-22.541928419,1526458882.543740776,0.84,0.84,0.80,53299348587918,58727885446,433517425,200494173,223565621,209274479,174085992,180003403,167379517,157492823,75017,7,1446312,45265438,2435,0,316223,0,0,0,32804244,31545536,31441932,2116,186084
2018-05-16_10-21-52.596323050,1526458912.598606136,2018-05-16_10-21-52.603841582,1526458912.606203454,0.71,0.81,0.79,53377240370034,58841227972,433769756,203716783,223565621,209274479,174085992,180003403,167379517,157492823,75087,7,1448157,45285745,2435,0,316260,0,0,0,32804244,31543572,31440040,2116,186084
2018-05-16_10-22-22.661869925,1526458942.665043726,2018-05-16_10-22-22.669950205,1526458942.671658059,0.70,0.80,0.78,53446315477362,58959078298,434025402,206629115,223565621,209274479,174085992,180003403,167379517,157492823,75162,7,1449828,45306243,2435,0,316302,0,0,0,32804244,31544120,31440852,2116,186084
2018-05-16_10-22-52.723530241,1526458972.725355897,2018-05-16_10-22-52.729139739,1526458972.731019574,0.60,0.77,0.77,53531245752444,59093559844,434292035,209015600,223565621,210420056,174085992,180003403,167379517,157492823,75229,7,1451812,45326291,2435,0,316337,0,0,0,32804244,31544384,31440492,2116,186084
2018-05-16_10-23-22.779182475,1526459002.781160469,2018-05-16_10-23-22.785205926,1526459002.787819389,0.56,0.74,0.76,53616398470178,59218907050,434513956,209015600,223565621,213940410,174085992,180003403,167379517,157492823,75297,7,1453816,45346378,2435,0,316348,0,0,0,32804244,31544092,31441144,2116,186084
2018-05-16_10-23-52.837339931,1526459032.839302375,2018-05-16_10-23-52.843445183,1526459032.846144112,0.63,0.74,0.76,53701158766466,59365993996,434698371,209015600,223565621,217420239,174085992,180003403,167379517,157492823,75361,7,1455905,45366393,2435,0,316374,0,0,0,32804244,31544064,31441116,2116,186088
2018-05-16_10-24-22.891956282,1526459062.893919598,2018-05-16_10-24-22.898826236,1526459062.900738378,0.70,0.75,0.77,53778793106894,59497879702,434962663,209015600,223565621,220702136,174085992,180003403,167379517,157492823,75427,7,1457919,45386634,2435,0,316397,0,0,0,32804244,31544104,31441676,2116,186088
2018-05-16_10-24-52.948499401,1526459092.950328667,2018-05-16_10-24-52.954306868,1526459092.956210988,0.70,0.74,0.77,53848468429080,59606130928,435233398,209015600,223565621,223647227,174085992,180003403,167379517,157492823,75503,7,1459652,45407160,2435,0,316418,0,0,0,32804244,31544280,31441044,2116,186088
2018-05-16_10-25-23.003419633,1526459123.005204586,2018-05-16_10-25-23.009370538,1526459123.011170494,0.53,0.70,0.75,53934071318326,59721311554,435488304,209015600,223565621,227219182,174085992,180003403,167379517,157492823,75560,7,1461500,45427269,2435,0,316431,0,0,0,32804244,31544200,31441188,2116,186088
2018-05-16_10-25-53.061412806,1526459153.063483952,2018-05-16_10-25-53.068435584,1526459153.070317429,0.39,0.65,0.73,54011499409346,59832183940,435793521,209015600,223565621,230450227,174085992,180003403,167379517,157492823,75629,7,1463145,45447603,2435,0,316445,0,0,0,32804244,31543572,31440056,2116,186088
2018-05-16_10-26-23.118064415,1526459183.119929351,2018-05-16_10-26-23.124124050,1526459183.125997400,0.55,0.67,0.74,54079154562014,59948173186,436160706,209015600,223565621,233282807,174085992,180003403,167379517,157492823,75695,7,1464823,45468156,2435,0,316471,0,0,0,32804244,31531480,31428508,2116,186100
2018-05-16_10-26-53.176551840,1526459213.179336728,2018-05-16_10-26-53.185492664,1526459213.188064588,0.61,0.67,0.74,54163705318770,60074176732,436544359,209015600,223565621,235747086,174085992,180003403,167379517,158316434,75752,7,1466963,45488098,2435,0,316521,0,0,0,32804244,31532132,31429160,2116,186100
2018-05-16_10-27-23.253401408,1526459243.255951500,2018-05-16_10-27-23.261379641,1526459243.263229100,0.70,0.68,0.74,54248413902874,60160562038,437226232,209015600,223565621,235747086,174085992,180003403,167379517,160983161,75809,7,1469233,45507851,2435,0,316623,0,0,0,32804244,31532124,31429180,2116,186100
2018-05-16_10-27-53.325186675,1526459273.328049181,2018-05-16_10-27-53.334998865,1526459273.337753000,0.68,0.68,0.74,54333412881706,60247559344,437903340,209015600,223565621,235747086,174085992,180003403,167379517,163646878,75861,7,1471548,45527597,2435,0,316736,0,0,0,32804244,31531408,31428128,2116,186104
2018-05-16_10-28-23.394085410,1526459303.396672561,2018-05-16_10-28-23.402644207,1526459303.405008825,0.74,0.70,0.74,54410096892064,60336469570,438511594,209015600,223565621,235747086,174085992,180003403,167379517,166103806,75917,7,1473810,45547592,2435,0,316832,0,0,0,32804244,31531896,31428380,2116,186108
2018-05-16_10-28-53.461047748,1526459333.464212831,2018-05-16_10-28-53.469958512,1526459333.473027321,0.79,0.71,0.74,54476931525600,60430306396,439026320,209015600,223565621,235747086,174085992,180003403,167379517,168312732,75972,7,1475840,45567864,2435,0,316900,0,0,0,32804244,31533296,31429536,2116,186108
2018-05-16_10-29-23.553755096,1526459363.556655626,2018-05-16_10-29-23.562721506,1526459363.565384887,0.87,0.74,0.75,54561499359968,60517057822,439704045,209015600,223565621,235747086,174085992,180003403,167379517,170968388,76028,7,1478017,45587630,2435,0,317006,0,0,0,32804244,31545460,31441680,2116,186100
2018-05-16_10-29-53.628428863,1526459393.630838776,2018-05-16_10-29-53.637186813,1526459393.639361420,0.77,0.73,0.75,54639077746958,60606242128,440325546,209015600,223565621,235747086,174085992,180003403,167379517,173463890,76084,7,1480092,45607564,2435,0,317097,0,0,0,32804244,31544940,31441408,2116,186100
2018-05-16_10-30-23.697572135,1526459423.700609672,2018-05-16_10-30-23.706658077,1526459423.709298367,0.72,0.72,0.75,54706297064718,60707177374,440828509,209015600,223565621,235747086,174085992,180003403,167379517,175731543,76133,7,1481984,45627767,2435,0,317161,0,0,0,32804244,31544536,31441300,2116,186112
2018-05-16_10-30-53.773516547,1526459453.775881170,2018-05-16_10-30-53.781096455,1526459453.783808720,0.83,0.75,0.76,54791492522334,60804282760,441500410,209015600,223565621,235747086,174085992,180003403,168170523,177572332,76183,7,1484287,45647464,2435,0,317265,0,0,0,32804244,31545148,31441620,2116,186112
2018-05-16_10-31-23.860780803,1526459483.863452281,2018-05-16_10-31-23.868495081,1526459483.870959777,0.84,0.76,0.76,54876192137540,60890040106,442193583,209015600,223565621,235747086,174085992,180003403,170826983,177572332,76233,7,1486614,45667205,2435,0,317388,0,0,0,32804244,31544552,31441052,2116,186112
2018-05-16_10-31-53.939684731,1526459513.942530588,2018-05-16_10-31-53.948367031,1526459513.950997847,0.90,0.78,0.77,54960990992286,60979961872,442885537,209015600,223565621,235747086,174085992,180003403,173504837,177572332,76281,7,1489039,45686911,2435,0,317509,0,0,0,32804244,31545660,31442676,2116,186112
2018-05-16_10-32-24.020178902,1526459544.022822148,2018-05-16_10-32-24.028677022,1526459544.031174050,0.94,0.80,0.78,55038882985024,61078396618,443517967,209015600,223565621,235747086,174085992,180003403,175997671,177572332,76333,7,1491313,45706792,2435,0,317617,0,0,0,32804244,31544144,31440908,2116,186112
2018-05-16_10-32-54.094983821,1526459574.098371095,2018-05-16_10-32-54.104286159,1526459574.106911591,0.71,0.76,0.76,55105984840834,61178392144,444032836,209015600,223565621,235747086,174085992,180003403,178233204,177572332,76390,7,1493333,45727002,2435,0,317695,0,0,0,32804244,31544576,31441184,2116,186112
2018-05-16_10-33-24.182712218,1526459604.185382625,2018-05-16_10-33-24.191348350,1526459604.194112309,0.76,0.77,0.77,55190867238604,61282760890,444696853,209015600,223565621,235747086,174085992,180003403,180856711,177572332,76439,7,1495663,45746656,2435,0,317813,0,0,0,32804244,31543760,31440804,2116,186112
2018-05-16_10-33-54.271783692,1526459634.274874928,2018-05-16_10-33-54.280410928,1526459634.282888252,0.75,0.76,0.77,55268298444154,61382710216,445314459,209015600,223565621,235747086,174085992,180003403,183338348,177572332,76492,7,1497826,45766545,2435,0,317921,0,0,0,32804244,31543624,31440368,2116,186112
2018-05-16_10-34-24.347972911,1526459664.350694749,2018-05-16_10-34-24.356675635,1526459664.360125525,0.78,0.76,0.77,55334917399792,61481767042,445830422,209015600,223565621,235747086,174085992,180003403,185552858,177572332,76546,7,1499716,45786768,2435,0,318000,0,0,0,32804244,31531772,31428916,2116,186120
2018-05-16_10-34-54.430573952,1526459694.432575817,2018-05-16_10-34-54.436567796,1526459694.438465830,0.87,0.79,0.78,55420379634204,61589024128,446383631,209015600,224603102,235747086,174085992,180003403,187442043,177572332,76606,7,1502021,45806518,2435,0,318088,0,0,0,32804244,31532428,31429208,2116,186124
2018-05-16_10-35-24.487676896,1526459724.489876328,2018-05-16_10-35-24.494900881,1526459724.497199291,0.80,0.78,0.77,55505562620718,61713739714,446612634,209015600,228122804,235747086,174085992,180003403,187442043,177572332,76676,7,1504088,45826610,2435,0,318103,0,0,0,32804244,31532940,31429720,2116,186124
2018-05-16_10-35-54.543795839,1526459754.545816337,2018-05-16_10-35-54.549879092,1526459754.551641910,0.88,0.80,0.78,55590916143986,61853354020,446804097,209015600,231593608,235747086,174085992,180003403,187442043,177572332,76749,7,1506160,45846638,2435,0,318124,0,0,0,32804244,31533080,31429240,2116,186128
2018-05-16_10-36-24.598925621,1526459784.601044423,2018-05-16_10-36-24.605922273,1526459784.607744961,0.81,0.79,0.77,55669412098792,61964829706,447055507,209015600,234866838,235747086,174085992,180003403,187442043,177572332,76819,7,1507992,45866945,2435,0,318136,0,0,0,32804244,31531952,31428428,2116,186128
2018-05-16_10-36-54.658701234,1526459814.660595043,2018-05-16_10-36-54.664705169,1526459814.666562788,0.71,0.76,0.77,55737931853454,62072408632,447296534,209015600,237760616,235747086,174085992,180003403,187442043,177572332,76889,7,1509726,45887516,2435,0,318156,0,0,0,32804244,31531764,31428836,2116,186132
2018-05-16_10-37-24.717206379,1526459844.719744639,2018-05-16_10-37-24.723977831,1526459844.725878456,0.67,0.75,0.76,55823088658844,62193719938,447557797,209015600,241305259,235747086,174085992,180003403,187442043,177572332,76961,7,1511743,45907609,2435,0,318177,0,0,0,32804244,31544560,31441604,2116,186128
2018-05-16_10-37-54.775858398,1526459874.777728444,2018-05-16_10-37-54.781952947,1526459874.784341173,0.65,0.74,0.76,55901187456028,62325297604,447816469,209015600,244535000,235747086,174085992,180003403,187442043,177572332,77031,7,1513676,45927852,2435,0,318205,0,0,0,32804244,31543764,31440552,2116,186128
2018-05-16_10-38-24.833750608,1526459904.835530652,2018-05-16_10-38-24.839442428,1526459904.841186093,0.79,0.77,0.77,55968948916626,62429284150,448021169,209015600,247297757,235747086,174085992,180003403,187442043,177572332,77106,7,1515283,45948473,2435,0,318221,0,0,0,32804244,31544708,31441492,2116,186128
2018-05-16_10-38-54.889746642,1526459934.891539608,2018-05-16_10-38-54.895356908,1526459934.897072434,0.75,0.76,0.77,56048417212668,62519023156,449016177,209015600,249866164,235747086,174085992,180003403,187442043,177572332,77165,7,1517238,45968823,2435,0,318605,0,0,0,32804244,31544904,31441688,2116,186128
2018-05-16_10-39-24.939407640,1526459964.941153204,2018-05-16_10-39-24.944933612,1526459964.946642791,0.85,0.78,0.78,56111112027768,62542416802,451955109,209015600,249866164,235747086,174085992,180003403,187442043,177572332,77192,7,1518862,45989849,2435,0,319959,0,0,0,32804244,31545288,31442072,2116,186128
2018-05-16_10-39-54.988687505,1526459994.990400494,2018-05-16_10-39-54.994168959,1526459994.995868035,0.97,0.82,0.79,56173737904264,62565839488,454882787,209015600,249866164,235747086,174085992,180003403,187442043,177572332,77225,7,1520606,46010880,2435,0,321177,0,0,0,32804244,31546168,31442952,2116,186128
2018-05-16_10-40-25.038439656,1526460025.040200314,2018-05-16_10-40-25.044077132,1526460025.045778896,0.98,0.83,0.79,56236123172400,62589727414,457799549,209015600,249866164,235747086,174085992,180003403,187442043,177572332,77258,7,1522326,46031909,2435,0,322424,0,0,0,32804244,31545760,31442548,2116,186136
2018-05-16_10-40-55.088020905,1526460055.089741544,2018-05-16_10-40-55.093492126,1526460055.095173072,0.99,0.85,0.80,56298820745128,62613114340,460717978,209015600,249866164,235747086,174085992,180003403,187442043,177572332,77289,7,1523987,46052937,2435,0,323734,0,0,0,32804244,31546844,31443632,2116,186136
2018-05-16_10-41-25.137449690,1526460085.139178949,2018-05-16_10-41-25.142942118,1526460085.144638046,1.07,0.88,0.81,56361544290984,62636488906,463646286,209015600,249866164,235747086,174085992,180003403,187442043,177572332,77316,7,1525582,46073966,2435,0,325113,0,0,0,32804244,31546848,31443636,2116,186136
2018-05-16_10-41-55.186600743,1526460115.188339304,2018-05-16_10-41-55.192091670,1526460115.193785973,1.04,0.89,0.82,56424071358690,62660012332,466570550,209015600,249866164,235747086,174085992,180003403,187442043,177572332,77350,7,1527122,46094998,2435,0,326534,0,0,0,32804244,31547536,31444324,2116,186136
2018-05-16_10-42-25.236324719,1526460145.238088807,2018-05-16_10-42-25.241986938,1526460145.243688851,1.09,0.92,0.83,56486686561728,62683872838,469486312,209015600,249866164,235747086,174085992,180003403,187442043,177572332,77385,7,1528730,46116022,2435,0,327896,0,0,0,32804244,31535192,31431984,2116,186144
2018-05-16_10-42-55.287599824,1526460175.290415350,2018-05-16_10-42-55.297371303,1526460175.300308616,1.05,0.93,0.83,56555139287282,62723696944,471818945,209015600,249866164,235747086,174794785,180003403,187442043,177572332,77427,7,1530611,46136714,2435,0,328861,0,0,0,32804244,31534376,31430912,2116,186144
2018-05-16_10-43-25.366512730,1526460205.369408248,2018-05-16_10-43-25.376983043,1526460205.379773689,0.91,0.90,0.83,56639899796792,62814694930,472497204,209015600,249866164,235747086,177440979,180003403,187442043,177572332,77483,7,1532855,46156464,2435,0,328953,0,0,0,32804244,31534116,31431192,2116,186152
2018-05-16_10-43-55.445610729,1526460235.448873613,2018-05-16_10-43-55.456594158,1526460235.459712079,0.87,0.89,0.83,56724939251962,62920521856,473152805,209015600,249866164,235747086,180043408,180003403,187442043,177572332,77543,7,1535078,46176137,2435,0,329068,0,0,0,32804244,31533264,31430592,2116,186152
2018-05-16_10-44-25.529552137,1526460265.531784585,2018-05-16_10-44-25.536555759,1526460265.538582905,0.84,0.89,0.83,56803665543894,63020661682,473786039,209015600,249866164,235747086,182540015,180003403,187442043,177572332,77603,7,1537181,46196001,2435,0,329170,0,0,0,32804244,31531836,31428640,2116,186156
2018-05-16_10-44-55.591300462,1526460295.594183605,2018-05-16_10-44-55.598775484,1526460295.600911671,0.72,0.85,0.82,56870654070784,63113618788,474321277,209015600,249866164,235747086,184761758,180003403,187442043,177572332,77654,7,1539034,46216260,2435,0,329238,0,0,0,32804244,31532712,31429228,2116,186156
2018-05-16_10-45-25.653555363,1526460325.655478116,2018-05-16_10-45-25.659714771,1526460325.661614219,0.72,0.84,0.81,56955044109320,63200386834,474998579,209015600,249866164,235747086,187388511,180003403,187442043,177572332,77703,7,1541271,46236038,2435,0,329334,0,0,0,32804244,31545252,31441776,2116,186148
2018-05-16_10-45-55.721859064,1526460355.724430616,2018-05-16_10-45-55.729757605,1526460355.731932767,0.61,0.80,0.80,57033486676036,63288724120,475629845,209015600,249866164,235747086,189896929,180003403,187442043,177572332,77756,7,1543487,46255965,2435,0,329428,0,0,0,32804244,31544320,31441116,2116,186148
2018-05-16_10-46-25.784895382,1526460385.787900099,2018-05-16_10-46-25.794136978,1526460385.796887569,0.56,0.77,0.79,57099457927150,63389393146,476108804,209015600,249866164,235747086,192070893,180003403,187442043,177572332,77814,7,1545457,46276217,2435,0,329489,0,0,0,32804244,31545500,31442252,2116,186148
2018-05-16_10-46-55.866886692,1526460415.869860021,2018-05-16_10-46-55.875166454,1526460415.877789690,0.67,0.78,0.79,57185273037664,63497546332,476703869,209015600,249866164,235747086,194601739,180003403,187442043,177572332,77873,7,1547807,46295836,2435,0,329589,0,0,0,32804244,31544608,31441452,2116,186148
2018-05-16_10-47-25.943092529,1526460445.946151558,2018-05-16_10-47-25.951388642,1526460445.953422816,0.65,0.77,0.79,57264169707302,63599970358,477315777,209015600,249866164,235747086,197070500,180003403,187442043,177572332,77924,7,1549942,46315712,2435,0,329678,0,0,0,32804244,31544292,31440588,2116,186148
2018-05-16_10-47-56.007453652,1526460476.009674965,2018-05-16_10-47-56.015097071,1526460476.018141906,0.55,0.73,0.77,57330073277964,63699189904,477817034,209015600,249866164,235747086,199253382,180003403,187442043,177572332,77980,7,1551889,46335972,2435,0,329742,0,0,0,32804244,31545368,31441788,2116,186148
2018-05-16_10-48-26.079120918,1526460506.082504719,2018-05-16_10-48-26.088915006,1526460506.091692268,0.73,0.75,0.78,57414659297548,63803036590,478479367,209015600,249866164,235747086,201858428,180003403,187442043,177572332,78032,7,1554209,46355656,2435,0,329845,0,0,0,32804244,31545752,31442556,2116,186148
2018-05-16_10-48-56.159697348,1526460536.162408372,2018-05-16_10-48-56.169261162,1526460536.171326412,0.75,0.76,0.78,57493574464330,63905628196,479093225,209015600,249866164,235747086,204336166,180003403,187442043,177572332,78087,7,1556397,46375527,2435,0,329940,0,0,0,32804244,31544220,31440996,2116,186148
2018-05-16_10-49-26.227647404,1526460566.229986412,2018-05-16_10-49-26.236572728,1526460566.239271416,0.85,0.78,0.79,57558966834738,64003440082,479599492,209015600,249866164,235747086,206492671,180003403,187442043,177572332,78139,7,1558299,46395838,2435,0,330002,0,0,0,32804244,31544724,31441196,2116,186148
2018-05-16_10-49-56.305477881,1526460596.308577601,2018-05-16_10-49-56.314647910,1526460596.317322683,0.83,0.79,0.79,57643942278182,64105838548,480250686,209015600,249866164,235747086,209106120,180003403,187442043,177572332,78192,7,1560682,46415536,2435,0,330111,0,0,0,32804244,31545664,31442992,2116,186148
2018-05-16_10-50-26.381244042,1526460626.384062478,2018-05-16_10-50-26.391264488,1526460626.393821572,0.70,0.76,0.78,57728569206920,64192390114,480931903,209015600,249866164,235747086,211772069,180003403,187442043,177572332,78248,7,1562986,46435300,2435,0,330217,0,0,0,32804244,31533604,31429792,2116,186168
2018-05-16_10-50-56.456116159,1526460656.457967449,2018-05-16_10-50-56.461939483,1526460656.463658582,0.70,0.75,0.77,57808085784662,64263206740,482166779,209015600,249866164,235747086,213789484,180003403,187442043,177572332,78301,7,1565092,46455348,2435,0,330621,0,0,0,32804244,31533000,31430028,2116,186172
2018-05-16_10-51-26.506574758,1526460686.508329263,2018-05-16_10-51-26.512355601,1526460686.514461942,0.82,0.78,0.78,57870607732002,64286871526,485095172,209015600,249866164,235747086,213789484,180003403,187442043,177572332,78330,7,1566721,46476383,2435,0,331955,0,0,0,32804244,31534444,31431248,2116,186172
2018-05-16_10-51-56.557042681,1526460716.558810232,2018-05-16_10-51-56.562750903,1526460716.564467468,0.89,0.80,0.79,57933281779914,64310517532,488021001,209015600,249866164,235747086,213789484,180003403,187442043,177572332,78363,7,1568353,46497406,2435,0,333298,0,0,0,32804244,31534256,31431064,2116,186176
2018-05-16_10-52-26.607361319,1526460746.609135499,2018-05-16_10-52-26.613040917,1526460746.614751261,1.00,0.83,0.80,57996012513512,64333876858,490964173,209015600,249866164,235747086,213789484,180003403,187442043,177572332,78397,7,1570010,46518428,2435,0,334615,0,0,0,32804244,31534920,31431728,2116,186176
2018-05-16_10-52-56.657408068,1526460776.659499025,2018-05-16_10-52-56.663395829,1526460776.665110909,1.00,0.85,0.80,58058684198176,64357351564,493896286,209015600,249866164,235747086,213789484,180003403,187442043,177572332,78432,7,1571698,46539454,2435,0,335896,0,0,0,32804244,31534992,31431800,2116,186176
2018-05-16_10-53-26.707635586,1526460806.709407240,2018-05-16_10-53-26.713240530,1526460806.714940685,1.06,0.88,0.81,58121137411666,64381803610,496823594,209015600,249866164,235747086,213789484,180003403,187442043,177572332,78465,7,1573394,46560489,2435,0,337159,0,0,0,32804244,31547824,31444892,2116,186172
2018-05-16_10-53-56.757278582,1526460836.759022356,2018-05-16_10-53-56.762788344,1526460836.764473918,1.18,0.92,0.83,58183638997184,64405239916,499757381,209015600,249866164,235747086,213789484,180003403,187442043,177572332,78499,7,1575055,46581523,2435,0,338460,0,0,0,32804244,31548136,31444648,2116,186172
2018-05-16_10-54-26.807553694,1526460866.809285085,2018-05-16_10-54-26.813068012,1526460866.814761721,1.17,0.95,0.84,58246054980368,64429514482,502683774,209015600,249866164,235747086,213789484,180003403,187442043,177572332,78528,7,1576666,46602551,2435,0,339822,0,0,0,32804244,31547764,31444572,2116,186172
2018-05-16_10-54-56.857037811,1526460896.859055926,2018-05-16_10-54-56.864203556,1526460896.866566604,1.10,0.95,0.85,58313695187032,64480560928,504992372,209015600,250669291,235747086,213789484,180003403,187442043,177572332,78570,7,1578377,46623352,2435,0,340868,0,0,0,32804244,31546388,31443480,2116,186172
2018-05-16_10-55-26.913580031,1526460926.916154198,2018-05-16_10-55-26.920700721,1526460926.922790241,1.01,0.94,0.85,58393277782946,64615840714,505249623,209015600,254006520,235747086,213789484,180003403,187442043,177572332,78639,7,1580333,46643546,2435,0,340898,0,0,0,32804244,31545264,31442072,2116,186172
2018-05-16_10-55-56.971825258,1526460956.973645995,2018-05-16_10-55-56.977754103,1526460956.980476352,0.90,0.92,0.84,58460488283332,64730690080,505589155,209015600,256761949,235747086,213789484,180003403,187442043,177572332,78709,7,1582149,46664111,2435,0,340924,0,0,0,32804244,31544980,31441528,2116,186172
2018-05-16_10-56-27.030681297,1526460987.032768473,2018-05-16_10-56-27.037335571,1526460987.039246962,0.80,0.89,0.84,58545548588368,64872065566,505774772,209015600,260207472,235747086,213789484,180003403,187442043,177572332,78776,7,1584244,46684158,2435,0,340941,0,0,0,32804244,31544256,31440784,2116,186172
2018-05-16_10-56-57.088592671,1526461017.090595598,2018-05-16_10-56-57.095190817,1526461017.097124224,0.74,0.87,0.83,58625756313358,64984341412,506036075,209015600,263551117,235747086,213789484,180003403,187442043,177572332,78845,7,1586215,46704418,2435,0,340956,0,0,0,32804244,31544092,31440812,2116,186176
2018-05-16_10-57-27.145029924,1526461047.146792538,2018-05-16_10-57-27.150606843,1526461047.152312718,0.72,0.85,0.83,58692107518184,65097623218,506325293,209015600,266351069,235747086,213789484,180003403,187442043,177572332,78915,7,1587920,46725018,2435,0,340981,0,0,0,32804244,31545640,31441864,2116,186176
2018-05-16_10-57-57.198608074,1526461077.200592587,2018-05-16_10-57-57.206096742,1526461077.207902257,0.75,0.85,0.83,58776938538736,65236992304,506534152,209015600,269826118,235747086,213789484,180003403,187442043,177572332,78986,7,1589942,46745064,2435,0,341003,0,0,0,32804244,31545676,31442228,2116,186176
2018-05-16_10-58-27.255807922,1526461107.257811265,2018-05-16_10-58-27.261796707,1526461107.263730627,0.69,0.83,0.82,58862420053226,65351112610,506792264,209015600,273379391,235747086,213789484,180003403,187442043,177572332,79058,7,1591891,46765178,2435,0,341018,0,0,0,32804244,31533280,31430092,2116,186184
2018-05-16_10-58-57.315686322,1526461137.318609667,2018-05-16_10-58-57.324792139,1526461137.327510334,0.75,0.83,0.82,58948054094570,65459727976,507151450,209015600,276168605,235747086,213789484,180003403,188026573,177572332,79126,7,1593977,46785195,2435,0,341063,0,0,0,32804244,31532088,31428492,2116,186188
2018-05-16_10-59-27.394497753,1526461167.397030201,2018-05-16_10-59-27.403808082,1526461167.406209106,0.85,0.85,0.83,59026951619732,65546516062,507797114,209015600,276168605,235747086,213789484,180003403,190561690,177572332,79173,7,1596184,46805098,2435,0,341150,0,0,0,32804244,31531212,31428572,2116,186188
2018-05-16_10-59-57.463453226,1526461197.465410423,2018-05-16_10-59-57.470781626,1526461197.472983150,0.71,0.81,0.82,59091542990870,65643019648,508300921,209015600,276168605,235747086,213789484,180003403,192741806,177572332,79229,7,1598110,46825370,2435,0,341218,0,0,0,32804244,31531908,31428704,2116,186188
2018-05-16_11-00-27.525546141,1526461227.527463124,2018-05-16_11-00-27.532506712,1526461227.534608049,0.82,0.83,0.83,59176567116990,65745183394,508974295,209015600,276168605,235747086,213789484,180003403,195380827,177572332,79283,7,1600502,46844991,2437,0,341350,0,0,0,32804244,31532764,31429760,2116,186200
2018-05-16_11-00-57.596144098,1526461257.599111802,2018-05-16_11-00-57.606130549,1526461257.608607471,0.89,0.85,0.83,59256622601296,65846162140,509612011,209015600,276168605,235747086,213789484,180003403,197903204,177572332,79333,7,1602772,46864774,2437,0,341468,0,0,0,32804244,31531960,31428768,2116,186200
2018-05-16_11-01-27.664887989,1526461287.667752969,2018-05-16_11-01-27.673459221,1526461287.675934425,0.75,0.81,0.82,59320509749298,65942514706,510102320,209015600,276168605,235747086,213789484,180003403,200068466,177572332,79386,7,1604684,46885097,2437,0,341531,0,0,0,32804244,31545260,31442020,2116,186192
2018-05-16_11-01-57.737165041,1526461317.740659768,2018-05-16_11-01-57.747601497,1526461317.749729187,0.78,0.82,0.82,59405463499304,66046164592,510764942,209015600,276168605,235747086,213789484,180003403,202709904,177572332,79436,7,1607031,46904747,2437,0,341655,0,0,0,32804244,31545000,31442348,2116,186192
2018-05-16_11-02-27.812839145,1526461347.815944390,2018-05-16_11-02-27.822676535,1526461347.824750037,0.65,0.78,0.81,59490723049524,66144670798,511454378,209015600,276168605,235747086,213789484,180003403,205397387,177572332,79490,7,1609404,46924386,2437,0,341786,0,0,0,32804244,31545064,31442148,2116,186192
2018-05-16_11-02-57.881663565,1526461377.884919920,2018-05-16_11-02-57.891119216,1526461377.893303156,0.79,0.81,0.82,59575964354648,66234383764,512146951,209015600,276168605,235747086,213789484,180003403,207540282,178122529,79545,7,1611747,46944079,2437,0,341912,0,0,0,32804244,31545048,31441564,2116,186192
2018-05-16_11-03-27.955845182,1526461407.958384719,2018-05-16_11-03-27.963724841,1526461407.965944762,0.87,0.82,0.82,59656150358192,66334008070,512794956,209015600,276168605,235747086,213789484,180003403,207540282,180662825,79597,7,1613960,46963910,2437,0,342016,0,0,0,32804244,31544284,31440784,2116,186196
2018-05-16_11-03-58.026952356,1526461438.029893366,2018-05-16_11-03-58.035906834,1526461438.038522634,0.85,0.82,0.82,59720203444958,66427578676,513291028,209015600,276168605,235747086,213789484,180003403,207540282,182794543,79652,7,1615823,46984271,2437,0,342077,0,0,0,32804244,31544932,31441752,2116,186196
2018-05-16_11-04-28.096560988,1526461468.099156125,2018-05-16_11-04-28.105775141,1526461468.108502680,0.91,0.84,0.83,59804825573336,66518390842,513962027,209015600,276168605,235747086,213789484,180003403,207540282,185443663,79702,7,1618026,47004025,2437,0,342178,0,0,0,32804244,31543936,31441044,2116,186196
2018-05-16_11-04-58.164456491,1526461498.166487244,2018-05-16_11-04-58.173200947,1526461498.175932518,1.01,0.87,0.84,59884851742944,66620992168,514583648,209015600,276168605,235747086,213789484,180003403,207540282,187955706,79752,7,1620075,47023837,2437,0,342266,0,0,0,32804244,31542896,31440004,2116,186196
2018-05-16_11-05-28.233953738,1526461528.236444910,2018-05-16_11-05-28.243411920,1526461528.246204995,0.74,0.82,0.83,59948849648642,66717341674,515064524,209015600,276168605,235747086,213789484,180003403,207540282,190143650,79804,7,1621557,47044166,2437,0,342305,0,0,0,32804244,31543708,31440788,2116,186196
2018-05-16_11-05-58.305987171,1526461558.308491639,2018-05-16_11-05-58.315788765,1526461558.318951287,0.81,0.84,0.83,60033315433590,66803857720,515746274,209015600,276168605,235747086,213789484,180003403,207540282,192779842,79860,7,1623849,47063934,2437,0,342418,0,0,0,32804244,31543880,31440428,2116,186196
2018-05-16_11-06-28.394254423,1526461588.397201931,2018-05-16_11-06-28.403745073,1526461588.406411122,0.88,0.85,0.84,60118130300598,66891114766,516423855,209015600,276168605,235747086,213789484,180003403,207540282,195432290,79913,7,1626177,47083690,2437,0,342521,0,0,0,32804244,31532040,31429412,2116,186208
2018-05-16_11-06-58.464751979,1526461618.466790926,2018-05-16_11-06-58.470845828,1526461618.472746655,0.85,0.85,0.84,60203147197382,66983464792,517019804,209015600,276168605,236447657,213789484,180003403,207540282,197560435,79970,7,1628422,47103498,2437,0,342601,0,0,0,32804244,31530732,31427816,2116,186208
2018-05-16_11-07-28.520027335,1526461648.522171633,2018-05-16_11-07-28.526733685,1526461648.528553901,0.66,0.80,0.82,60283417254554,67095430858,517293353,209015600,276168605,239824100,213789484,180003403,207540282,197560435,80035,7,1630379,47123759,2437,0,342614,0,0,0,32804244,31532028,31428580,2116,186208
2018-05-16_11-07-58.576212984,1526461678.578276500,2018-05-16_11-07-58.582573087,1526461678.584482478,0.79,0.82,0.83,60348684748370,67208483584,517652296,209015600,276168605,242548084,213789484,180003403,207540282,197560435,80108,7,1632178,47144371,2437,0,342644,0,0,0,32804244,31531920,31428744,2116,186212
2018-05-16_11-08-28.631699993,1526461708.633713187,2018-05-16_11-08-28.638014712,1526461708.639860861,0.68,0.79,0.82,60433564230120,67355279110,517828179,209015600,276168605,246028795,213789484,180003403,207540282,197560435,80182,7,1634405,47164390,2437,0,342664,0,0,0,32804244,31532312,31428868,2116,186216
2018-05-16_11-08-58.689017385,1526461738.690984577,2018-05-16_11-08-58.695060160,1526461738.697088669,0.60,0.76,0.81,60514501696286,67491839476,518116624,209015600,276168605,249444245,213789484,180003403,207540282,197560435,80250,7,1636509,47184523,2437,0,342688,0,0,0,32804244,31530788,31427296,2116,186216
2018-05-16_11-09-28.745510424,1526461768.748309171,2018-05-16_11-09-28.752463841,1526461768.754394212,0.55,0.74,0.80,60581063224004,67601330422,518499776,209015600,276168605,252236600,213789484,180003403,207540282,197560435,80320,7,1638315,47205103,2437,0,342716,0,0,0,32804244,31543992,31441364,2116,186208
2018-05-16_11-09-58.799375545,1526461798.801344018,2018-05-16_11-09-58.805358189,1526461798.807234243,0.53,0.71,0.79,60667007290670,67718160328,518748434,209015600,276168605,255849310,213789484,180003403,207540282,197560435,80385,7,1640265,47225194,2437,0,342725,0,0,0,32804244,31543888,31440432,2116,186208
2018-05-16_11-10-28.854947159,1526461828.856956988,2018-05-16_11-10-28.861245140,1526461828.863151041,0.53,0.69,0.78,60751697844798,67838833534,518995589,209015600,276168605,259410241,213789484,180003403,207540282,197560435,80454,7,1642223,47245318,2437,0,342739,0,0,0,32804244,31543164,31439436,2116,186220
2018-05-16_11-10-58.910627568,1526461858.913340340,2018-05-16_11-10-58.918970047,1526461858.920747174,0.51,0.67,0.77,60837093781038,67982545300,519178616,209646098,276168605,262251253,213789484,180003403,207540282,197560435,80520,7,1644253,47265339,2437,0,342761,0,0,0,32804244,31544424,31440604,2116,186220
2018-05-16_11-11-28.976818231,1526461888.979456015,2018-05-16_11-11-28.984560583,1526461888.986488581,0.50,0.66,0.76,60918344202720,68096194546,519438629,212978721,276168605,262251253,213789484,180003403,207540282,197560435,80588,7,1646196,47285565,2437,0,342791,0,0,0,32804244,31544788,31441028,2116,186220
2018-05-16_11-11-59.047229327,1526461919.049365865,2018-05-16_11-11-59.055117894,1526461919.057202886,0.69,0.69,0.77,60984391093014,68205653272,519755403,215712156,276168605,262251253,213789484,180003403,207540282,197560435,80659,7,1647961,47306180,2437,0,342832,0,0,0,32804244,31542832,31440184,2116,186220
2018-05-16_11-12-29.114347532,1526461949.117445203,2018-05-16_11-12-29.123498684,1526461949.126177124,0.56,0.66,0.76,61069786519694,68327500258,520022215,219204061,276168605,262251253,213789484,180003403,207540282,197560435,80730,7,1650067,47326273,2437,0,342861,0,0,0,32804244,31543192,31439752,2116,186220
2018-05-16_11-12-59.180253877,1526461979.182702179,2018-05-16_11-12-59.187611978,1526461979.189937755,0.59,0.66,0.76,61151093602224,68439962164,520283207,222546119,276168605,262251253,213789484,180003403,207540282,197560435,80793,7,1651823,47346504,2437,0,342884,0,0,0,32804244,31543492,31441132,2116,186220
2018-05-16_11-13-29.243507122,1526462009.245254319,2018-05-16_11-13-29.250436568,1526462009.253284654,0.50,0.63,0.74,61216018293744,68551638910,520520897,225287819,276168605,262251253,213789484,180003403,207540282,197560435,80854,7,1652710,47367161,2437,0,342909,0,0,0,32804244,31545032,31441576,2116,186220
2018-05-16_11-13-59.304469232,1526462039.306360608,2018-05-16_11-13-59.312358785,1526462039.314129886,0.64,0.65,0.75,61300666801024,68696309656,520756554,228776327,276168605,262251253,213789484,180003403,207540282,197560435,80927,7,1654636,47387186,2437,0,342954,0,0,0,32804244,31543920,31440756,2116,186220
2018-05-16_11-14-29.364865363,1526462069.366931868,2018-05-16_11-14-29.370915674,1526462069.374096388,0.66,0.65,0.74,61385823541708,68845926622,520904471,232192882,276168605,262251253,213789484,180003403,207540282,197560435,80990,7,1656591,47407184,2437,0,343002,0,0,0,32804244,31531656,31428504,2116,186228
2018-05-16_11-14-59.436935797,1526462099.439905678,2018-05-16_11-14-59.446830999,1526462099.449702003,0.73,0.67,0.75,61470969771278,68979491728,521242173,235110172,276168605,262251253,213789484,180456346,207540282,197560435,81064,7,1658623,47427138,2437,0,343073,0,0,0,32804244,31531692,31428520,2116,186232
2018-05-16_11-15-29.509680567,1526462129.512332746,2018-05-16_11-15-29.518236250,1526462129.520417836,0.78,0.68,0.75,61551665160230,69066774694,521888567,235110172,276168605,262251253,213789484,182995519,207540282,197560435,81107,7,1660873,47446993,2437,0,343183,0,0,0,32804244,31531468,31428564,2116,186232
2018-05-16_11-15-59.581229483,1526462159.584204850,2018-05-16_11-15-59.589184679,1526462159.591407016,0.80,0.70,0.75,61616615128368,69167935420,522320363,235110172,276168605,262251253,213789484,185124806,207540282,197560435,81155,7,1663125,47467259,2437,0,343251,0,0,0,32804244,31532484,31429048,2116,186232
2018-05-16_11-16-29.654389730,1526462189.656449750,2018-05-16_11-16-29.660722314,1526462189.662612791,0.88,0.73,0.76,61701549634198,69273811966,522910102,235110172,276168605,262251253,213789484,187603977,207540282,197560435,81210,7,1665489,47486882,2437,0,343353,0,0,0,32804244,31532408,31429232,2116,186236
2018-05-16_11-16-59.721579181,1526462219.724212177,2018-05-16_11-16-59.730284072,1526462219.733120461,0.84,0.74,0.77,61782613902268,69376417552,523544586,235110172,276168605,262251253,213789484,190111351,207540282,197560435,81261,7,1667608,47506641,2437,0,343470,0,0,0,32804244,31531692,31429080,2116,186240
2018-05-16_11-17-29.794873385,1526462249.798931562,2018-05-16_11-17-29.805389371,1526462249.808225192,0.72,0.71,0.76,61845840100486,69472469458,524030636,235110172,276168605,262251253,213789484,192287763,207540282,197560435,81316,7,1669211,47526979,2437,0,343529,0,0,0,32804244,31544896,31441732,2116,186232
2018-05-16_11-17-59.873655354,1526462279.876544949,2018-05-16_11-17-59.882219826,1526462279.884608026,0.83,0.74,0.77,61931112872512,69557337724,524735392,235110172,276168605,262251253,213789484,194941958,207540282,197560435,81362,7,1671522,47546685,2437,0,343629,0,0,0,32804244,31544964,31441820,2116,186232
2018-05-16_11-18-29.934124714,1526462309.936061185,2018-05-16_11-18-29.940342160,1526462309.943181747,0.83,0.75,0.77,62015617941876,69642181570,525431123,235110172,276168605,262251253,213789484,197590261,207540282,197560435,81411,7,1673783,47566425,2437,0,343720,0,0,0,32804244,31545520,31442356,2116,186232
2018-05-16_11-18-59.999558889,1526462340.002519485,2018-05-16_11-19-00.007836068,1526462340.010314951,0.77,0.74,0.77,62096106151936,69729075196,526083328,235110172,276168605,262251253,213789484,200123531,207540282,197560435,81461,7,1676008,47586301,2437,0,343817,0,0,0,32804244,31545440,31442012,2116,186232
2018-05-16_11-19-30.073602455,1526462370.077059592,2018-05-16_11-19-30.084614383,1526462370.087267330,0.75,0.74,0.77,62159614200896,69828076402,526561038,235110172,276168605,262251253,213789484,202280328,207540282,197560435,81511,7,1677929,47606630,2437,0,343877,0,0,0,32804244,31545396,31442248,2116,186232
2018-05-16_11-20-00.162668401,1526462400.165861302,2018-05-16_11-20-00.172430950,1526462400.174891504,0.85,0.76,0.77,62244958139352,69932501008,527225106,235110172,276168605,262251253,213789484,204891180,207540282,197560435,81562,7,1680338,47626266,2437,0,343990,0,0,0,32804244,31546232,31443344,2116,186232
2018-05-16_11-20-30.234143957,1526462430.237188429,2018-05-16_11-20-30.243295697,1526462430.245610173,0.84,0.77,0.78,62330328175540,70037306614,527887765,235110172,276168605,262251253,213789484,207485265,207540282,197560435,81618,7,1682613,47645901,2437,0,344103,0,0,0,32804244,31545060,31441632,2116,186240
2018-05-16_11-21-00.301812302,1526462460.304740121,2018-05-16_11-21-00.309250459,1526462460.311136218,0.83,0.77,0.78,62415498713298,70140454780,528548027,235110172,276168605,262251253,213789484,210095145,207540282,197560435,81670,7,1684893,47665559,2437,0,344217,0,0,0,32804244,31544856,31441968,2116,186240
2018-05-16_11-21-30.381930224,1526462490.384679778,2018-05-16_11-21-30.390287964,1526462490.393008551,0.90,0.80,0.78,62496061458878,70226470366,529206864,235110172,276168605,262251253,213789484,212645167,207540282,197560435,81718,7,1687055,47685434,2437,0,344310,0,0,0,32804244,31544640,31441468,2116,186240
2018-05-16_11-22-00.454111996,1526462520.457142299,2018-05-16_11-22-00.465040793,1526462520.467709772,0.73,0.77,0.77,62558660633398,70323654472,529682832,235110172,276168605,262251253,213789484,214744473,207540282,197560435,81768,7,1688851,47705806,2437,0,344371,0,0,0,32804244,31545040,31441884,2116,186240
2018-05-16_11-22-30.536119832,1526462550.539535483,2018-05-16_11-22-30.545337694,1526462550.547433715,0.76,0.77,0.77,62643550061994,70425391738,530361716,235110172,276168605,262251253,213789484,217364607,207540282,197560435,81819,7,1691210,47725455,2437,0,344487,0,0,0,32804244,31532124,31429240,2116,186252
2018-05-16_11-23-00.607186258,1526462580.609843241,2018-05-16_11-23-00.614728508,1526462580.617094527,0.79,0.78,0.77,62725470047078,70528483084,530976087,235507927,276168605,262251253,213789484,219583956,207540282,197560435,81877,7,1693492,47745239,2437,0,344603,0,0,0,32804244,31531488,31428368,2116,186252
2018-05-16_11-23-30.678194041,1526462610.681541736,2018-05-16_11-23-30.685498895,1526462610.688133331,0.73,0.77,0.77,62790474638984,70636573150,531229336,238232258,276168605,262251253,213789484,219583956,207540282,197560435,81951,7,1695081,47765895,2437,0,344640,0,0,0,32804244,31532160,31429032,2116,186260
2018-05-16_11-24-00.741971807,1526462640.743733004,2018-05-16_11-24-00.747970892,1526462640.751167935,0.77,0.77,0.77,62875298705198,70756513096,531474954,241704552,276168605,262251253,213789484,219583956,207540282,197560435,82021,7,1696905,47786014,2437,0,344674,0,0,0,32804244,31532024,31429136,2116,186260
2018-05-16_11-24-30.814184766,1526462670.816146100,2018-05-16_11-24-30.821616125,1526462670.824326069,0.61,0.73,0.76,62959778956772,70900320142,531749145,245165197,276168605,262251253,213789484,219583956,207540282,197560435,82097,7,1698870,47806033,2437,0,344723,0,0,0,32804244,31531888,31428736,2116,186264
2018-05-16_11-25-00.878281147,1526462700.881701259,2018-05-16_11-25-00.886531169,1526462700.889059789,0.70,0.74,0.76,63044740641604,71044170748,531999720,248655999,276168605,262251253,213789484,219583956,207540282,197560435,82165,7,1700877,47826054,2437,0,344772,0,0,0,32804244,31532120,31428420,2116,186264
2018-05-16_11-25-30.952925413,1526462730.954924517,2018-05-16_11-25-30.960683631,1526462730.963115568,0.74,0.75,0.77,63126248178966,71185734574,532192236,251927984,276168605,262251253,213789484,219583956,207540282,197560435,82235,7,1702864,47846180,2437,0,344814,0,0,0,32804244,31544656,31441420,2116,186256
2018-05-16_11-26-01.021306574,1526462761.023119126,2018-05-16_11-26-01.028080834,1526462761.030696889,0.67,0.73,0.76,63191357351926,71293937380,532571121,254611146,276168605,262251253,213789484,219583956,207540282,197560435,82303,7,1704532,47866801,2437,0,344859,0,0,0,32804244,31544708,31441312,2116,186256
2018-05-16_11-26-31.083824073,1526462791.085610984,2018-05-16_11-26-31.091304680,1526462791.093960302,0.71,0.74,0.76,63276353953448,71412437446,532833960,258089303,276168605,262251253,213789484,219583956,207540282,197560435,82370,7,1706652,47886919,2437,0,344893,0,0,0,32804244,31544696,31441732,2116,186256
2018-05-16_11-27-01.152843867,1526462821.154816251,2018-05-16_11-27-01.159731835,1526462821.161950293,0.63,0.71,0.75,63357914990574,71548618132,533129127,261103963,276168605,262613734,213789484,219583956,207540282,197560435,82434,7,1708722,47907036,2437,0,344937,0,0,0,32804244,31545004,31441580,2116,186256
2018-05-16_11-27-31.210480923,1526462851.212510526,2018-05-16_11-27-31.216639487,1526462851.219286863,0.59,0.69,0.75,63422847881418,71661287278,533458235,261103963,276168605,265341357,213789484,219583956,207540282,197560435,82503,7,1710402,47927643,2437,0,344966,0,0,0,32804244,31544952,31441240,2116,186256
2018-05-16_11-28-01.263658618,1526462881.265431444,2018-05-16_11-28-01.269487624,1526462881.271372637,0.68,0.71,0.75,63507921149402,71805338704,533634294,261103963,276168605,268790888,213789484,219583956,207540282,197560435,82567,7,1712371,47947663,2437,0,344987,0,0,0,32804244,31543812,31440660,2116,186256
2018-05-16_11-28-31.316792813,1526462911.318736475,2018-05-16_11-28-31.322603748,1526462911.324311220,0.65,0.70,0.75,63593244095196,71925399130,533873789,261103963,276168605,272343254,213789484,219583956,207540282,197560435,82636,7,1714307,47967767,2437,0,344997,0,0,0,32804244,31543844,31440692,2116,186256
2018-05-16_11-29-01.374428297,1526462941.376363587,2018-05-16_11-29-01.380289319,1526462941.382146777,0.65,0.70,0.75,63678522434612,72070143616,534051749,261103963,276168605,275806826,213789484,219583956,207540282,197560435,82699,7,1716345,47987777,2437,0,345015,0,0,0,32804244,31544212,31440792,2116,186256
2018-05-16_11-29-31.427857492,1526462971.430167166,2018-05-16_11-29-31.434159673,1526462971.436074786,0.79,0.73,0.76,63760805660728,72184535662,534305752,261103963,276168605,279259947,213789484,219583956,207540282,197560435,82769,7,1718380,48007979,2437,0,345029,0,0,0,32804244,31542724,31440096,2116,186256
2018-05-16_11-30-01.484744871,1526463001.486678014,2018-05-16_11-30-01.490671347,1526463001.492590003,0.75,0.72,0.75,63825053887454,72291567808,534532773,261103963,276168605,282031843,213789484,219583956,207540282,197560435,82847,7,1719982,48028636,2437,0,345042,0,0,0,32804244,31543548,31440328,2116,186260
2018-05-16_11-30-31.537819113,1526463031.539593192,2018-05-16_11-30-31.543632669,1526463031.545394988,0.73,0.72,0.75,63910377139852,72410371234,534780692,261103963,276168605,285614166,213789484,219583956,207540282,197560435,82915,7,1721987,48048738,2437,0,345059,0,0,0,32804244,31531820,31428688,2116,186276
2018-05-16_11-31-01.597267446,1526463061.599546441,2018-05-16_11-31-01.604529064,1526463061.607085954,0.70,0.71,0.75,63992212098204,72548437480,535053130,261103963,276168605,288749099,213789484,219583956,207540282,197822359,82978,7,1724029,48068808,2437,0,345101,0,0,0,32804244,31530812,31427672,2116,186280
2018-05-16_11-31-31.665563424,1526463091.668577578,2018-05-16_11-31-31.674860232,1526463091.677480776,0.68,0.71,0.75,64054063778832,72645749086,535519368,261103963,276168605,288749099,213789484,219583956,207540282,199931654,83029,7,1725863,48089211,2437,0,345150,0,0,0,32804244,31531496,31428372,2116,186280
2018-05-16_11-32-01.744275759,1526463121.747433459,2018-05-16_11-32-01.753108414,1526463121.755479741,0.74,0.72,0.75,64138775372708,72749859832,536173721,261103963,276168605,288749099,213789484,219583956,207540282,202527505,83081,7,1728214,48108879,2437,0,345271,0,0,0,32804244,31532400,31428948,2116,186284
2018-05-16_11-32-31.815903261,1526463151.818270765,2018-05-16_11-32-31.824127847,1526463151.826791213,0.84,0.75,0.76,64223749578518,72853546498,536832141,261103963,276168605,288749099,213789484,219583956,207540282,205127748,83134,7,1730557,48128548,2437,0,345379,0,0,0,32804244,31532076,31428884,2116,186284
2018-05-16_11-33-01.892581101,1526463181.895482540,2018-05-16_11-33-01.901540291,1526463181.904534903,0.76,0.74,0.76,64308889839672,72939425944,537521812,261103963,276168605,288749099,213789484,219583956,207540282,207799086,83189,7,1732832,48148278,2437,0,345481,0,0,0,32804244,31532164,31428912,2116,186284
2018-05-16_11-33-31.972262510,1526463211.974542452,2018-05-16_11-33-31.980245221,1526463211.982287142,0.72,0.73,0.76,64390852686170,73027473970,538173703,261103963,276168605,288749099,213789484,219583956,207540282,210377838,83239,7,1735041,48168122,2437,0,345575,0,0,0,32804244,31543892,31440464,2116,186280
2018-05-16_11-34-02.034639284,1526463242.036595729,2018-05-16_11-34-02.042479823,1526463242.045282013,0.72,0.73,0.75,64453581456656,73123446616,538655059,261103963,276168605,288749099,213789484,219583956,207540282,212520197,83291,7,1736916,48188490,2437,0,345631,0,0,0,32804244,31544800,31440572,2116,186280
2018-05-16_11-34-32.106722612,1526463272.110084270,2018-05-16_11-34-32.115908074,1526463272.118532852,0.56,0.69,0.74,64538135333484,73209744142,539333727,261103963,276168605,288749099,213789484,219583956,207540282,215186525,83342,7,1739186,48208255,2437,0,345729,0,0,0,32804244,31544668,31441552,2116,186280
2018-05-16_11-35-02.182266891,1526463302.184928912,2018-05-16_11-35-02.191188988,1526463302.194063793,0.53,0.67,0.73,64619562792678,73298697208,539972782,261103963,276168605,288749099,213789484,219583956,207777062,217528398,83393,7,1741395,48228117,2437,0,345822,0,0,0,32804244,31543020,31439624,2116,186280
2018-05-16_11-35-32.255756155,1526463332.257654832,2018-05-16_11-35-32.264352445,1526463332.266541815,0.66,0.69,0.74,64681742269650,73397412094,540447674,261103963,276168605,288749099,213789484,219583956,209922164,217528398,83446,7,1743252,48248475,2437,0,345886,0,0,0,32804244,31544444,31441308,2116,186280
2018-05-16_11-36-02.348738220,1526463362.351537071,2018-05-16_11-36-02.357468278,1526463362.360291455,0.73,0.70,0.74,64767591189384,73500990520,541120447,261103963,276168605,288749099,213789484,219583956,212575091,217528398,83495,7,1745610,48268090,2437,0,346013,0,0,0,32804244,31543760,31440636,2116,186280
2018-05-16_11-36-32.423802260,1526463392.425995621,2018-05-16_11-36-32.431827917,1526463392.434577941,0.83,0.73,0.75,64852471206748,73587876106,541808440,261103963,276168605,288749099,213789484,219583956,215242187,217528398,83547,7,1747901,48287798,2437,0,346125,0,0,0,32804244,31544644,31441420,2116,186280
2018-05-16_11-37-02.499655025,1526463422.502819985,2018-05-16_11-37-02.509007117,1526463422.511701626,0.84,0.74,0.75,64938193478120,73694083552,542405417,261103963,276168605,288749099,213789484,219583956,217760958,217528398,83598,7,1750326,48307388,2437,0,346237,0,0,0,32804244,31545624,31441720,2116,186284
2018-05-16_11-37-32.581672584,1526463452.584261895,2018-05-16_11-37-32.589840018,1526463452.592723629,0.78,0.73,0.75,65020428825276,73779417418,543088733,261103963,276168605,288749099,213789484,219583956,220380510,217528398,83648,7,1752571,48327199,2437,0,346340,0,0,0,32804244,31543832,31440320,2116,186284
2018-05-16_11-38-02.650316878,1526463482.653158624,2018-05-16_11-38-02.659976136,1526463482.663164539,0.61,0.70,0.74,65086274602878,73868669404,543687843,261103963,276168605,288749099,213789484,219583956,222703719,217528398,83695,7,1754564,48347558,2437,0,346416,0,0,0,32804244,31544240,31441376,2116,186284
2018-05-16_11-38-32.742229887,1526463512.744571679,2018-05-16_11-38-32.750651207,1526463512.753329280,0.83,0.74,0.75,65171124850668,73956516130,544374196,261103963,276168605,288749099,213789484,219583956,225365518,217528398,83744,7,1756878,48367274,2437,0,346527,0,0,0,32804244,31531100,31428252,2116,186292
2018-05-16_11-39-02.807764688,1526463542.809835684,2018-05-16_11-39-02.814233832,1526463542.816581820,0.90,0.76,0.76,65254224867202,74061406156,545000408,261103963,276451632,288749099,213789484,219583956,227715493,217528398,83795,7,1759221,48386993,2437,0,346652,0,0,0,32804244,31530684,31427496,2116,186296
2018-05-16_11-39-32.867095179,1526463572.869886854,2018-05-16_11-39-32.873900978,1526463572.875914270,0.88,0.77,0.77,65318242914624,74171529382,545243910,261103963,279146748,288749099,213789484,219583956,227715493,217528398,83867,7,1760867,48407659,2437,0,346672,0,0,0,32804244,31532208,31429364,2116,186296
2018-05-16_11-40-02.927203476,1526463602.929183319,2018-05-16_11-40-02.933346426,1526463602.935062705,1.00,0.81,0.78,65403206349400,74315588908,545416543,261103963,282571474,288749099,213789484,219583956,227715493,217528398,83939,7,1762910,48427682,2437,0,346698,0,0,0,32804244,31532324,31429192,2116,186300
2018-05-16_11-40-32.981364852,1526463632.983138444,2018-05-16_11-40-32.988233474,1526463632.990195621,0.94,0.81,0.78,65488463644732,74432517454,545671196,261103963,286097890,288749099,213789484,219583956,227715493,217528398,84010,7,1764916,48447792,2437,0,346711,0,0,0,32804244,31531312,31427912,2116,186304
2018-05-16_11-41-03.035916822,1526463663.037719550,2018-05-16_11-41-03.041841161,1526463663.043848405,0.71,0.77,0.77,65573340728384,74576556880,545918834,261103963,289615139,288749099,213789484,219583956,227715493,217528398,84075,7,1767014,48467807,2437,0,346742,0,0,0,32804244,31530884,31428016,2116,186304
2018-05-16_11-41-33.091616647,1526463693.093931411,2018-05-16_11-41-33.098934712,1526463693.100819476,0.61,0.74,0.76,65655840361568,74719722346,546095658,261103963,292955689,288749099,213789484,219583956,227715493,217528398,84145,7,1769058,48487911,2437,0,346770,0,0,0,32804244,31542776,31439368,2116,186296
2018-05-16_11-42-03.150247864,1526463723.152377874,2018-05-16_11-42-03.156529906,1526463723.158245697,0.65,0.73,0.76,65720004830032,74826015892,546499108,261103963,295621764,288749099,213789484,219583956,227715493,217528398,84221,7,1770763,48508555,2437,0,346804,0,0,0,32804244,31542940,31439780,2116,186296
2018-05-16_11-42-33.209028630,1526463753.210876401,2018-05-16_11-42-33.214984488,1526463753.216719959,0.60,0.71,0.75,65805873152356,74943227578,546757220,261103963,299149054,288749099,213789484,219583956,227715493,217528398,84293,7,1772809,48528652,2437,0,346816,0,0,0,32804244,31543456,31440564,2116,186296
2018-05-16_11-43-03.264608392,1526463783.266364389,2018-05-16_11-43-03.270150446,1526463783.271840227,0.75,0.74,0.76,65888781728012,75076552024,547276710,261103963,302351820,288749099,213789484,219583956,227715493,217528398,84357,7,1774833,48548752,2437,0,346978,0,0,0,32804244,31544616,31441484,2116,186296
2018-05-16_11-43-33.314323814,1526463813.316068756,2018-05-16_11-43-33.319844246,1526463813.321535893,1.00,0.80,0.78,65951413758530,75100064530,550205368,261103963,302351820,288749099,213789484,219583956,227715493,217528398,84386,7,1776504,48569787,2437,0,348273,0,0,0,32804244,31545740,31442872,2116,186300
2018-05-16_11-44-03.364099402,1526463843.365915028,2018-05-16_11-44-03.369689772,1526463843.371383738,1.00,0.82,0.78,66014146525528,75123414496,553141337,261103963,302351820,288749099,213789484,219583956,227715493,217528398,84417,7,1778132,48590811,2437,0,349618,0,0,0,32804244,31546636,31443508,2116,186300
2018-05-16_11-44-33.413995895,1526463873.415790111,2018-05-16_11-44-33.419543521,1526463873.421235915,1.15,0.87,0.80,66076873480666,75146820682,556078131,261103963,302351820,288749099,213789484,219583956,227715493,217528398,84448,7,1779802,48611838,2437,0,350919,0,0,0,32804244,31547464,31444272,2116,186300
2018-05-16_11-45-03.463365094,1526463903.465094456,2018-05-16_11-45-03.468874692,1526463903.470563080,1.09,0.88,0.81,66139499291418,75170393008,559008574,261103963,302351820,288749099,213789484,219583956,227715493,217528398,84483,7,1781565,48632861,2437,0,352126,0,0,0,32804244,31548232,31444840,2116,186300
2018-05-16_11-45-33.513843786,1526463933.515548705,2018-05-16_11-45-33.519301737,1526463933.520985914,1.19,0.92,0.82,66202169071252,75193866994,561940784,261103963,302351820,288749099,213789484,219583956,227715493,217528398,84520,7,1783238,48653889,2437,0,353417,0,0,0,32804244,31547900,31444772,2116,186300
