StartTime,StartEpoch,EndTime,EndEpoch,CPULoad1m,CPULoad5m,CPULoad5m,NetDevRX,NetDevTX,IRQens2-0,IRQens2-1,IRQens2-2,IRQens2-3,IRQens2-4,IRQens2-5,IRQens2-6,IRQens2-7,user,nice,system,idle,iowait,irq,softirq,steal,guest,guest_nice,MemTotal,MemFree,MemAvailable,Buffers,Cached
2018-05-15_20-08-47.580751806,1526407727.582748613,2018-05-15_20-08-47.586928870,1526407727.588873497,0.42,0.57,0.33,5486877618408,8748259450,56029339,19572913,22442751,32279969,19798724,33014065,21558865,29213517,9911,0,158058,6946810,2280,0,20425,0,0,0,32804244,31811116,31702640,2116,172720
2018-05-15_20-09-17.636409070,1526407757.638451188,2018-05-15_20-09-17.642965890,1526407757.645335090,0.65,0.61,0.35,5584349496624,8809436062,56728057,19572913,22442751,32279969,19798724,33133959,21558865,29213517,9954,0,160815,6965111,2280,0,21641,0,0,0,32804244,31808996,31700080,2116,172724
2018-05-15_20-09-47.698264362,1526407787.700226040,2018-05-15_20-09-47.704239710,1526407787.705944654,0.86,0.66,0.38,5681885554980,8875641492,57385687,19602105,22442751,32279969,19798724,33262110,21558865,29213517,9997,0,163510,6983438,2280,0,22865,0,0,0,32804244,31809852,31700936,2116,172724
2018-05-15_20-10-17.752529283,1526407817.754876388,2018-05-15_20-10-17.763262831,1526407817.766256267,0.70,0.65,0.38,5777609294170,8963066778,57418128,20234412,22442751,32279969,19798724,33262110,21558865,29213517,10074,0,165235,7002693,2280,0,23763,0,0,0,32804244,31797584,31688416,2116,172740
2018-05-15_20-10-47.829850618,1526407847.831657870,2018-05-15_20-10-47.838260153,1526407847.842571961,0.78,0.66,0.40,5844125259058,9043607664,57534288,21077245,22442751,32279969,19798724,33262110,21558865,29213517,10125,0,166734,7023006,2280,0,23834,0,0,0,32804244,31798560,31689648,2116,172740
2018-05-15_20-11-17.898974837,1526407877.902373090,2018-05-15_20-11-17.906492822,1526407877.909085527,0.62,0.63,0.40,5941055234344,9131118990,57575692,21692312,22442751,32279969,19798724,33262110,21558865,29213517,10200,0,168493,7042227,2280,0,24718,0,0,0,32804244,31800732,31691820,2116,172744
2018-05-15_20-11-47.959472948,1526407907.962871364,2018-05-15_20-11-47.971583962,1526407907.974693563,0.71,0.65,0.41,6036584353898,9218148936,57615711,22315858,22442751,32279969,19798724,33262110,21558865,29213517,10276,0,170262,7061511,2280,0,25688,0,0,0,32804244,31797640,31688740,2116,172748
2018-05-15_20-12-18.045169751,1526407938.046955861,2018-05-15_20-12-18.051985259,1526407938.053777789,0.64,0.64,0.41,6102242944214,9297692202,57733363,23151105,22442751,32279969,19798724,33262110,21558865,29213517,10328,0,171902,7081859,2280,0,25747,0,0,0,32804244,31799804,31690828,2116,172748
2018-05-15_20-12-48.106613751,1526407968.108476075,2018-05-15_20-12-48.112440350,1526407968.114180393,0.59,0.63,0.42,6198927649140,9385095708,57763199,23772908,22442751,32279969,19798724,33262110,21558865,29213517,10405,0,173659,7101072,2280,0,26788,0,0,0,32804244,31799060,31690440,2116,172748
2018-05-15_20-13-18.167482276,1526407998.169237147,2018-05-15_20-13-18.174410704,1526407998.176188398,0.58,0.61,0.42,6296136969670,9472808454,57804022,24386467,22442751,32279969,19798724,33262110,21558865,29213517,10479,0,175382,7120273,2280,0,27885,0,0,0,32804244,31812280,31703372,2116,172744
2018-05-15_20-13-48.223984079,1526408028.225809881,2018-05-15_20-13-48.229705180,1526408028.231591903,0.69,0.64,0.43,6393281076706,9560662200,57834605,24985928,22442751,32301351,19798724,33262110,21558865,29213517,10548,0,177140,7139473,2280,0,29024,0,0,0,32804244,31811740,31702832,2116,172744
2018-05-15_20-14-18.276580829,1526408058.278692269,2018-05-15_20-14-18.284561290,1526408058.287073890,0.78,0.67,0.45,6489389443680,9648195846,57870090,24985928,22442751,32938089,19798724,33262110,21558865,29213517,10618,0,178862,7158734,2280,0,29968,0,0,0,32804244,31810112,31700908,2116,172744
2018-05-15_20-14-48.338606871,1526408088.340394814,2018-05-15_20-14-48.344475947,1526408088.346386863,0.47,0.60,0.43,6554193242628,9727086672,57999200,24985928,22442751,33771018,19798724,33262110,21558865,29213517,10671,0,180392,7179135,2280,0,30008,0,0,0,32804244,31809268,31700624,2116,172744
2018-05-15_20-15-18.391827957,1526408118.393560243,2018-05-15_20-15-18.397552381,1526408118.399297449,0.61,0.63,0.44,6651552554748,9814950978,58034262,24985928,22442751,34391299,19798724,33262110,21558865,29213517,10741,0,182142,7198342,2280,0,31149,0,0,0,32804244,31809652,31701036,2116,172748
2018-05-15_20-15-48.444403607,1526408148.446377536,2018-05-15_20-15-48.450588987,1526408148.452484192,0.64,0.63,0.45,6747900093256,9902585124,58064172,24985928,22442751,35025874,19798724,33262110,21558865,29213517,10810,0,183834,7217590,2280,0,32229,0,0,0,32804244,31809144,31699928,2116,172748
2018-05-15_20-16-18.501907687,1526408178.503870954,2018-05-15_20-16-18.507911384,1526408178.509674483,0.60,0.62,0.45,6813952830240,9983045910,58184021,24985928,22442751,35878467,19798724,33262110,21558865,29213517,10862,0,185291,7237917,2280,0,32257,0,0,0,32804244,31810224,31701020,2116,172748
2018-05-15_20-16-48.556304150,1526408208.558405595,2018-05-15_20-16-48.562501137,1526408208.564356059,0.71,0.64,0.47,6910880572938,10070724396,58213118,24985928,22442751,36506922,19798724,33262110,21558865,29213517,10931,0,187048,7257142,2280,0,33355,0,0,0,32804244,31809788,31701172,2116,172748
2018-05-15_20-17-18.611616510,1526408238.613424469,2018-05-15_20-17-18.617582544,1526408238.619474137,0.70,0.64,0.47,7007859799220,10158076596,58258687,24985928,22442751,37121214,19798724,33262110,21558865,29213517,11100,0,188977,7276089,2280,0,34568,0,0,0,32804244,31805184,31696568,2116,172748
2018-05-15_20-17-48.664873579,1526408268.666893985,2018-05-15_20-17-48.671354402,1526408268.673254333,0.89,0.69,0.50,7104133167018,10244065952,58320305,24985928,22442751,37720138,19798724,33262110,21558865,29214402,11302,0,190988,7294930,2280,0,35850,0,0,0,32804244,31803504,31694252,2116,172748
2018-05-15_20-18-18.721770408,1526408298.724158637,2018-05-15_20-18-18.729299247,1526408298.731095954,1.13,0.77,0.53,7201958896344,10307153238,59013124,24985928,22442751,37720138,19798724,33262110,21558865,29348093,11497,0,193947,7312852,2280,0,37402,0,0,0,32804244,31793412,31684524,2116,172756
2018-05-15_20-18-48.786774893,1526408328.788850246,2018-05-15_20-18-48.793647014,1526408328.795591273,1.01,0.78,0.54,7272932468412,10373509040,59834262,24985928,22442751,37720138,19798724,33262110,21558865,29631451,11682,0,196391,7331845,2280,0,37957,0,0,0,32804244,31792208,31683592,2116,172756
2018-05-15_20-19-18.845664295,1526408358.847673192,2018-05-15_20-19-18.852060500,1526408358.853996732,1.18,0.84,0.57,7371028748012,10436558010,60530007,24985928,22442751,37720138,19798724,33262110,21558865,29763648,11874,0,199378,7349780,2280,0,39366,0,0,0,32804244,31793052,31683584,2116,172760
2018-05-15_20-19-48.905282792,1526408388.908062567,2018-05-15_20-19-48.912453049,1526408388.915031775,1.16,0.87,0.59,7468719270456,10500784274,61215463,24985928,22442751,37720138,19798724,33262110,21558865,29903058,12058,0,202357,7367723,2280,0,40786,0,0,0,32804244,31793608,31684412,2116,172760
2018-05-15_20-20-18.976119565,1526408418.978137525,2018-05-15_20-20-18.984063674,1526408418.986019203,1.18,0.90,0.61,7540969186792,10578947496,61516743,24985928,22442751,37720138,19798724,33262110,21558865,30366674,12243,0,204833,7386458,2280,0,41360,0,0,0,32804244,31791836,31682388,2116,172768
2018-05-15_20-20-49.038034523,1526408449.040166984,2018-05-15_20-20-49.044741712,1526408449.046687110,1.52,1.01,0.65,7638920443736,10639612528,62238443,24985928,22442751,37720138,19798724,33262110,21558865,30498181,12436,0,207844,7404413,2280,0,42546,0,0,0,32804244,31793080,31683616,2116,172772
2018-05-15_20-21-19.098086102,1526408479.100162339,2018-05-15_20-21-19.105027375,1526408479.107531145,1.26,0.99,0.66,7736706428538,10706338128,62906722,24985928,22442751,37720138,19798724,33262110,21558865,30641370,12629,0,210795,7422346,2280,0,44091,0,0,0,32804244,31804972,31696104,2116,172764
2018-05-15_20-21-49.160151515,1526408509.162133317,2018-05-15_20-21-49.166467598,1526408509.168381299,1.46,1.07,0.69,7834208344234,10769558000,63619952,24985928,22442751,37720138,19798724,33262110,21559611,30773546,12817,0,213807,7440314,2280,0,45296,0,0,0,32804244,31804076,31695072,2116,172764
2018-05-15_20-22-19.216205391,1526408539.219992868,2018-05-15_20-22-19.227489379,1526408539.230144540,1.51,1.11,0.72,7932055276022,10832252506,64319452,24985928,22442751,37720138,19798724,33262110,21695957,30773546,13006,0,216793,7458244,2280,0,46701,0,0,0,32804244,31804164,31695232,2116,172768
2018-05-15_20-22-49.284783351,1526408569.286768982,2018-05-15_20-22-49.292005112,1526408569.294574205,1.32,1.10,0.73,8006489300968,10910863298,64640230,24985928,22442751,37720138,19798724,33262110,22142843,30773546,13186,0,219314,7476895,2280,0,47302,0,0,0,32804244,31805036,31696116,2116,172768
2018-05-15_20-23-19.349797894,1526408599.351807933,2018-05-15_20-23-19.356673634,1526408599.358679043,1.44,1.16,0.76,8105104177572,10978429832,65315196,24985928,22442751,37720138,19798724,33262110,22282298,30773546,13370,0,222296,7494777,2280,0,48915,0,0,0,32804244,31803812,31694616,2116,172768
2018-05-15_20-23-49.409186468,1526408629.411653980,2018-05-15_20-23-49.416122620,1526408629.418093627,1.47,1.19,0.78,8203004332070,11042496084,65993784,24985928,22442751,37720138,19798724,33262110,22423173,30773546,13554,0,225259,7512703,2280,0,50511,0,0,0,32804244,31804088,31695452,2116,172768
2018-05-15_20-24-19.475001047,1526408659.476956546,2018-05-15_20-24-19.481214427,1526408659.483165518,1.33,1.19,0.79,8283689303734,11118993154,66419592,24985928,22442751,37720138,19798724,33262110,22787103,30773546,13732,0,227936,7531144,2280,0,51255,0,0,0,32804244,31803540,31694640,2116,172768
2018-05-15_20-24-49.531611693,1526408689.533646028,2018-05-15_20-24-49.537871865,1526408689.539754049,1.41,1.22,0.81,8381956246274,11186082232,67098932,24985928,22442751,37720138,19798724,33262110,22928242,30773546,13923,0,230912,7549051,2280,0,52766,0,0,0,32804244,31803700,31694732,2116,172768
2018-05-15_20-25-19.585991260,1526408719.587951984,2018-05-15_20-25-19.592947837,1526408719.594963338,1.69,1.29,0.85,8480020670170,11253256732,67780629,24985928,22442751,37720138,19798724,33262110,23076874,30773546,14114,0,233877,7566957,2280,0,54255,0,0,0,32804244,31804776,31695868,2116,172768
2018-05-15_20-25-49.642873606,1526408749.644849685,2018-05-15_20-25-49.648967847,1526408749.650756084,1.61,1.31,0.87,8577591120034,11321976624,68445801,24985928,22442751,37720138,19798724,33262110,23225172,30773546,14297,0,236841,7584885,2281,0,55799,0,0,0,32804244,31803148,31694540,2116,172768
2018-05-15_20-26-19.704333459,1526408779.706207314,2018-05-15_20-26-19.710342434,1526408779.712154767,1.53,1.32,0.89,8674925832194,11409587868,68487383,24985928,23050928,37720138,19798724,33262110,23225292,30773546,14513,0,238857,7603701,2281,0,57218,0,0,0,32804244,31790508,31681880,2116,172780
2018-05-15_20-26-49.757691064,1526408809.759689138,2018-05-15_20-26-49.764583987,1526408809.766333702,1.10,1.24,0.87,8747759691546,11482899474,68965383,24985928,23529374,37720138,19798724,33262110,23225292,30773546,14718,0,240662,7623488,2281,0,57453,0,0,0,32804244,31790680,31681788,2116,172780
2018-05-15_20-27-19.814491181,1526408839.816298617,2018-05-15_20-27-19.820308301,1526408839.822348160,1.16,1.25,0.89,8843978883800,11569636378,69006366,24985928,24139960,37720138,19798724,33262110,23225292,30773546,14934,0,242490,7642362,2281,0,58651,0,0,0,32804244,31791316,31682696,2116,172780
2018-05-15_20-27-49.874735993,1526408869.876693452,2018-05-15_20-27-49.881660751,1526408869.883537340,1.13,1.22,0.89,8940866103470,11656890752,69045843,24985928,24751588,37720138,19798724,33262110,23225292,30773546,15146,0,244407,7661200,2281,0,59879,0,0,0,32804244,31791052,31681852,2116,172784
2018-05-15_20-28-19.929419221,1526408899.931343411,2018-05-15_20-28-19.935557129,1526408899.937926664,0.95,1.17,0.88,9012341783418,11728745696,69534211,24985928,25216732,37720138,19798724,33262110,23225292,30773546,15343,0,246615,7681055,2281,0,60327,0,0,0,32804244,31791092,31682464,2116,172784
2018-05-15_20-28-49.989941891,1526408929.991887034,2018-05-15_20-28-49.996387828,1526408929.998097413,0.82,1.12,0.87,9108226439048,11815185782,69577228,24985928,25826548,37720138,19798724,33262110,23225292,30773546,15559,0,248565,7699940,2281,0,61521,0,0,0,32804244,31790852,31681964,2116,172784
2018-05-15_20-29-20.047050636,1526408960.050891504,2018-05-15_20-29-20.055202937,1526408960.057199063,0.84,1.09,0.87,9205071593620,11902420716,69617173,24985928,26435186,37720138,19798724,33262110,23225292,30773546,15782,0,250579,7718790,2281,0,62768,0,0,0,32804244,31803620,31694724,2116,172784
2018-05-15_20-29-50.102990604,1526408990.104787690,2018-05-15_20-29-50.109005388,1526408990.111562092,0.83,1.07,0.87,9301784150880,11989528038,69656657,24985928,27048126,37720138,19798724,33262110,23225292,30773546,15993,0,252530,7737638,2281,0,63929,0,0,0,32804244,31804400,31695800,2116,172784
2018-05-15_20-30-20.158326928,1526409020.160103949,2018-05-15_20-30-20.164034941,1526409020.165768891,1.07,1.11,0.89,9323228964660,11998553904,69851566,24985928,27057055,37720138,19798724,33262110,23225292,30773546,16148,0,253484,7758214,2281,0,66225,0,0,0,32804244,31795060,31685964,2116,172792
2018-05-15_20-30-50.209711793,1526409050.211481392,2018-05-15_20-30-50.215393322,1526409050.217097853,1.10,1.11,0.90,9343354303530,12005690550,70030454,24985928,27057055,37720138,19798724,33262110,23225292,30773546,16301,0,254464,7778816,2281,0,68495,0,0,0,32804244,31792336,31683712,2116,172792
2018-05-15_20-31-20.259648954,1526409080.261406723,2018-05-15_20-31-20.265300556,1526409080.266997770,1.13,1.12,0.91,9363433575978,12014194056,70242675,24985928,27057055,37720138,19798724,33262110,23225292,30773546,16450,0,255414,7799418,2281,0,70797,0,0,0,32804244,31796272,31687744,2116,172792
2018-05-15_20-31-50.309523665,1526409110.311298090,2018-05-15_20-31-50.315190997,1526409110.316905766,1.08,1.11,0.91,9383499244592,12021605862,70431184,24985928,27057055,37720138,19798724,33262110,23225292,30773546,16599,0,256418,7820024,2281,0,73043,0,0,0,32804244,31792004,31682520,2116,172792
2018-05-15_20-32-20.360035705,1526409140.361826816,2018-05-15_20-32-20.365769380,1526409140.367491035,1.17,1.13,0.92,9403559983638,12028847268,70616823,24985928,27057055,37720138,19798724,33262110,23225292,30773546,16748,0,257377,7840626,2281,0,75339,0,0,0,32804244,31794596,31685164,2116,172792
2018-05-15_20-32-50.410753012,1526409170.412521556,2018-05-15_20-32-50.416438967,1526409170.418411160,1.10,1.12,0.92,9423583689454,12036497274,70817213,24985928,27057055,37720138,19798724,33262110,23225292,30773546,16905,0,258343,7861227,2281,0,77619,0,0,0,32804244,31792908,31684024,2116,172792
2018-05-15_20-33-20.462319040,1526409200.464081931,2018-05-15_20-33-20.468017392,1526409200.469741769,1.13,1.12,0.93,9443375737122,12044171700,71015479,24985928,27057055,37720138,19798724,33262110,23225292,30773546,17064,0,259295,7881830,2281,0,79911,0,0,0,32804244,31793192,31684308,2116,172792
2018-05-15_20-33-50.512493828,1526409230.514279599,2018-05-15_20-33-50.518201646,1526409230.519911753,1.08,1.11,0.94,9463592747124,12051199566,71190798,24985928,27057055,37720138,19798724,33262110,23225292,30773546,17215,0,260291,7902431,2281,0,82170,0,0,0,32804244,31792736,31683512,2116,172792
2018-05-15_20-34-20.563315209,1526409260.565323150,2018-05-15_20-34-20.570428787,1526409260.573431892,1.25,1.15,0.95,9559260693380,12110930430,71883059,24985928,27057055,37720138,19932300,33262110,23225292,30773546,17399,0,263246,7920439,2281,0,83431,0,0,0,32804244,31792140,31683232,2116,172800
2018-05-15_20-34-50.627133895,1526409290.629120324,2018-05-15_20-34-50.634708790,1526409290.636978028,1.15,1.13,0.95,9639398280470,12187523624,72299786,24985928,27057055,37720138,20305707,33262110,23225292,30773546,17581,0,265854,7938913,2281,0,84189,0,0,0,32804244,31790844,31681920,2116,172800
2018-05-15_20-35-20.693150630,1526409320.697458469,2018-05-15_20-35-20.702094694,1526409320.705028345,1.33,1.18,0.98,9736799713872,12251121550,72990068,24985928,27057055,37720138,20456407,33262110,23225292,30773546,17774,0,268829,7956868,2281,0,85467,0,0,0,32804244,31791960,31682748,2116,172804
2018-05-15_20-35-50.757451244,1526409350.759515327,2018-05-15_20-35-50.764739486,1526409350.766709210,1.53,1.25,1.00,9835273049168,12320226346,73658705,24985928,27057055,37720138,20607022,33262110,23225292,30773546,17966,0,271802,7974769,2281,0,86971,0,0,0,32804244,31791712,31682592,2116,172804
2018-05-15_20-36-20.820165276,1526409380.825607214,2018-05-15_20-36-20.830042414,1526409380.831914021,1.14,1.17,0.99,9906492622518,12399546266,73922255,24985928,27057055,37720138,21101280,33262110,23225292,30773546,18148,0,274213,7993551,2281,0,87513,0,0,0,32804244,31790204,31681040,2116,172808
2018-05-15_20-36-50.884497210,1526409410.886574023,2018-05-15_20-36-50.891957364,1526409410.893812337,1.20,1.19,1.00,10004044788548,12464175598,74595788,24985928,27057055,37720138,21257965,33262110,23225292,30773546,18339,0,277166,8011504,2281,0,88886,0,0,0,32804244,31791620,31682692,2116,172812
2018-05-15_20-37-20.944789412,1526409440.946819476,2018-05-15_20-37-20.951738429,1526409440.954066460,1.38,1.23,1.02,10102332688860,12532302128,75258730,24985928,27057055,37720138,21406248,33262110,23225292,30773546,18524,0,280114,8029419,2281,0,90417,0,0,0,32804244,31804988,31695804,2116,172804
2018-05-15_20-37-51.006287226,1526409471.008267165,2018-05-15_20-37-51.012810240,1526409471.014799284,1.50,1.28,1.04,10200907411898,12596080154,75977219,24985928,27057055,37720138,21539183,33262110,23225292,30773546,18714,0,283143,8047348,2281,0,91540,0,0,0,32804244,31804544,31695628,2116,172804
2018-05-15_20-38-21.063695040,1526409501.065666029,2018-05-15_20-38-21.072118988,1526409501.075224889,1.24,1.23,1.04,10270927178726,12675222828,76221463,24985928,27057055,37720138,22046594,33262110,23225292,30773546,18895,0,285534,8066165,2281,0,92075,0,0,0,32804244,31805312,31696312,2116,172804
2018-05-15_20-38-51.129755194,1526409531.131744657,2018-05-15_20-38-51.135782178,1526409531.137976870,1.43,1.28,1.06,10368137112404,12742080958,76891037,24985928,27057055,37720138,22202089,33262110,23225292,30773546,19083,0,288493,8084116,2281,0,93425,0,0,0,32804244,31804608,31695740,2116,172804
2018-05-15_20-39-21.187284356,1526409561.189380145,2018-05-15_20-39-21.193778006,1526409561.196381380,1.33,1.27,1.06,10466200497104,12808407270,77561945,24985928,27057055,37720138,22351698,33262110,23225292,30773546,19273,0,291447,8102043,2281,0,94909,0,0,0,32804244,31805548,31696604,2116,172804
2018-05-15_20-39-51.247945445,1526409591.249918288,2018-05-15_20-39-51.254171986,1526409591.256376757,1.49,1.31,1.08,10564499235414,12872151416,78275197,24985928,27057055,37720138,22485789,33262110,23225292,30773546,19466,0,294471,8119979,2281,0,96061,0,0,0,32804244,31805484,31696328,2116,172804
2018-05-15_20-40-21.307915095,1526409621.310371660,2018-05-15_20-40-21.314725968,1526409621.317241859,1.50,1.32,1.09,10662097001378,12937553272,78945384,24985928,27057055,37720138,22635575,33262110,23225292,30773546,19663,0,297416,8137921,2281,0,97557,0,0,0,32804244,31804736,31696152,2116,172812
2018-05-15_20-40-51.368947169,1526409651.371074621,2018-05-15_20-40-51.375663512,1526409651.379704303,1.16,1.26,1.08,10732376327212,13016311934,79197871,24985928,27057055,37720138,23141657,33262110,23225292,30773546,19848,0,299794,8156731,2281,0,98095,0,0,0,32804244,31805060,31695884,2116,172812
2018-05-15_20-41-21.440017270,1526409681.442304999,2018-05-15_20-41-21.446742900,1526409681.448747996,1.12,1.24,1.07,10829298535958,13080723648,79873305,24985928,27057055,37720138,23301604,33262110,23225292,30773546,20029,0,302748,8174701,2281,0,99381,0,0,0,32804244,31803344,31693904,2116,172812
2018-05-15_20-41-51.502065762,1526409711.504150816,2018-05-15_20-41-51.508731816,1526409711.510754182,1.28,1.26,1.09,10926834134758,13146518834,80561788,24985928,27057055,37720138,23448289,33262110,23225292,30773546,20215,0,305726,8192657,2281,0,100617,0,0,0,32804244,31805232,31696360,2116,172812
2018-05-15_20-42-21.560481556,1526409741.562266762,2018-05-15_20-42-21.566437891,1526409741.568409217,1.30,1.27,1.09,10951079083746,13156738138,80761032,24985928,27057055,37720138,23456206,33262110,23225292,30773546,20369,0,306812,8213122,2281,0,102839,0,0,0,32804244,31778752,31669884,2116,172824
2018-05-15_20-42-51.611698799,1526409771.613471147,2018-05-15_20-42-51.617385769,1526409771.619107131,1.34,1.29,1.11,10970910954880,13163639884,80933803,24985928,27057055,37720138,23456206,33262110,23225292,30773546,20521,0,307790,8233729,2281,0,105107,0,0,0,32804244,31778464,31669856,2116,172824
2018-05-15_20-43-21.661827731,1526409801.663602984,2018-05-15_20-43-21.667543391,1526409801.669267577,1.42,1.31,1.12,10990845391564,13170524050,81105447,24985928,27057055,37720138,23456206,33262110,23225292,30773546,20680,0,308783,8254326,2281,0,107360,0,0,0,32804244,31778600,31669992,2116,172828
2018-05-15_20-43-51.712162834,1526409831.713940794,2018-05-15_20-43-51.717875513,1526409831.719580163,1.47,1.34,1.14,11010920818108,13177500616,81279578,24985928,27057055,37720138,23456206,33262110,23225292,30773546,20833,0,309782,8274921,2281,0,109619,0,0,0,32804244,31778988,31669812,2116,172832
2018-05-15_20-44-21.762628276,1526409861.764405381,2018-05-15_20-44-21.768339781,1526409861.770063382,1.29,1.31,1.13,11031027012766,13186021882,81497766,24985928,27057055,37720138,23456206,33262110,23225292,30773546,20983,0,310722,8295524,2281,0,111929,0,0,0,32804244,31783024,31673880,2116,172832
2018-05-15_20-44-51.814685849,1526409891.816441453,2018-05-15_20-44-51.820320701,1526409891.822028375,1.17,1.28,1.13,11050840024628,13193954728,81698918,24985928,27057055,37720138,23456206,33262110,23225292,30773546,21135,0,311638,8316124,2281,0,114265,0,0,0,32804244,31781096,31671296,2116,172836
2018-05-15_20-45-21.865656681,1526409921.867418658,2018-05-15_20-45-21.871525080,1526409921.873452043,1.30,1.30,1.14,11070674092364,13200833374,81870841,24985928,27057055,37720138,23456206,33262110,23225292,30773546,21284,0,312623,8336726,2281,0,116533,0,0,0,32804244,31792520,31683052,2116,172828
2018-05-15_20-45-51.916608216,1526409951.918382418,2018-05-15_20-45-51.922294863,1526409951.924007577,1.23,1.29,1.14,11090790458552,13208098240,82056776,24985928,27057055,37720138,23456206,33262110,23225292,30773546,21435,0,313597,8357332,2281,0,118803,0,0,0,32804244,31791380,31683052,2116,172828
2018-05-15_20-46-21.966885600,1526409981.968789837,2018-05-15_20-46-21.972979180,1526409981.976081230,0.92,1.21,1.12,11154812072000,13282328666,82232357,24985928,27784406,37720138,23456206,33262110,23225292,30773546,21621,0,315362,8377275,2282,0,119351,0,0,0,32804244,31803252,31694648,2116,172828
2018-05-15_20-46-52.025015257,1526410012.026809532,2018-05-15_20-46-52.030788683,1526410012.032776244,1.03,1.21,1.12,11250187325436,13368741922,82306125,24985928,28381042,37720138,23456206,33262110,23225292,30773546,21830,0,317354,8396171,2282,0,120661,0,0,0,32804244,31804160,31695556,2116,172828
2018-05-15_20-47-22.082309094,1526410042.084102609,2018-05-15_20-47-22.087996270,1526410042.089816831,1.00,1.19,1.12,11347473905126,13456337660,82347617,24985928,28990914,37720138,23456206,33262110,23225292,30773546,22037,0,319343,8415002,2282,0,122049,0,0,0,32804244,31802752,31694148,2116,172828
2018-05-15_20-47-52.136509098,1526410072.138316633,2018-05-15_20-47-52.142438549,1526410072.144151137,1.08,1.19,1.12,11444652795250,13543854458,82388442,24985928,29600491,37720138,23456206,33262110,23225292,30773546,22243,0,321321,8433834,2282,0,123392,0,0,0,32804244,31803432,31694532,2116,172828
2018-05-15_20-48-22.189646110,1526410102.191537119,2018-05-15_20-48-22.195491962,1526410102.197195531,1.06,1.17,1.12,11541528722446,13631089664,82428075,24985928,30208629,37720138,23456206,33262110,23225292,30773546,22447,0,323292,8452681,2282,0,124764,0,0,0,32804244,31803900,31695036,2116,172828
2018-05-15_20-48-52.241333550,1526410132.243259883,2018-05-15_20-48-52.248501321,1526410132.250897873,0.83,1.10,1.10,11608541235756,13710742652,82532676,24985928,31036186,37720138,23456206,33262110,23225292,30773546,22633,0,325006,8472596,2282,0,125248,0,0,0,32804244,31802916,31693720,2116,172828
2018-05-15_20-49-22.311218624,1526410162.312975980,2018-05-15_20-49-22.317308973,1526410162.319179915,0.90,1.09,1.10,11703167834906,13797586490,82581106,24985928,31664622,37720138,23456206,33262110,23225292,30773546,22844,0,326975,8491524,2282,0,126497,0,0,0,32804244,31804500,31695088,2116,172828
2018-05-15_20-49-52.369272144,1526410192.371074948,2018-05-15_20-49-52.375300038,1526410192.377446166,1.06,1.12,1.11,11799373314374,13884291088,82623951,24985928,32273619,37720138,23456206,33262110,23225292,30773546,23058,0,328940,8510396,2282,0,127730,0,0,0,32804244,31804080,31695216,2116,172828
2018-05-15_20-50-22.428070621,1526410222.434041655,2018-05-15_20-50-22.442097892,1526410222.444874787,1.18,1.14,1.11,11869616383042,13964170682,82827908,24985928,32322807,37720138,23456206,33262110,23717694,30773546,23243,0,331277,8529278,2284,0,128363,0,0,0,32804244,31790732,31682152,2116,172848
2018-05-15_20-50-52.499357883,1526410252.501465407,2018-05-15_20-50-52.505981579,1526410252.507964081,1.33,1.17,1.13,11966130678406,14027649416,83511289,24985928,32322807,37720138,23456206,33262110,23872757,30773546,23427,0,334246,8547274,2284,0,129568,0,0,0,32804244,31791396,31681904,2116,172848
2018-05-15_20-51-22.560321051,1526410282.562461680,2018-05-15_20-51-22.567966173,1526410282.569879199,1.52,1.24,1.15,12064643465758,14089527512,84217044,24985928,32322807,37720138,23456206,33262110,24006364,30773546,23611,0,337259,8565198,2284,0,130850,0,0,0,32804244,31790760,31681584,2116,172852
2018-05-15_20-51-52.621774485,1526410312.623769929,2018-05-15_20-51-52.628814854,1526410312.630769131,1.53,1.26,1.16,12163052363754,14153832128,84905662,24985928,32322807,37720138,23456206,33262110,24140157,30773546,23812,0,340205,8583117,2284,0,132276,0,0,0,32804244,31789664,31680816,2116,172852
2018-05-15_20-52-22.681527101,1526410342.683483271,2018-05-15_20-52-22.687877317,1526410342.689796733,1.44,1.27,1.16,12261046385800,14219068084,85599014,24985928,32322807,37720138,23456206,33262110,24279397,30773546,24008,0,343131,8601047,2284,0,133597,0,0,0,32804244,31803468,31694360,2116,172856
2018-05-15_20-52-52.740287393,1526410372.742270690,2018-05-15_20-52-52.746685137,1526410372.748692261,1.33,1.26,1.16,12339371640314,14296416068,85975302,24985928,32322807,37720138,23456206,33262110,24677149,30773546,24194,0,345519,8619571,2284,0,134326,0,0,0,32804244,31790196,31681332,2116,172856
2018-05-15_20-53-22.803978986,1526410402.805944705,2018-05-15_20-53-22.810333024,1526410402.812092966,1.56,1.31,1.18,12437172350590,14359363700,86680854,24985928,32322807,37720138,23456206,33262110,24820240,30773546,24388,0,348505,8637529,2284,0,135490,0,0,0,32804244,31802992,31694628,2116,172848
2018-05-15_20-53-52.865443515,1526410432.867483760,2018-05-15_20-53-52.871761862,1526410432.874111278,1.86,1.41,1.22,12535326683670,14427875292,87331503,24985928,32322807,37720138,23456206,33262110,24977611,30773546,24576,0,351437,8655448,2284,0,137024,0,0,0,32804244,31803792,31694304,2116,172848
2018-05-15_20-54-22.928134457,1526410462.930105939,2018-05-15_20-54-22.936057418,1526410462.939255311,1.61,1.39,1.22,12610253825216,14505719062,87657779,24985928,32322807,37720138,23456206,33262110,24992223,31199077,24754,0,353933,8674092,2284,0,137665,0,0,0,32804244,31804932,31696056,2116,172848
2018-05-15_20-54-52.992405211,1526410492.994379673,2018-05-15_20-54-52.998810718,1526410493.001215458,1.53,1.39,1.23,12705750501308,14574840454,88288563,24985928,32322807,37720138,23456206,33262110,24992223,31373239,24942,0,356810,8692094,2284,0,139072,0,0,0,32804244,31804376,31696052,2116,172848
2018-05-15_20-55-23.052420903,1526410523.054523895,2018-05-15_20-55-23.059026665,1526410523.061075067,1.53,1.40,1.23,12804190966562,14637402326,89005176,24985928,32322807,37720138,23456206,33262110,24992223,31500702,25125,0,359818,8710036,2284,0,140247,0,0,0,32804244,31803836,31694980,2116,172848
2018-05-15_20-55-53.114051965,1526410553.116592585,2018-05-15_20-55-53.120827608,1526410553.122755873,1.77,1.47,1.26,12902758450190,14699440646,89727117,24985928,32322807,37720138,23456206,33262110,24992223,31625503,25303,0,362846,8727973,2284,0,141371,0,0,0,32804244,31804412,31695128,2116,172848
2018-05-15_20-56-23.172662271,1526410583.174524787,2018-05-15_20-56-23.178892022,1526410583.181778503,1.71,1.48,1.27,13000915928144,14765679968,90395355,24985928,32322807,37720138,23456206,33262110,24992223,31794529,25494,0,365791,8745951,2284,0,142630,0,0,0,32804244,31805080,31696512,2116,172848
2018-05-15_20-56-53.236519124,1526410613.239486297,2018-05-15_20-56-53.244697036,1526410613.246992962,1.43,1.44,1.27,13075455030662,14843877790,90705404,24985928,32322807,37720138,23456206,33262110,24992223,32260947,25677,0,368258,8764661,2284,0,143201,0,0,0,32804244,31805520,31696340,2116,172852
2018-05-15_20-57-23.300524568,1526410643.302651203,2018-05-15_20-57-23.307391962,1526410643.309828180,1.59,1.47,1.28,13170307506676,14911922818,91334819,24985928,32322807,37720138,23456206,33262110,24992223,32455653,25867,0,371153,8782750,2285,0,144354,0,0,0,32804244,31807020,31697788,2116,172852
2018-05-15_20-57-53.361314446,1526410673.363267565,2018-05-15_20-57-53.367612545,1526410673.369682378,1.65,1.49,1.30,13267888303306,14976870548,92017064,24985928,32322807,37720138,23456206,33262110,24992223,32613063,26057,0,374103,8800748,2285,0,145594,0,0,0,32804244,31803480,31695392,2116,172852
2018-05-15_20-58-23.421241850,1526410703.423261745,2018-05-15_20-58-23.427514331,1526410703.429940874,1.12,1.38,1.27,13337700664422,15056317112,92198132,24985928,32322807,38477739,23456206,33262110,24992223,32630626,26241,0,375978,8820455,2285,0,146159,0,0,0,32804244,31790836,31681412,2116,172864
2018-05-15_20-58-53.477814395,1526410733.479739868,2018-05-15_20-58-53.483847344,1526410733.485750469,0.98,1.33,1.25,13431541425584,15141662264,92288347,24985928,32322807,39077563,23456206,33262110,24992223,32630626,26456,0,377912,8839415,2285,0,147280,0,0,0,32804244,31790668,31681808,2116,172864
2018-05-15_20-59-23.531362664,1526410763.533248739,2018-05-15_20-59-23.538439671,1526410763.540356074,1.07,1.31,1.25,13527854816888,15228419034,92334877,24985928,32322807,39687162,23456206,33262110,24992223,32630626,26674,0,379868,8858281,2285,0,148552,0,0,0,32804244,31790448,31681600,2116,172864
2018-05-15_20-59-53.586303624,1526410793.588379304,2018-05-15_20-59-53.592684953,1526410793.594630246,0.98,1.27,1.23,13624490392478,15315507942,92379163,24985928,32322807,40298264,23456206,33262110,24992223,32630626,26888,0,381873,8877126,2285,0,149832,0,0,0,32804244,31790200,31680920,2116,172868
2018-05-15_21-00-23.640364878,1526410823.642330315,2018-05-15_21-00-23.646555321,1526410823.648398299,0.98,1.24,1.23,13721153024626,15402544886,92423972,24985928,32322807,40913440,23456206,33262110,24992223,32630626,27104,0,383844,8895966,2285,0,151043,0,0,0,32804244,31790216,31681088,2116,172880
2018-05-15_21-00-53.693505735,1526410853.695475471,2018-05-15_21-00-53.700672395,1526410853.702687396,0.93,1.20,1.22,13789101805342,15482492432,92543979,24985928,32322807,41737692,23456206,33262110,24992223,32630626,27312,0,385571,8915859,2285,0,151472,0,0,0,32804244,31790304,31681428,2116,172880
2018-05-15_21-01-23.754639258,1526410883.756599370,2018-05-15_21-01-23.761308905,1526410883.763025116,1.12,1.22,1.22,13882004315112,15568565418,92599152,24985928,32322807,42377764,23456206,33262110,24992223,32630626,27516,0,387426,8934841,2285,0,152580,0,0,0,32804244,31803344,31694508,2116,172880
2018-05-15_21-01-53.811653908,1526410913.813634348,2018-05-15_21-01-53.817864180,1526410913.819656530,1.05,1.20,1.21,13978673380144,15655673438,92642922,24985928,32322807,42992632,23456206,33262110,24992223,32630626,27729,0,389368,8953693,2285,0,153778,0,0,0,32804244,31803524,31694976,2116,172880
2018-05-15_21-02-23.864204841,1526410943.867081171,2018-05-15_21-02-23.872500429,1526410943.875828309,1.05,1.18,1.21,14048011608156,15736707286,92750672,25730207,32322807,43065646,23456206,33262110,24992223,32630626,27915,0,391230,8973506,2285,0,154328,0,0,0,32804244,31803636,31694420,2116,172880
2018-05-15_21-02-53.953420606,1526410973.955233146,2018-05-15_21-02-53.959132548,1526410973.960854728,0.83,1.11,1.19,14141385514574,15823317862,92803721,26364187,32322807,43065646,23456206,33262110,24992223,32630626,28123,0,393217,8992464,2285,0,155539,0,0,0,32804244,31804364,31695528,2116,172880
2018-05-15_21-03-24.013590536,1526411004.016018094,2018-05-15_21-03-24.019946882,1526411004.022829701,0.91,1.10,1.18,14238193709258,15910555752,92842830,26975251,32322807,43065646,23456206,33262110,24992223,32630626,28336,0,395221,9011300,2285,0,156840,0,0,0,32804244,31804140,31695304,2116,172880
2018-05-15_21-03-54.071421837,1526411034.073203777,2018-05-15_21-03-54.079159046,1526411034.083375108,1.27,1.17,1.20,14334739785542,15997469460,92887707,27580581,32322807,43065646,23456206,33262110,24992223,32630626,28551,0,397216,9030149,2285,0,158084,0,0,0,32804244,31803732,31694900,2116,172884
2018-05-15_21-04-24.133197123,1526411064.134943772,2018-05-15_21-04-24.138926310,1526411064.140636192,1.05,1.14,1.19,14431516185608,16084504510,92931545,28181026,32322807,43065646,23456206,33262110,24992223,32630626,28760,0,399216,9048982,2285,0,159423,0,0,0,32804244,31804648,31695192,2116,172884
2018-05-15_21-04-54.196015135,1526411094.198987202,2018-05-15_21-04-54.207812131,1526411094.213158379,0.86,1.08,1.17,14507040068722,16159103104,93379656,28663827,32322807,43065646,23456206,33262110,24992223,32630626,28963,0,401317,9068652,2285,0,159968,0,0,0,32804244,31803208,31694664,2116,172884
2018-05-15_21-05-24.269964781,1526411124.271815129,2018-05-15_21-05-24.276145036,1526411124.277975267,1.38,1.18,1.20,14600794650758,16244445130,93484093,29247498,32322807,43065646,23456206,33262110,24992223,32630626,29180,0,403333,9087603,2285,0,161205,0,0,0,32804244,31804352,31695520,2116,172884
2018-05-15_21-05-54.328444416,1526411154.330215776,2018-05-15_21-05-54.334144182,1526411154.335878590,1.40,1.20,1.20,14697212516764,16331297346,93534558,29847785,32322807,43065646,23456206,33262110,24992223,32630626,29390,0,405353,9106445,2285,0,162510,0,0,0,32804244,31802944,31694112,2116,172884
2018-05-15_21-06-24.386913262,1526411184.389514187,2018-05-15_21-06-24.395212078,1526411184.398155758,1.16,1.16,1.19,14772498245808,16411148250,93790620,29926767,32322807,43065646,23456206,33681425,24992223,32630626,29576,0,407767,9125197,2285,0,163149,0,0,0,32804244,31789668,31681096,2116,172892
2018-05-15_21-06-54.458650872,1526411214.460498651,2018-05-15_21-06-54.466350349,1526411214.468263865,1.23,1.18,1.20,14867494847614,16476728144,94450048,29926767,32322807,43065646,23456206,33856490,24992223,32630626,29760,0,410720,9143229,2285,0,164284,0,0,0,32804244,31790520,31681676,2116,172896
2018-05-15_21-07-24.519948176,1526411244.522304381,2018-05-15_21-07-24.526650064,1526411244.528522303,1.20,1.18,1.20,14965673055986,16541223668,95141877,29926767,32322807,43065646,23456206,33995810,24992223,32630626,29952,0,413683,9161147,2285,0,165716,0,0,0,32804244,31791160,31681476,2116,172896
2018-05-15_21-07-54.580291676,1526411274.582269384,2018-05-15_21-07-54.586576268,1526411274.588880576,1.40,1.22,1.21,15064093729154,16609826366,95810836,29926767,32322807,43065646,23456206,34145518,24992223,32630626,30141,0,416649,9179038,2285,0,167229,0,0,0,32804244,31790320,31682036,2116,172900
2018-05-15_21-08-24.643056044,1526411304.645118563,2018-05-15_21-08-24.649539981,1526411304.651481845,1.37,1.23,1.22,15162787434330,16671630848,96530155,29926767,32322807,43065646,23456206,34278125,24992223,32630626,30328,0,419668,9196947,2285,0,168462,0,0,0,32804244,31791108,31682288,2116,172900
2018-05-15_21-08-54.707970425,1526411334.710563467,2018-05-15_21-08-54.715790455,1526411334.719571842,1.24,1.21,1.21,15238296625578,16737773188,97338320,29926767,32322807,43065646,23456206,34541354,24992223,32630626,30511,0,422203,9215760,2285,0,169092,0,0,0,32804244,31792052,31682860,2116,172900
2018-05-15_21-09-24.777701319,1526411364.779743737,2018-05-15_21-09-24.784630818,1526411364.786560798,1.23,1.21,1.21,15332845059850,16806363630,98026694,29926767,32322807,43065646,23456206,34710998,24992223,32630626,30696,0,425103,9233806,2285,0,170445,0,0,0,32804244,31802904,31694032,2116,172896
2018-05-15_21-09-54.838181553,1526411394.840288626,2018-05-15_21-09-54.845580707,1526411394.847486376,1.14,1.19,1.21,15431098287794,16869422308,98739331,29926767,32322807,43065646,23456206,34852476,24992223,32630626,30881,0,428117,9251744,2285,0,171643,0,0,0,32804244,31804140,31695056,2116,172896
2018-05-15_21-10-24.903136159,1526411424.905064614,2018-05-15_21-10-24.909313774,1526411424.912217979,1.27,1.22,1.22,15529435726648,16933348650,99451044,29926767,32322807,43065646,23456206,34989152,24992223,32630626,31067,0,431133,9269683,2285,0,172874,0,0,0,32804244,31804376,31695248,2116,172900
2018-05-15_21-10-54.969830114,1526411454.972524960,2018-05-15_21-10-54.977340953,1526411454.979926110,1.28,1.23,1.22,15628130498466,16997060662,100150220,29926767,32322807,43065646,23456206,35129208,24992223,32630626,31247,0,434141,9287596,2285,0,174278,0,0,0,32804244,31803520,31694972,2116,172904
2018-05-15_21-11-25.031999023,1526411485.035147745,2018-05-15_21-11-25.040613615,1526411485.042940702,1.11,1.19,1.21,15702747687804,17074290150,100468557,29926767,32322807,43065646,23456206,35580481,24992223,32630626,31433,0,436646,9306245,2285,0,174884,0,0,0,32804244,31803488,31694928,2116,172904
2018-05-15_21-11-55.103803348,1526411515.105895436,2018-05-15_21-11-55.110995717,1526411515.113280646,1.09,1.17,1.20,15797468662280,17138153668,101127388,29926767,32322807,43065646,23456206,35765975,24992223,32630626,31621,0,439585,9324293,2285,0,175881,0,0,0,32804244,31802628,31693200,2116,172904
2018-05-15_21-12-25.163569823,1526411545.165922269,2018-05-15_21-12-25.171016115,1526411545.173012429,1.22,1.19,1.21,15896300589064,17200639724,101850712,29926767,32322807,43065646,23456206,35895511,24992223,32630626,31815,0,442555,9342217,2285,0,177029,0,0,0,32804244,31804220,31695072,2116,172904
2018-05-15_21-12-55.225064677,1526411575.227179957,2018-05-15_21-12-55.231566249,1526411575.234245688,1.21,1.19,1.21,15994919841040,17268100856,102522686,29926767,32322807,43065646,23456206,36038337,24992223,32630626,32014,0,445449,9360119,2285,0,178533,0,0,0,32804244,31803076,31693992,2116,172904
2018-05-15_21-13-25.286939047,1526411605.288929167,2018-05-15_21-13-25.293023223,1526411605.294941759,1.24,1.20,1.21,16093666187134,17334546434,103211594,29926767,32322807,43065646,23456206,36177147,24992223,32630626,32198,0,448416,9378020,2285,0,179899,0,0,0,32804244,31803492,31694324,2116,172904
2018-05-15_21-13-55.348487760,1526411635.350951615,2018-05-15_21-13-55.355852320,1526411635.357838170,1.31,1.23,1.22,16169170983592,17411072618,103549039,29926767,32322807,43065646,23456206,36606574,24992223,32630626,32380,0,450862,9396661,2285,0,180518,0,0,0,32804244,31802972,31694348,2116,172904
2018-05-15_21-14-25.415344237,1526411665.417207796,2018-05-15_21-14-25.421238649,1526411665.423603164,1.28,1.22,1.22,16261882740520,17497023114,103628560,30439278,32322807,43065646,23456206,36682344,24992223,32630626,32589,0,452950,9415477,2285,0,181603,0,0,0,32804244,31791280,31682460,2116,172912
2018-05-15_21-14-55.470877168,1526411695.472624807,2018-05-15_21-14-55.477460010,1526411695.480538273,1.04,1.17,1.21,16358795432646,17584226848,103671341,31044286,32322807,43065646,23456206,36682344,24992223,32630626,32803,0,454890,9434294,2285,0,182792,0,0,0,32804244,31791368,31682836,2116,172916
2018-05-15_21-15-25.527299555,1526411725.529139511,2018-05-15_21-15-25.534095275,1526411725.535890915,0.91,1.12,1.19,16433999414650,17658479098,104112974,31526810,32322807,43065646,23456206,36682344,24992223,32630626,32998,0,456978,9453962,2286,0,183392,0,0,0,32804244,31789920,31681108,2116,172916
2018-05-15_21-15-55.592675067,1526411755.594500991,2018-05-15_21-15-55.599700405,1526411755.601410124,0.72,1.06,1.17,16526163557284,17742654338,104237720,32103070,32322807,43065646,23456206,36682344,24992223,32630626,33197,0,459004,9472966,2286,0,184451,0,0,0,32804244,31791576,31682756,2116,172916
2018-05-15_21-16-25.648565583,1526411785.650494311,2018-05-15_21-16-25.654913886,1526411785.657157999,0.76,1.04,1.16,16622970486670,17829703812,104286482,32701816,32322807,43065646,23456206,36682344,24992223,32630626,33413,0,461035,9491783,2286,0,185688,0,0,0,32804244,31789996,31681180,2116,172920
2018-05-15_21-16-55.708189020,1526411815.710001029,2018-05-15_21-16-55.715020710,1526411815.716748199,0.77,1.02,1.15,16719842496142,17916864364,104333373,33303711,32322807,43065646,23456206,36682344,24992223,32630626,33624,0,463015,9510611,2286,0,186885,0,0,0,32804244,31791436,31682620,2116,172920
2018-05-15_21-17-25.762859205,1526411845.764632598,2018-05-15_21-17-25.768593322,1526411845.770308422,0.92,1.03,1.14,16816854370396,18004099718,104381258,33903866,32322807,43065646,23456206,36682344,24992223,32630626,33838,0,464995,9529425,2286,0,188059,0,0,0,32804244,31803816,31695268,2116,172916
2018-05-15_21-17-55.819424519,1526411875.822540518,2018-05-15_21-17-55.827909014,1526411875.831635398,0.83,1.00,1.13,16887389957220,18085104224,104487755,34703297,32322807,43065646,23456206,36682344,24992223,32630626,34032,0,466846,9549202,2286,0,188612,0,0,0,32804244,31803132,31694584,2116,172916
2018-05-15_21-18-25.911895659,1526411905.913885943,2018-05-15_21-18-25.918198204,1526411905.919984745,1.11,1.05,1.14,16979204714322,18171210082,104544641,34839978,32322807,43580577,23456206,36682344,24992223,32630626,34235,0,468835,9568222,2286,0,189697,0,0,0,32804244,31805032,31695668,2116,172916
2018-05-15_21-18-55.964607180,1526411935.966363828,2018-05-15_21-18-55.970254558,1526411935.972135579,1.37,1.12,1.16,17076157307920,18258505888,104587358,34839978,32322807,44194666,23456206,36682344,24992223,32630626,34451,0,470824,9587056,2286,0,190896,0,0,0,32804244,31803512,31695216,2116,172916
2018-05-15_21-19-26.019967953,1526411966.022142706,2018-05-15_21-19-26.027353501,1526411966.030219596,1.07,1.08,1.15,17146228798432,18339162966,104697525,34839978,32322807,45003951,23456206,36682344,24992223,32630626,34639,0,472591,9606867,2286,0,191464,0,0,0,32804244,31802608,31694312,2116,172916
2018-05-15_21-19-56.081856146,1526411996.083649854,2018-05-15_21-19-56.087580362,1526411996.089502905,0.99,1.05,1.14,17237870247056,18425264196,104756581,34839978,32322807,45654758,23456206,36682344,24992223,32630626,34850,0,474544,9625890,2286,0,192586,0,0,0,32804244,31803264,31694448,2116,172916
2018-05-15_21-20-26.138571412,1526412026.140396725,2018-05-15_21-20-26.144366852,1526412026.146307299,0.80,1.00,1.12,17334419870856,18512449522,104793249,34839978,32322807,46273738,23456206,36682344,24992223,32630626,35071,0,476539,9644735,2286,0,193838,0,0,0,32804244,31802324,31693512,2116,172924
2018-05-15_21-20-56.195385836,1526412056.197224983,2018-05-15_21-20-56.201117541,1526412056.202835831,1.05,1.05,1.13,17431441511084,18599838858,104836170,34839978,32322807,46887368,23456206,36682344,24992223,32630626,35292,0,478531,9663570,2286,0,195100,0,0,0,32804244,31804040,31694960,2116,172924
2018-05-15_21-21-26.248693566,1526412086.250677426,2018-05-15_21-21-26.254643229,1526412086.256352293,1.19,1.08,1.14,17528413746096,18687152436,104877409,34839978,32322807,47499291,23456206,36682344,24992223,32630626,35507,0,480515,9682406,2286,0,196407,0,0,0,32804244,31803408,31694596,2116,172924
2018-05-15_21-21-56.302058761,1526412116.304017709,2018-05-15_21-21-56.308160223,1526412116.309920859,1.05,1.05,1.13,17599099735692,18768080734,104986350,34839978,32322807,48304657,23456206,36682344,24992223,32630626,35700,0,482261,9702191,2286,0,196992,0,0,0,32804244,31801904,31692484,2116,172924
2018-05-15_21-22-26.361402729,1526412146.363420269,2018-05-15_21-22-26.367680250,1526412146.369618308,1.64,1.19,1.17,17690665221456,18835925854,105560251,34839978,32322807,48453151,23456206,36682344,24992223,32761211,35894,0,484990,9720514,2286,0,198240,0,0,0,32804244,31789848,31682152,2116,172936
2018-05-15_21-22-56.422592505,1526412176.424909889,2018-05-15_21-22-56.429899718,1526412176.432136348,1.65,1.24,1.19,17788565389356,18900900424,106260007,34839978,32322807,48453151,23456206,36682344,24992223,32904513,36081,0,487996,9738475,2286,0,199505,0,0,0,32804244,31791588,31682312,2116,172936
2018-05-15_21-23-26.481386653,1526412206.483385744,2018-05-15_21-23-26.488857136,1526412206.490932659,1.38,1.21,1.18,17862560085640,18977702044,106575146,34839978,32322807,48453151,23456206,36682344,24992223,33360737,36263,0,490479,9757187,2286,0,200183,0,0,0,32804244,31790788,31682268,2116,172936
2018-05-15_21-23-56.543616449,1526412236.545604198,2018-05-15_21-23-56.550275356,1526412236.552175777,1.38,1.23,1.19,17955091289040,19046543978,107165769,34839978,32322807,48453151,23456206,36682344,24992223,33576338,36457,0,493320,9775299,2286,0,201540,0,0,0,32804244,31790896,31682056,2116,172940
2018-05-15_21-24-26.604254285,1526412266.606660088,2018-05-15_21-24-26.611469985,1526412266.613987654,1.54,1.28,1.21,18053030380528,19111886928,107848198,34839978,32322807,48453151,23456206,36682344,24992223,33717578,36646,0,496299,9793249,2286,0,202972,0,0,0,32804244,31790064,31681256,2116,172944
2018-05-15_21-24-56.666651041,1526412296.668662444,2018-05-15_21-24-56.673247639,1526412296.675273999,1.50,1.30,1.22,18150906627126,19179865238,108498332,34839978,32322807,48453151,23456206,36682344,24992223,33869397,36832,0,499239,9811190,2286,0,204590,0,0,0,32804244,31789520,31681000,2116,172948
2018-05-15_21-25-26.728328303,1526412326.730307847,2018-05-15_21-25-26.734335028,1526412326.736204553,1.51,1.32,1.23,18248833798140,19247461628,109145926,34839978,32322807,48453151,23456206,36682344,24992223,34020843,37032,0,502137,9829126,2286,0,206270,0,0,0,32804244,31803128,31694324,2116,172940
2018-05-15_21-25-56.790081287,1526412356.792730597,2018-05-15_21-25-56.797250133,1526412356.799295833,1.43,1.32,1.23,18324906223730,19324885438,109481825,34839978,32322807,48453151,23456206,36682344,24992223,34451628,37213,0,504479,9847752,2286,0,207034,0,0,0,32804244,31803900,31695052,2116,172940
2018-05-15_21-26-26.854372542,1526412386.857008428,2018-05-15_21-26-26.861365449,1526412386.864228036,1.50,1.34,1.24,18418184370448,19391703538,110115127,34839978,32322807,48453151,23456206,36682344,25103689,34544690,37402,0,507349,9865860,2286,0,208114,0,0,0,32804244,31803220,31694676,2116,172940
2018-05-15_21-26-56.921215954,1526412416.923165418,2018-05-15_21-26-56.927565497,1526412416.929697004,1.52,1.36,1.25,18516626748722,19459356616,110770236,34839978,32322807,48453151,23456206,36682344,25254026,34544690,37585,0,510310,9883763,2286,0,209814,0,0,0,32804244,31802468,31693660,2116,172940
2018-05-15_21-27-26.984693671,1526412446.988393740,2018-05-15_21-27-26.995725333,1526412446.998698833,1.37,1.34,1.24,18592553335132,19526411800,111557241,34839978,32322807,48453151,23456206,36682344,25520494,34544690,37767,0,513004,9902567,2286,0,210654,0,0,0,32804244,31802664,31693300,2116,172940
2018-05-15_21-27-57.054596454,1526412477.056555790,2018-05-15_21-27-57.062296485,1526412477.064313302,1.37,1.34,1.24,18685343090470,19591168880,112289575,34839978,32322807,48453151,23456206,36682344,25686678,34544690,37950,0,515933,9920726,2286,0,211723,0,0,0,32804244,31803352,31694292,2116,172940
2018-05-15_21-28-27.119942280,1526412507.122626043,2018-05-15_21-28-27.127437409,1526412507.131307058,1.66,1.42,1.27,18783324963306,19657511530,112962255,34839978,32322807,48453151,23456206,36682344,25834133,34544690,38138,0,518882,9938672,2286,0,213181,0,0,0,32804244,31803120,31694384,2116,172940
2018-05-15_21-28-57.182136883,1526412537.184121109,2018-05-15_21-28-57.188767714,1526412537.190755486,1.53,1.41,1.28,18881349619066,19724380738,113626674,34839978,32322807,48453151,23456206,36682344,25983122,34544690,38325,0,521843,9956603,2286,0,214750,0,0,0,32804244,31802148,31692736,2116,172940
2018-05-15_21-29-27.243486820,1526412567.245482119,2018-05-15_21-29-27.250862123,1526412567.254410453,1.33,1.37,1.27,18980022058406,19789553508,114320979,34839978,32322807,48453151,23456206,36682344,26120927,34544690,38511,0,524841,9974525,2286,0,216176,0,0,0,32804244,31802840,31693748,2116,172940
2018-05-15_21-29-57.307699324,1526412597.310665751,2018-05-15_21-29-57.319740669,1526412597.322535211,0.93,1.27,1.24,19054785846084,19855109212,115114976,34839978,32322807,48453151,23456206,36682344,26385869,34544690,38692,0,527276,9993403,2286,0,216846,0,0,0,32804244,31803936,31694816,2116,172940
2018-05-15_21-30-27.383126423,1526412627.384970256,2018-05-15_21-30-27.388991832,1526412627.391523396,1.04,1.26,1.23,19145947694960,19937942046,115313494,34839978,32811766,48453151,23456206,36682344,26443581,34544690,38901,0,529334,10012308,2287,0,217958,0,0,0,32804244,31791288,31682776,2116,172956
