StartTime,StartEpoch,EndTime,EndEpoch,CPULoad1m,CPULoad5m,CPULoad5m,NetDevRX,NetDevTX,IRQens2-0,IRQens2-1,IRQens2-2,IRQens2-3,IRQens2-4,IRQens2-5,IRQens2-6,IRQens2-7,user,nice,system,idle,iowait,irq,softirq,steal,guest,guest_nice,MemTotal,MemFree,MemAvailable,Buffers,Cached
2018-05-14_21-05-29.865654496,1526324729.869103467,2018-05-14_21-05-29.877946805,1526324729.881552865,0.55,0.57,0.35,9772673346542,6793752498,37476530,42584170,33082736,39652427,2961638,6355673,2088544,7597383,93578,6,481703,72017670,2987,0,58732,0,0,0,32804244,31540096,31436732,2116,193936
2018-05-14_21-05-59.960463653,1526324759.963943366,2018-05-14_21-05-59.969557754,1526324759.973369751,0.79,0.63,0.38,9854600539252,6836332884,37476531,42656986,33082737,42552172,2961638,6355673,2088544,7597383,93765,6,484506,72036815,2987,0,59168,0,0,0,32804244,31541284,31438600,2116,193940
2018-05-14_21-06-30.047370525,1526324790.051342757,2018-05-14_21-06-30.058254464,1526324790.061066189,0.93,0.68,0.40,9938999393806,6884653770,37477184,45793383,33082737,42552172,2961638,6355673,2088544,7597383,93963,6,487449,72055678,2987,0,59626,0,0,0,32804244,31542868,31440152,2116,193940
2018-05-14_21-07-00.134875683,1526324820.138632498,2018-05-14_21-07-00.143561356,1526324820.145476400,1.02,0.73,0.43,10024134141432,6933229956,37499883,45793383,33083415,42552172,2961638,6355673,2088544,7597383,94164,6,490394,72074546,2987,0,60010,0,0,0,32804244,31540424,31438016,2116,193940
2018-05-14_21-07-30.229521048,1526324850.233528048,2018-05-14_21-07-30.240450062,1526324850.245338616,1.03,0.75,0.45,10109281947998,6981729462,37499883,45882951,33106385,42552172,2961638,6355673,2088544,7597383,94360,6,493343,72093427,2987,0,60426,0,0,0,32804244,31540188,31437664,2116,193940
2018-05-14_21-08-00.333214695,1526324880.335330845,2018-05-14_21-08-00.340146926,1526324880.342321463,1.08,0.79,0.47,10192132744808,7030323348,37499883,48956403,33106385,42637450,2961638,6355673,2088544,7597383,94561,6,496234,72112359,2987,0,60873,0,0,0,32804244,31539832,31437600,2116,193940
2018-05-14_21-08-30.407935798,1526324910.412007807,2018-05-14_21-08-30.420487233,1526324910.424588098,1.00,0.80,0.48,10274915325054,7079232234,37499883,48956403,33201395,45548931,2961638,6355673,2088544,7597383,94746,6,499120,72131374,2987,0,61341,0,0,0,32804244,31540256,31437548,2116,193940
2018-05-14_21-09-00.523009038,1526324940.525987572,2018-05-14_21-09-00.533879923,1526324940.537617869,0.98,0.82,0.50,10359970775620,7127518680,37596288,48956403,36399308,45548931,2961638,6355673,2088544,7597383,94944,6,502080,72150207,2987,0,61758,0,0,0,32804244,31528024,31425860,2116,193948
2018-05-14_21-09-30.610068609,1526324970.612192079,2018-05-14_21-09-30.616849234,1526324970.618898653,0.99,0.83,0.51,10444995059464,7175835366,40807010,48956403,36399308,45549644,2961638,6355673,2088544,7597383,95139,6,505042,72169034,2987,0,62168,0,0,0,32804244,31527892,31425448,2116,193948
2018-05-14_21-10-00.693312311,1526325000.697102613,2018-05-14_21-10-00.702871919,1526325000.705090379,0.99,0.85,0.53,10529164930342,7224339072,40807010,48957877,36399308,45572294,2961638,6355673,2088544,7597383,95341,6,507928,72188035,2987,0,62660,0,0,0,32804244,31526764,31424316,2116,193952
2018-05-14_21-10-30.779166077,1526325030.782073176,2018-05-14_21-10-30.787960108,1526325030.790729612,1.07,0.88,0.55,10596293960722,7264260078,40807010,49015333,36399308,45641394,2961638,6355673,2088544,7597383,95534,6,510299,72207834,2987,0,63022,0,0,0,32804244,31527064,31425192,2116,193964
2018-05-14_21-11-00.866239360,1526325060.868384123,2018-05-14_21-11-00.876361838,1526325060.878514378,0.91,0.86,0.55,10662285456464,7301974104,40807010,49087620,36399308,48036879,2961638,6355673,2088544,7597383,95716,6,512656,72227738,2987,0,63346,0,0,0,32804244,31526644,31423928,2116,193964
2018-05-14_21-11-30.948525720,1526325090.952334718,2018-05-14_21-11-30.959640802,1526325090.963248993,1.02,0.89,0.57,10728688614310,7339612470,40807010,51628090,36399947,48036879,2961638,6355673,2088544,7597383,95914,6,515036,72247556,2987,0,63703,0,0,0,32804244,31526148,31424280,2116,193968
2018-05-14_21-12-01.037012726,1526325121.039215394,2018-05-14_21-12-01.044087195,1526325121.046299917,0.96,0.89,0.58,10795127351506,7377177156,40807602,51628090,36421015,48036879,2961638,6355673,2088544,7597383,96100,6,517403,72267412,2987,0,63982,0,0,0,32804244,31539572,31436892,2116,193960
2018-05-14_21-12-31.108662559,1526325151.112368645,2018-05-14_21-12-31.119914372,1526325151.123099856,0.86,0.86,0.59,10861574766314,7414868682,40828767,51628706,36421015,48036879,2961638,6355673,2088544,7597383,96289,6,519778,72287280,2987,0,64214,0,0,0,32804244,31540052,31437164,2116,193964
2018-05-14_21-13-01.212520615,1526325181.215108663,2018-05-14_21-13-01.222315588,1526325181.225345265,0.99,0.89,0.60,10927757158824,7452429528,40828767,51649403,36421015,48037538,2961638,6355673,2088544,7597383,96474,6,522133,72307168,2987,0,64566,0,0,0,32804244,31539760,31437380,2116,193964
2018-05-14_21-13-31.295352258,1526325211.297470543,2018-05-14_21-13-31.303409738,1526325211.305751076,1.06,0.92,0.62,10994292145100,7490329314,40900248,51649403,36421015,48058470,2961638,6355673,2088544,7597383,96666,6,524475,72327075,2987,0,64921,0,0,0,32804244,31539320,31436588,2116,193964
2018-05-14_21-14-01.366809912,1526325241.370421041,2018-05-14_21-14-01.377768190,1526325241.381170335,0.92,0.90,0.62,11060927417246,7529682360,43536066,51649403,36489690,48058470,2961638,6355673,2088544,7597383,96856,6,526868,72346878,2988,0,65179,0,0,0,32804244,31539736,31436748,2116,193964
2018-05-14_21-14-31.456503022,1526325271.459912734,2018-05-14_21-14-31.466510776,1526325271.469230898,1.02,0.92,0.64,11126586048308,7566590886,43536066,51649403,39052838,48059054,2961638,6355673,2088544,7597383,97042,6,529242,72366747,2988,0,65455,0,0,0,32804244,31539072,31436688,2116,193964
2018-05-14_21-15-01.544735454,1526325301.548058890,2018-05-14_21-15-01.557329836,1526325301.560365751,0.86,0.90,0.64,11192276022584,7604011152,43536066,51649975,39052838,48078815,2961638,6355673,2088544,7597383,97234,6,531562,72386718,2988,0,65781,0,0,0,32804244,31539128,31436964,2116,193964
2018-05-14_21-15-31.629397052,1526325331.633066695,2018-05-14_21-15-31.640433564,1526325331.644079315,0.90,0.91,0.65,11258090977668,7641372618,43536066,51670537,39121316,48078815,2961638,6355673,2088544,7597383,97418,6,533909,72406607,2988,0,66137,0,0,0,32804244,31539356,31436880,2116,193964
2018-05-14_21-16-01.711023357,1526325361.714102953,2018-05-14_21-16-01.719507617,1526325361.721782269,0.86,0.90,0.66,11324208076642,7680452844,43601321,51670537,41735852,48078815,2961638,6355673,2088544,7597383,97605,6,536283,72426430,2988,0,66446,0,0,0,32804244,31540112,31437600,2116,193964
2018-05-14_21-16-31.780558840,1526325391.783342887,2018-05-14_21-16-31.789568588,1526325391.792012958,0.98,0.92,0.68,11390655563090,7717793010,46215024,51731757,41735852,48078815,2961638,6355673,2088544,7597383,97794,6,538689,72446241,2988,0,66696,0,0,0,32804244,31539180,31436736,2116,193964
2018-05-14_21-17-01.862766238,1526325421.866141924,2018-05-14_21-17-01.871939816,1526325421.874301826,1.20,0.98,0.70,11456035054892,7757371596,46215024,54268847,41735852,48135509,2961638,6355673,2088544,7597383,97982,6,541034,72466095,2988,0,67043,0,0,0,32804244,31527332,31424848,2116,193976
2018-05-14_21-17-31.941948118,1526325451.945250798,2018-05-14_21-17-31.950790788,1526325451.953620470,1.13,0.98,0.71,11522542149602,7795446762,46216681,54268847,41735852,50552831,2961638,6355673,2088544,7597383,98175,6,543399,72485957,2988,0,67363,0,0,0,32804244,31526212,31424088,2116,193976
2018-05-14_21-18-02.014743288,1526325482.018288405,2018-05-14_21-18-02.027195912,1526325482.030770054,1.14,1.00,0.72,11589531940064,7835566788,46285210,54268847,41737569,50552831,2961638,6355673,2088544,7597383,98363,6,545782,72505780,2988,0,67613,0,0,0,32804244,31527368,31425128,2116,193976
2018-05-14_21-18-32.101946515,1526325512.104793542,2018-05-14_21-18-32.110976912,1526325512.112992802,1.00,0.99,0.73,11656244361096,7875370734,46344822,54268847,41807774,50552831,2961638,6355673,2088544,7597383,98558,6,548146,72525606,2988,0,67902,0,0,0,32804244,31526568,31424568,2116,193980
2018-05-14_21-19-02.174455789,1526325542.177652282,2018-05-14_21-19-02.184733001,1526325542.188657604,0.88,0.95,0.73,11722444730068,7912592760,48956413,54268847,41866761,50552831,2961638,6355673,2088544,7597383,98750,6,550529,72545432,2988,0,68159,0,0,0,32804244,31525908,31423800,2116,193980
2018-05-14_21-19-32.255720546,1526325572.259419188,2018-05-14_21-19-32.266906811,1526325572.271238465,0.92,0.96,0.74,11788600575472,7949725686,48956413,54269364,44474559,50552831,2961638,6355673,2088544,7597383,98936,6,552919,72565271,2988,0,68426,0,0,0,32804244,31525972,31423512,2116,193988
2018-05-14_21-20-02.345292540,1526325602.348699589,2018-05-14_21-20-02.355873326,1526325602.359366306,0.95,0.96,0.74,11855128738394,7987457772,48956413,54290603,44474559,50554618,2961638,6355673,2088544,7597383,99125,6,555290,72585122,2988,0,68758,0,0,0,32804244,31538324,31436324,2116,193984
2018-05-14_21-20-32.427575757,1526325632.431326064,2018-05-14_21-20-32.438711460,1526325632.442128379,0.81,0.93,0.74,11922144260296,8028147498,48956413,54290603,44475064,50631667,2961638,6355673,2088544,7597383,99313,6,557651,72604994,2988,0,69062,0,0,0,32804244,31539740,31436984,2116,193984
2018-05-14_21-21-02.505065988,1526325662.507900566,2018-05-14_21-21-02.513211725,1526325662.515422622,0.74,0.91,0.74,11988550069606,8065664664,48956891,54290603,44495892,50631667,2961638,6355673,2088544,7597383,99393,6,559812,72625174,2988,0,69154,0,0,0,32804244,31541888,31439656,2116,193984
2018-05-14_21-21-32.576725812,1526325692.579332062,2018-05-14_21-21-32.587416005,1526325692.590075791,0.59,0.85,0.73,12054993983182,8103348270,48976921,54290603,44495892,50682121,2961638,6355673,2088544,7597383,99429,6,561890,72645505,2988,0,69173,0,0,0,32804244,31542048,31439928,2116,193984
