StartTime,StartEpoch,EndTime,EndEpoch,CPULoad1m,CPULoad5m,CPULoad5m,NetDevRX,NetDevTX,IRQens2-0,IRQens2-1,IRQens2-2,IRQens2-3,IRQens2-4,IRQens2-5,IRQens2-6,IRQens2-7,user,nice,system,idle,iowait,irq,softirq,steal,guest,guest_nice,MemTotal,MemFree,MemAvailable,Buffers,Cached
2018-05-10_17-46-43.741189056,1525967203.742893462,2018-05-10_17-46-43.746741230,1525967203.748702178,0.10,0.17,0.13,518842895758,353813928,3544594,820113,806062,842740,3795,8629,6641,4038,83340,178,31299,57302259,9140,0,7678,0,0,0,32804244,30594436,31479540,4180,1191596
2018-05-10_17-47-13.790485144,1525967233.792187298,2018-05-10_17-47-13.795924598,1525967233.797604710,0.37,0.23,0.15,518842897090,353815072,3544595,820118,806080,842740,3795,8629,6641,4038,86340,178,31304,57323291,9140,0,7678,0,0,0,32804244,30595400,31480504,4180,1191596
2018-05-10_17-47-43.839090262,1525967263.840790222,2018-05-10_17-47-43.844510603,1525967263.846187916,0.49,0.27,0.17,518842898422,353816216,3544614,820118,806085,842740,3795,8629,6641,4038,89341,178,31310,57344321,9140,0,7679,0,0,0,32804244,30595280,31480384,4180,1191596
2018-05-10_17-48-13.887740594,1525967293.889696630,2018-05-10_17-48-13.893498836,1525967293.895171539,0.69,0.34,0.20,518842899754,353817360,3544620,820118,806085,842758,3795,8629,6641,4038,92341,178,31314,57365352,9140,0,7679,0,0,0,32804244,30595456,31480560,4180,1191596
2018-05-10_17-48-43.936669053,1525967323.938383399,2018-05-10_17-48-43.942120821,1525967323.943810946,0.81,0.41,0.22,518842901086,353818504,3544621,820136,806085,842763,3795,8629,6641,4038,95342,178,31320,57386383,9140,0,7679,0,0,0,32804244,30595420,31480524,4180,1191596
2018-05-10_17-49-13.985435779,1525967353.987119801,2018-05-10_17-49-13.990844519,1525967353.992518988,0.81,0.45,0.24,518842902358,353819648,3544622,820141,806103,842763,3795,8629,6641,4038,98337,178,31325,57407419,9140,0,7679,0,0,0,32804244,30595912,31481016,4180,1191596
2018-05-10_17-49-44.034186294,1525967384.035965647,2018-05-10_17-49-44.039703287,1525967384.041376144,0.88,0.50,0.26,518842903690,353820792,3544640,820142,806109,842763,3795,8629,6641,4038,101336,178,31331,57428449,9140,0,7679,0,0,0,32804244,30595756,31480860,4180,1191596
2018-05-10_17-50-14.083009977,1525967414.084736175,2018-05-10_17-50-14.088524913,1525967414.090210342,0.93,0.55,0.29,518842905022,353821936,3544646,820142,806109,842781,3795,8629,6641,4038,104334,178,31338,57449479,9142,0,7679,0,0,0,32804244,30595540,31480912,4180,1191608
2018-05-10_17-50-44.131831631,1525967444.133549232,2018-05-10_17-50-44.137285807,1525967444.138965744,0.96,0.59,0.31,518842906354,353823080,3544647,820160,806109,842786,3795,8629,6641,4038,107334,178,31344,57470509,9142,0,7679,0,0,0,32804244,30595984,31480836,4180,1191608
2018-05-10_17-51-14.180837428,1525967474.182592772,2018-05-10_17-51-14.186472894,1525967474.188162207,0.97,0.63,0.33,518842907686,353824224,3544648,820166,806127,842786,3795,8629,6641,4038,110336,178,31350,57491537,9142,0,7679,0,0,0,32804244,30584256,31469380,4180,1191620
2018-05-10_17-51-44.230108812,1525967504.231826412,2018-05-10_17-51-44.235587256,1525967504.237275524,0.91,0.65,0.35,518842909018,353825368,3544667,820167,806131,842786,3795,8629,6641,4038,113335,178,31356,57512567,9142,0,7679,0,0,0,32804244,30584480,31469864,4180,1191620
2018-05-10_17-52-14.279141038,1525967534.280903141,2018-05-10_17-52-14.284780799,1525967534.286481850,0.87,0.67,0.36,518842910350,353826512,3544674,820167,806131,842804,3795,8629,6641,4038,116335,178,31364,57533596,9142,0,7679,0,0,0,32804244,30583272,31468396,4180,1191620
2018-05-10_17-52-44.328432518,1525967564.330164692,2018-05-10_17-52-44.333928458,1525967564.335607718,0.92,0.70,0.38,518842911682,353827656,3544675,820185,806131,842809,3795,8629,6641,4038,119337,178,31372,57554622,9142,0,7679,0,0,0,32804244,30583008,31468136,4180,1191624
2018-05-10_17-53-14.377434459,1525967594.379126249,2018-05-10_17-53-14.382858937,1525967594.384512866,0.95,0.73,0.40,518842913014,353828800,3544676,820190,806150,842809,3795,8629,6641,4038,122337,178,31377,57575653,9142,0,7679,0,0,0,32804244,30583304,31468432,4180,1191624
2018-05-10_17-53-44.426104065,1525967624.427851999,2018-05-10_17-53-44.431614543,1525967624.433296122,0.97,0.75,0.42,518842914346,353829944,3544695,820190,806155,842809,3795,8629,6641,4038,125339,178,31385,57596679,9142,0,7679,0,0,0,32804244,30583212,31468348,4180,1191628
2018-05-10_17-54-14.475107743,1525967654.476832072,2018-05-10_17-54-14.480634164,1525967654.482311109,0.98,0.78,0.44,518842915678,353831088,3544700,820190,806156,842827,3795,8629,6641,4038,128339,178,31390,57617709,9142,0,7679,0,0,0,32804244,30595536,31480672,4180,1191624
2018-05-10_17-54-44.524402077,1525967684.526113981,2018-05-10_17-54-44.529877898,1525967684.531562612,0.99,0.80,0.46,518842917010,353832232,3544701,820208,806156,842832,3795,8629,6641,4038,131339,178,31396,57638740,9142,0,7679,0,0,0,32804244,30595852,31480988,4180,1191624
2018-05-10_17-55-14.573526926,1525967714.575302053,2018-05-10_17-55-14.579021607,1525967714.580707626,0.94,0.80,0.47,518842918282,353833376,3544702,820213,806175,842832,3795,8629,6641,4038,134335,178,31401,57659776,9142,0,7679,0,0,0,32804244,30595792,31481188,4180,1191624
2018-05-10_17-55-44.622403375,1525967744.624110150,2018-05-10_17-55-44.627870434,1525967744.629554761,0.91,0.81,0.48,518842919614,353834520,3544721,820213,806180,842832,3795,8629,6641,4038,137336,178,31406,57680806,9142,0,7679,0,0,0,32804244,30596000,31481136,4180,1191624
2018-05-10_17-56-14.671368738,1525967774.673119705,2018-05-10_17-56-14.676851619,1525967774.678515568,0.95,0.82,0.50,518842920946,353835664,3544726,820213,806181,842850,3795,8629,6641,4038,140333,178,31411,57701840,9142,0,7679,0,0,0,32804244,30596064,31481104,4180,1191624
2018-05-10_17-56-44.720064564,1525967804.721806538,2018-05-10_17-56-44.725550746,1525967804.727229083,0.97,0.84,0.51,518842922278,353836808,3544727,820231,806181,842856,3795,8629,6641,4038,143333,178,31418,57722870,9142,0,7679,0,0,0,32804244,30595988,31481124,4180,1191624
2018-05-10_17-57-14.768974413,1525967834.770674335,2018-05-10_17-57-14.774406747,1525967834.776071242,0.98,0.86,0.53,518842923610,353837952,3544727,820237,806199,842856,3795,8629,6641,4038,146333,178,31422,57743902,9142,0,7679,0,0,0,32804244,30596184,31481320,4180,1191624
2018-05-10_17-57-44.817770289,1525967864.819502017,2018-05-10_17-57-44.823252823,1525967864.824924231,0.99,0.87,0.54,518842924942,353839096,3544745,820238,806204,842856,3795,8629,6641,4038,149332,178,31428,57764932,9142,0,7679,0,0,0,32804244,30595868,31481264,4180,1191624
2018-05-10_17-58-14.866595646,1525967894.868307379,2018-05-10_17-58-14.872023971,1525967894.873694963,0.99,0.88,0.56,518842926274,353840240,3544751,820238,806205,842873,3795,8629,6641,4038,152332,178,31433,57785964,9142,0,7679,0,0,0,32804244,30595816,31480644,4180,1191624
2018-05-10_17-58-44.915313650,1525967924.917024999,2018-05-10_17-58-44.920774882,1525967924.922459528,1.05,0.91,0.58,518842927546,353841384,3544752,820256,806205,842878,3795,8629,6641,4038,155327,178,31439,57806999,9142,0,7679,0,0,0,32804244,30595548,31480684,4180,1191624
2018-05-10_17-59-14.964446914,1525967954.966205139,2018-05-10_17-59-14.970073298,1525967954.971758020,0.98,0.90,0.59,518842928878,353842528,3544753,820262,806223,842878,3795,8629,6641,4038,158329,178,31446,57828027,9142,0,7679,0,0,0,32804244,30583344,31468484,4180,1191632
2018-05-10_17-59-45.013845259,1525967985.015564455,2018-05-10_17-59-45.019310897,1525967985.020981492,0.99,0.91,0.60,518842930210,353843672,3544772,820262,806228,842878,3795,8629,6641,4038,161329,178,31452,57849057,9142,0,7679,0,0,0,32804244,30583264,31468404,4180,1191632
2018-05-10_18-00-15.062798979,1525968015.064537421,2018-05-10_18-00-15.068375513,1525968015.070061907,0.99,0.92,0.61,518842931542,353844816,3544778,820262,806228,842896,3795,8629,6641,4038,164332,178,31460,57870082,9142,0,7679,0,0,0,32804244,30583196,31468328,4180,1191640
2018-05-10_18-00-45.112046657,1525968045.113778210,2018-05-10_18-00-45.117552191,1525968045.119228622,0.99,0.93,0.62,518842932874,353845960,3544779,820280,806228,842901,3795,8629,6641,4038,167334,178,31468,57891107,9142,0,7679,0,0,0,32804244,30582660,31467796,4180,1191644
2018-05-10_18-01-15.160884065,1525968075.162586733,2018-05-10_18-01-15.166335586,1525968075.168151758,0.88,0.90,0.62,518842934146,353847104,3544780,820285,806246,842901,3795,8629,6641,4038,170330,178,31474,57912140,9142,0,7680,0,0,0,32804244,30582764,31467568,4180,1191644
2018-05-10_18-01-45.209971672,1525968105.211707933,2018-05-10_18-01-45.215494453,1525968105.217190113,0.93,0.91,0.64,518842935478,353848248,3544799,820285,806251,842901,3795,8629,6641,4038,173332,178,31483,57933165,9142,0,7680,0,0,0,32804244,30583380,31468780,4180,1191648
2018-05-10_18-02-15.259177955,1525968135.260894488,2018-05-10_18-02-15.264672005,1525968135.266360471,0.96,0.92,0.65,518842935478,353848248,3544799,820285,806251,842901,3795,8629,6641,4038,176339,178,31487,57954190,9142,0,7680,0,0,0,32804244,30596076,31481472,4180,1191644
2018-05-10_18-02-45.308089652,1525968165.309803985,2018-05-10_18-02-45.313541529,1525968165.315223520,0.97,0.93,0.66,518842936810,353849392,3544805,820285,806251,842919,3795,8629,6641,4038,179337,178,31494,57975222,9142,0,7680,0,0,0,32804244,30595976,31481116,4180,1191644
2018-05-10_18-03-15.356863403,1525968195.358564040,2018-05-10_18-03-15.362283623,1525968195.363949605,0.93,0.92,0.67,518842938142,353850536,3544806,820303,806251,842924,3795,8629,6641,4038,182336,178,31499,57996254,9142,0,7680,0,0,0,32804244,30595984,31481124,4180,1191644
2018-05-10_18-03-45.405770977,1525968225.407495974,2018-05-10_18-03-45.411257518,1525968225.412928984,0.79,0.88,0.66,518842939474,353851680,3544807,820308,806269,842924,3795,8629,6641,4038,185336,178,31505,58017284,9142,0,7680,0,0,0,32804244,30595876,31481276,4180,1191644
2018-05-10_18-04-15.454759953,1525968255.456746299,2018-05-10_18-04-15.460599334,1525968255.462299738,0.87,0.89,0.68,518842940806,353852824,3544826,820308,806274,842924,3795,8629,6641,4038,188336,178,31509,58038316,9142,0,7680,0,0,0,32804244,30595524,31480664,4180,1191644
2018-05-10_18-04-45.503839087,1525968285.505558531,2018-05-10_18-04-45.509297169,1525968285.510966459,0.87,0.89,0.68,518842942078,353853968,3544832,820308,806274,842942,3795,8629,6641,4038,191331,178,31515,58059351,9142,0,7680,0,0,0,32804244,30595692,31480832,4180,1191644
2018-05-10_18-05-15.552517926,1525968315.554208371,2018-05-10_18-05-15.557910180,1525968315.559587932,0.92,0.90,0.69,518842943410,353855112,3544833,820326,806274,842948,3795,8629,6641,4038,194330,178,31520,58080383,9142,0,7680,0,0,0,32804244,30596064,31480924,4180,1191644
2018-05-10_18-05-45.601245110,1525968345.603028063,2018-05-10_18-05-45.606781393,1525968345.608458776,0.95,0.91,0.70,518842944742,353856256,3544834,820331,806292,842948,3795,8629,6641,4038,197328,178,31527,58101415,9142,0,7680,0,0,0,32804244,30595472,31480872,4180,1191644
2018-05-10_18-06-15.650127860,1525968375.651841125,2018-05-10_18-06-15.655580208,1525968375.657265765,0.97,0.92,0.71,518842946074,353857400,3544853,820331,806297,842948,3795,8629,6641,4038,200327,178,31531,58122447,9142,0,7680,0,0,0,32804244,30595564,31480964,4180,1191644
2018-05-10_18-06-45.699528576,1525968405.701257385,2018-05-10_18-06-45.704993148,1525968405.706669580,0.93,0.91,0.71,518842947406,353858544,3544860,820331,806297,842966,3795,8629,6641,4038,203327,178,31538,58143478,9142,0,7680,0,0,0,32804244,30595776,31480916,4180,1191644
2018-05-10_18-07-15.748508926,1525968435.750272280,2018-05-10_18-07-15.754132268,1525968435.755842501,0.96,0.92,0.72,518842948678,353859688,3544861,820349,806297,842971,3795,8629,6641,4038,206324,178,31544,58164511,9142,0,7680,0,0,0,32804244,30583400,31468544,4180,1191652
2018-05-10_18-07-45.797868505,1525968465.799589871,2018-05-10_18-07-45.803311945,1525968465.804987450,0.92,0.91,0.72,518842950010,353860832,3544862,820355,806315,842971,3795,8629,6641,4038,209324,178,31550,58185541,9142,0,7680,0,0,0,32804244,30583132,31468276,4180,1191652
2018-05-10_18-08-15.846963587,1525968495.848718959,2018-05-10_18-08-15.852584562,1525968495.854264522,0.95,0.92,0.73,518842951342,353861976,3544881,820355,806320,842971,3795,8629,6641,4038,212326,178,31557,58206569,9142,0,7680,0,0,0,32804244,30583860,31469008,4180,1191656
2018-05-10_18-08-45.896478213,1525968525.898231151,2018-05-10_18-08-45.902018170,1525968525.903717228,0.97,0.93,0.74,518842952674,353863120,3544887,820355,806320,842989,3795,8629,6641,4038,215329,178,31565,58227594,9142,0,7680,0,0,0,32804244,30583184,31468068,4180,1191656
2018-05-10_18-09-15.945754714,1525968555.947479103,2018-05-10_18-09-15.951233551,1525968555.952907081,0.93,0.92,0.75,518842954006,353864264,3544888,820373,806320,842995,3795,8629,6641,4038,218328,178,31570,58248626,9142,0,7680,0,0,0,32804244,30583764,31468916,4180,1191660
2018-05-10_18-09-45.995020358,1525968585.996748280,2018-05-10_18-09-46.000525249,1525968586.002217637,0.90,0.91,0.75,518842955338,353865408,3544889,820378,806338,842995,3795,8629,6641,4038,221330,178,31579,58269651,9142,0,7680,0,0,0,32804244,30583444,31468600,4180,1191664
2018-05-10_18-10-16.044106841,1525968616.045846842,2018-05-10_18-10-16.049671841,1525968616.051374157,0.94,0.92,0.76,518842956610,353866552,3544908,820379,806342,842995,3795,8629,6641,4038,224330,178,31586,58290680,9142,0,7680,0,0,0,32804244,30596072,31481236,4180,1191668
2018-05-10_18-10-46.093258777,1525968646.094984163,2018-05-10_18-10-46.098733582,1525968646.100423742,0.96,0.93,0.77,518842957942,353867696,3544914,820379,806342,843013,3795,8629,6641,4038,227330,178,31592,58311711,9142,0,7680,0,0,0,32804244,30595776,31480940,4180,1191668
2018-05-10_18-11-16.142483275,1525968676.144198286,2018-05-10_18-11-16.147949020,1525968676.149623167,0.98,0.93,0.77,518842959274,353868840,3544920,820379,806342,843019,3795,8629,6641,4051,230327,178,31597,58332746,9142,0,7680,0,0,0,32804244,30595952,31481116,4180,1191668
2018-05-10_18-11-46.191443236,1525968706.193167785,2018-05-10_18-11-46.196926465,1525968706.198611987,0.99,0.94,0.78,518842960606,353869984,3544926,820379,806343,843019,3808,8629,6641,4055,233327,178,31603,58353776,9142,0,7680,0,0,0,32804244,30595528,31480952,4180,1191668
2018-05-10_18-12-16.240409867,1525968736.242107466,2018-05-10_18-12-16.245846108,1525968736.247518647,0.99,0.95,0.79,518842961938,353871128,3544933,820379,806343,843019,3812,8629,6654,4055,236326,178,31607,58374808,9142,0,7680,0,0,0,32804244,30595848,31481012,4180,1191668
2018-05-10_18-12-46.289194220,1525968766.290903429,2018-05-10_18-12-46.294664261,1525968766.296358268,0.99,0.95,0.79,518842963270,353872272,3544940,820379,806343,843019,3812,8642,6658,4055,239327,178,31613,58395838,9142,0,7680,0,0,0,32804244,30595932,31481096,4180,1191668
2018-05-10_18-13-16.338102491,1525968796.339814540,2018-05-10_18-13-16.343576202,1525968796.345253207,1.00,0.96,0.80,518842964602,353873416,3544947,820379,806343,843019,3812,8646,6658,4068,242326,178,31618,58416871,9142,0,7680,0,0,0,32804244,30596344,31481508,4180,1191668
2018-05-10_18-13-46.387069908,1525968826.388791814,2018-05-10_18-13-46.392533037,1525968826.394223206,1.00,0.96,0.80,518842965874,353874560,3544954,820379,806343,843019,3825,8646,6658,4072,245322,178,31623,58437906,9142,0,7680,0,0,0,32804244,30596284,31481448,4180,1191668
2018-05-10_18-14-16.436138178,1525968856.437841229,2018-05-10_18-14-16.441585152,1525968856.443276829,1.00,0.96,0.81,518842967206,353875704,3544961,820379,806343,843019,3829,8646,6671,4072,248322,178,31627,58458938,9142,0,7680,0,0,0,32804244,30596348,31481512,4180,1191668
2018-05-10_18-14-46.485126269,1525968886.486848865,2018-05-10_18-14-46.490583612,1525968886.492265947,1.00,0.97,0.82,518842968538,353876848,3544968,820379,806343,843019,3829,8659,6675,4072,251320,178,31633,58479970,9142,0,7680,0,0,0,32804244,30596580,31482004,4180,1191668
2018-05-10_18-15-16.534215288,1525968916.535949410,2018-05-10_18-15-16.539747635,1525968916.541433738,1.00,0.97,0.82,518842969870,353877992,3544976,820379,806343,843019,3829,8663,6675,4084,254322,178,31640,58500999,9142,0,7680,0,0,0,32804244,30583916,31469088,4180,1191680
2018-05-10_18-15-46.583732771,1525968946.585729747,2018-05-10_18-15-46.589576407,1525968946.591271388,1.00,0.97,0.83,518842971202,353879136,3544984,820379,806343,843019,3841,8663,6675,4088,257323,178,31645,58522029,9142,0,7680,0,0,0,32804244,30584276,31469448,4180,1191680
2018-05-10_18-16-16.633388785,1525968976.635131574,2018-05-10_18-16-16.639009430,1525968976.640703687,1.08,0.99,0.84,518842972534,353880280,3544992,820379,806343,843019,3845,8663,6687,4088,260325,178,31652,58543056,9142,0,7680,0,0,0,32804244,30583228,31468400,4180,1191680
2018-05-10_18-16-46.682830472,1525969006.684554731,2018-05-10_18-16-46.688326216,1525969006.690013671,1.05,0.99,0.84,518842973806,353881424,3544999,820379,806343,843019,3845,8676,6691,4088,263324,178,31661,58564085,9142,0,7680,0,0,0,32804244,30582948,31468128,4180,1191688
2018-05-10_18-17-16.731917210,1525969036.733622174,2018-05-10_18-17-16.737380322,1525969036.739059095,1.03,0.99,0.85,518842975138,353882568,3545005,820379,806344,843019,3845,8680,6691,4101,266323,178,31665,58585117,9142,0,7680,0,0,0,32804244,30583400,31468580,4180,1191688
2018-05-10_18-17-46.781328265,1525969066.783052591,2018-05-10_18-17-46.786807598,1525969066.788496074,1.02,0.99,0.86,518842976470,353883712,3545013,820379,806345,843019,3856,8680,6691,4105,269327,178,31673,58606142,9142,0,7680,0,0,0,32804244,30582996,31468440,4180,1191692
2018-05-10_18-18-16.830353383,1525969096.832068144,2018-05-10_18-18-16.835858551,1525969096.837536791,1.01,0.99,0.86,518842977802,353884856,3545020,820379,806346,843019,3860,8680,6703,4105,272328,178,31677,58627173,9142,0,7680,0,0,0,32804244,30596652,31481832,4180,1191684
2018-05-10_18-18-46.879376956,1525969126.881100305,2018-05-10_18-18-46.884878371,1525969126.886559872,0.94,0.98,0.86,518842979134,353886000,3545026,820379,806347,843019,3860,8693,6707,4105,275329,178,31683,58648203,9142,0,7680,0,0,0,32804244,30596396,31481576,4180,1191684
2018-05-10_18-19-16.928476679,1525969156.930191472,2018-05-10_18-19-16.933930514,1525969156.935614207,0.97,0.98,0.87,518842980406,353887144,3545032,820379,806348,843019,3860,8697,6707,4118,278328,178,31688,58669235,9142,0,7680,0,0,0,32804244,30596932,31482112,4180,1191684
2018-05-10_18-19-46.977463844,1525969186.979187222,2018-05-10_18-19-46.982947090,1525969186.984641684,0.98,0.98,0.87,518842981678,353888288,3545039,820379,806348,843019,3873,8697,6707,4122,281324,178,31694,58690270,9142,0,7680,0,0,0,32804244,30596652,31482092,4180,1191684
2018-05-10_18-20-17.026609546,1525969217.028336612,2018-05-10_18-20-17.032112767,1525969217.033809806,0.99,0.98,0.87,518842983010,353889432,3545046,820379,806348,843019,3877,8697,6720,4122,284324,178,31700,58711300,9142,0,7680,0,0,0,32804244,30595812,31481260,4180,1191692
2018-05-10_18-20-47.075745405,1525969247.077470342,2018-05-10_18-20-47.081231730,1525969247.082908118,0.99,0.99,0.87,518842984342,353890576,3545054,820379,806348,843019,3877,8709,6724,4122,287323,178,31706,58732331,9142,0,7680,0,0,0,32804244,30596128,31481316,4180,1191692
2018-05-10_18-21-17.124766446,1525969277.126467103,2018-05-10_18-21-17.130196347,1525969277.131854195,1.00,0.99,0.88,518842985674,353891720,3545061,820379,806348,843019,3877,8713,6724,4135,290323,178,31711,58753362,9142,0,7680,0,0,0,32804244,30596840,31482028,4180,1191692
2018-05-10_18-21-47.173689492,1525969307.175411529,2018-05-10_18-21-47.179169925,1525969307.180844918,1.00,0.99,0.88,518842987006,353892864,3545067,820379,806350,843019,3890,8713,6724,4139,293324,178,31716,58774392,9142,0,7680,0,0,0,32804244,30596708,31481632,4180,1191692
2018-05-10_18-22-17.222735136,1525969337.224462759,2018-05-10_18-22-17.228233296,1525969337.229912976,1.00,0.99,0.88,518842988338,353894008,3545074,820379,806351,843019,3894,8713,6736,4139,296324,178,31721,58795425,9142,0,7680,0,0,0,32804244,30596972,31482160,4180,1191692
2018-05-10_18-22-47.271789927,1525969367.273520021,2018-05-10_18-22-47.277271336,1525969367.278955831,1.00,0.99,0.89,518842989610,353895152,3545081,820379,806351,843019,3894,8726,6740,4139,299320,178,31726,58816459,9142,0,7680,0,0,0,32804244,30596776,31482224,4180,1191692
2018-05-10_18-23-17.321248371,1525969397.323108860,2018-05-10_18-23-17.327139578,1525969397.328898563,1.00,0.99,0.89,518842990942,353896296,3545088,820379,806352,843019,3894,8730,6740,4151,302322,178,31733,58837488,9142,0,7680,0,0,0,32804244,30583352,31468544,4180,1191700
2018-05-10_18-23-47.370948563,1525969427.372777118,2018-05-10_18-23-47.376869108,1525969427.378572282,1.00,0.99,0.89,518842992274,353897440,3545094,820379,806353,843019,3907,8730,6740,4155,305322,178,31739,58858518,9142,0,7680,0,0,0,32804244,30583532,31468416,4180,1191700
2018-05-10_18-24-17.420863977,1525969457.422628997,2018-05-10_18-24-17.426743320,1525969457.428450155,1.05,1.00,0.90,518842993606,353898584,3545101,820379,806353,843019,3911,8730,6753,4155,308324,178,31746,58879546,9142,0,7680,0,0,0,32804244,30583828,31469028,4180,1191708
2018-05-10_18-24-47.470508076,1525969487.472237874,2018-05-10_18-24-47.475967753,1525969487.477650216,1.03,1.00,0.90,518842994938,353899728,3545108,820379,806353,843019,3911,8743,6757,4155,311327,178,31753,58900571,9142,0,7680,0,0,0,32804244,30583956,31468876,4180,1191708
2018-05-10_18-25-17.519443094,1525969517.521144882,2018-05-10_18-25-17.524888634,1525969517.526559321,1.02,1.00,0.91,518842996210,353900872,3545115,820379,806353,843019,3911,8747,6757,4168,314322,178,31758,58921607,9142,0,7680,0,0,0,32804244,30584000,31469204,4180,1191712
2018-05-10_18-25-47.568472609,1525969547.570277468,2018-05-10_18-25-47.574036577,1525969547.575725230,1.07,1.02,0.91,518842997482,353902016,3545122,820379,806353,843019,3924,8747,6757,4172,317323,178,31766,58942632,9142,0,7680,0,0,0,32804244,30584036,31469240,4180,1191712
2018-05-10_18-26-17.617672715,1525969577.619421128,2018-05-10_18-26-17.623227862,1525969577.624915203,1.04,1.01,0.92,518842998814,353903160,3545129,820379,806353,843019,3928,8747,6770,4172,320324,178,31772,58963663,9142,0,7680,0,0,0,32804244,30597380,31482580,4180,1191704
2018-05-10_18-26-47.666909942,1525969607.668627125,2018-05-10_18-26-47.672384539,1525969607.674075671,1.03,1.01,0.92,518843000146,353904304,3545136,820379,806353,843019,3928,8760,6774,4172,323324,178,31778,58984694,9142,0,7680,0,0,0,32804244,30596784,31481984,4180,1191704
2018-05-10_18-27-17.715902600,1525969637.717623968,2018-05-10_18-27-17.721362545,1525969637.723031424,1.02,1.01,0.92,518843001478,353905448,3545143,820379,806353,843019,3928,8764,6774,4185,326324,178,31782,59005726,9142,0,7680,0,0,0,32804244,30596604,31481804,4180,1191704
2018-05-10_18-27-47.765436842,1525969667.767232791,2018-05-10_18-27-47.771005800,1525969667.772687242,1.01,1.01,0.93,518843002750,353906592,3545150,820379,806353,843019,3941,8764,6774,4189,329321,178,31789,59026759,9142,0,7680,0,0,0,32804244,30597092,31482028,4180,1191704
2018-05-10_18-28-17.814710914,1525969697.816428428,2018-05-10_18-28-17.820186422,1525969697.821853397,1.01,1.01,0.93,518843004082,353907736,3545157,820379,806353,843019,3946,8764,6787,4189,332318,178,31794,59047793,9142,0,7680,0,0,0,32804244,30596660,31481860,4180,1191704
2018-05-10_18-28-47.863714062,1525969727.865584037,2018-05-10_18-28-47.869379411,1525969727.871062730,1.00,1.01,0.93,518843005414,353908880,3545164,820379,806353,843019,3946,8777,6791,4189,335318,178,31800,59068824,9142,0,7681,0,0,0,32804244,30596528,31481728,4180,1191704
2018-05-10_18-29-17.912944690,1525969757.914657604,2018-05-10_18-29-17.918396061,1525969757.920070870,1.00,1.01,0.93,518843006746,353910024,3545171,820379,806353,843019,3946,8781,6791,4202,338318,178,31805,59089856,9142,0,7681,0,0,0,32804244,30596644,31481844,4180,1191704
2018-05-10_18-29-47.961892270,1525969787.963597618,2018-05-10_18-29-47.967356202,1525969787.969037128,1.00,1.01,0.94,518843008078,353911168,3545178,820379,806353,843019,3959,8781,6791,4206,341318,178,31811,59110886,9142,0,7681,0,0,0,32804244,30596584,31481784,4180,1191704
2018-05-10_18-30-18.011001895,1525969818.012819212,2018-05-10_18-30-18.016975650,1525969818.018683429,1.00,1.01,0.94,518843009410,353912312,3545185,820379,806353,843019,3963,8781,6805,4206,344318,178,31817,59131916,9142,0,7681,0,0,0,32804244,30595104,31480308,4180,1191708
2018-05-10_18-30-48.060554344,1525969848.062270381,2018-05-10_18-30-48.066009885,1525969848.067689710,1.00,1.01,0.94,518843010742,353913456,3545191,820379,806353,843020,3963,8794,6810,4206,347318,178,31822,59152948,9142,0,7681,0,0,0,32804244,30595432,31480636,4180,1191708
2018-05-10_18-31-18.110366920,1525969878.112117654,2018-05-10_18-31-18.115981965,1525969878.117690464,1.05,1.03,0.95,518843012074,353914600,3545198,820379,806353,843020,3963,8798,6810,4219,350319,178,31830,59173976,9142,0,7681,0,0,0,32804244,30583020,31468232,4180,1191720
2018-05-10_18-31-48.159810733,1525969908.161785354,2018-05-10_18-31-48.165649086,1525969908.167354198,1.03,1.03,0.95,518843013406,353915744,3545205,820379,806353,843020,3976,8798,6810,4223,353319,178,31836,59195006,9142,0,7681,0,0,0,32804244,30583024,31468240,4180,1191724
2018-05-10_18-32-18.209327861,1525969938.211081310,2018-05-10_18-32-18.214958422,1525969938.216652475,1.02,1.02,0.95,518843014738,353916888,3545212,820379,806353,843020,3980,8798,6823,4223,356321,178,31843,59216034,9142,0,7681,0,0,0,32804244,30583408,31468628,4180,1191728
2018-05-10_18-32-48.258537779,1525969968.260268325,2018-05-10_18-32-48.264019344,1525969968.265715704,1.01,1.02,0.95,518843016070,353918032,3545219,820379,806353,843020,3980,8811,6827,4223,359323,178,31851,59237059,9142,0,7681,0,0,0,32804244,30583684,31468856,4180,1191728
2018-05-10_18-33-18.307577952,1525969998.309289880,2018-05-10_18-33-18.313019661,1525969998.314694392,1.01,1.02,0.95,518843017402,353919176,3545226,820379,806353,843020,3980,8815,6827,4236,362323,178,31855,59258091,9142,0,7681,0,0,0,32804244,30583836,31469008,4180,1191728
2018-05-10_18-33-48.356379249,1525970028.358106368,2018-05-10_18-33-48.361870843,1525970028.363552502,1.00,1.01,0.95,518843018674,353920320,3545233,820379,806353,843020,3993,8815,6827,4240,365320,178,31863,59279121,9142,0,7681,0,0,0,32804244,30583976,31469152,4180,1191732
2018-05-10_18-34-18.405897512,1525970058.407649114,2018-05-10_18-34-18.411456043,1525970058.413151496,1.00,1.01,0.95,518843020006,353921464,3545240,820379,806353,843020,3997,8815,6840,4240,368321,178,31868,59300153,9142,0,7681,0,0,0,32804244,30597228,31482400,4180,1191724
2018-05-10_18-34-48.455407462,1525970088.457129226,2018-05-10_18-34-48.460907991,1525970088.462595324,1.00,1.01,0.95,518843021338,353922608,3545247,820379,806353,843020,3997,8828,6844,4240,371322,178,31873,59321183,9142,0,7681,0,0,0,32804244,30597704,31482876,4180,1191724
2018-05-10_18-35-18.504765951,1525970118.506783987,2018-05-10_18-35-18.510667112,1525970118.512379174,1.00,1.01,0.95,518843022670,353923752,3545254,820379,806353,843020,3997,8832,6844,4253,374321,178,31879,59342215,9142,0,7681,0,0,0,32804244,30597404,31482576,4180,1191724
2018-05-10_18-35-48.554572298,1525970148.556359549,2018-05-10_18-35-48.560173582,1525970148.561879478,1.00,1.01,0.95,518843024002,353924896,3545261,820379,806353,843020,4010,8832,6844,4258,377322,178,31884,59363246,9142,0,7681,0,0,0,32804244,30596748,31481920,4180,1191724
2018-05-10_18-36-18.603919716,1525970178.605657602,2018-05-10_18-36-18.609412025,1525970178.611095098,1.00,1.01,0.95,518843025334,353926040,3545268,820379,806353,843020,4014,8832,6857,4258,380322,178,31890,59384278,9142,0,7681,0,0,0,32804244,30596892,31482064,4180,1191724
2018-05-10_18-36-48.653023232,1525970208.654743505,2018-05-10_18-36-48.658522200,1525970208.660235272,0.85,0.98,0.94,518843026666,353927184,3545275,820379,806353,843020,4014,8845,6861,4258,383322,178,31895,59405308,9142,0,7681,0,0,0,32804244,30597360,31482192,4180,1191724
2018-05-10_18-37-18.702100720,1525970238.703808786,2018-05-10_18-37-18.707638411,1525970238.709349471,0.91,0.98,0.95,518843027998,353928328,3545281,820380,806353,843020,4014,8849,6861,4271,386321,178,31900,59426340,9142,0,7681,0,0,0,32804244,30597856,31482764,4180,1191724
2018-05-10_18-37-48.751202664,1525970268.752913781,2018-05-10_18-37-48.756666496,1525970268.758362288,0.95,0.99,0.95,518843029270,353929472,3545287,820380,806354,843020,4027,8849,6861,4275,389316,178,31906,59447375,9142,0,7681,0,0,0,32804244,30597512,31482684,4180,1191724
2018-05-10_18-38-18.800169881,1525970298.801930829,2018-05-10_18-38-18.805656635,1525970298.807336113,0.97,0.99,0.95,518843030602,353930616,3545293,820380,806355,843020,4031,8849,6874,4275,392316,178,31910,59468408,9142,0,7681,0,0,0,32804244,30597872,31482688,4180,1191724
2018-05-10_18-38-48.849196223,1525970328.850979996,2018-05-10_18-38-48.854747624,1525970328.856431016,0.91,0.97,0.95,518843031934,353931760,3545300,820380,806355,843020,4031,8862,6878,4275,395314,178,31917,59489440,9142,0,7681,0,0,0,32804244,30597420,31482592,4180,1191724
2018-05-10_18-39-18.898651876,1525970358.900503143,2018-05-10_18-39-18.904443903,1525970358.906144323,0.94,0.97,0.95,518843033266,353932904,3545306,820380,806356,843020,4031,8866,6878,4288,398315,178,31924,59510468,9142,0,7681,0,0,0,32804244,30584412,31469328,4180,1191736
2018-05-10_18-39-48.948456685,1525970388.950180114,2018-05-10_18-39-48.953934870,1525970388.955632604,0.97,0.97,0.95,518843034598,353934048,3545312,820380,806357,843020,4044,8866,6878,4292,401316,178,31930,59531499,9142,0,7681,0,0,0,32804244,30583540,31468720,4180,1191736
2018-05-10_18-40-18.998300792,1525970419.000136418,2018-05-10_18-40-19.004019580,1525970419.005711223,0.98,0.98,0.95,518843035930,353935192,3545318,820381,806357,843020,4048,8866,6891,4292,404319,178,31938,59552523,9142,0,7681,0,0,0,32804244,30582684,31467880,4180,1191752
2018-05-10_18-40-49.047983949,1525970449.049721770,2018-05-10_18-40-49.053523811,1525970449.055230512,0.99,0.98,0.95,518843037262,353936336,3545324,820381,806358,843020,4048,8879,6895,4292,407322,178,31946,59573549,9142,0,7681,0,0,0,32804244,30582708,31467544,4180,1191756
2018-05-10_18-41-19.097429353,1525970479.099145605,2018-05-10_18-41-19.102910600,1525970479.104601006,0.99,0.98,0.95,518843038534,353937480,3545331,820381,806358,843020,4048,8883,6895,4305,410317,178,31951,59594585,9142,0,7681,0,0,0,32804244,30582424,31467624,4180,1191756
2018-05-10_18-41-49.146672681,1525970509.148410876,2018-05-10_18-41-49.152188279,1525970509.153882419,1.00,0.99,0.95,518843039866,353938624,3545338,820381,806358,843020,4061,8883,6895,4309,413319,178,31960,59615610,9142,0,7682,0,0,0,32804244,30583108,31468308,4180,1191756
2018-05-10_18-42-19.195964310,1525970539.197702440,2018-05-10_18-42-19.201528899,1525970539.203234287,1.12,1.02,0.97,518843041198,353939768,3545344,820382,806358,843020,4065,8883,6908,4309,416320,178,31966,59636641,9142,0,7682,0,0,0,32804244,30595548,31480744,4180,1191752
2018-05-10_18-42-49.245337234,1525970569.247065643,2018-05-10_18-42-49.250832450,1525970569.252526170,1.07,1.01,0.97,518843042530,353940912,3545350,820382,806359,843020,4065,8896,6912,4309,419319,178,31972,59657671,9142,0,7682,0,0,0,32804244,30595456,31480656,4180,1191752
2018-05-10_18-43-19.294702149,1525970599.296417445,2018-05-10_18-43-19.300200337,1525970599.301889385,1.04,1.01,0.97,518843043862,353942056,3545356,820382,806360,843020,4065,8900,6912,4322,422319,178,31976,59678704,9142,0,7682,0,0,0,32804244,30595788,31480708,4180,1191752
2018-05-10_18-43-49.343850745,1525970629.345574994,2018-05-10_18-43-49.349338425,1525970629.351021315,1.03,1.01,0.97,518843045194,353943200,3545364,820382,806360,843020,4077,8900,6912,4326,425319,178,31982,59699734,9142,0,7682,0,0,0,32804244,30595948,31481148,4180,1191752
2018-05-10_18-44-19.392981179,1525970659.394700686,2018-05-10_18-44-19.398470100,1525970659.400153649,1.02,1.01,0.97,518843046466,353944344,3545371,820382,806360,843020,4081,8900,6925,4326,428315,178,31987,59720770,9142,0,7682,0,0,0,32804244,30596108,31481308,4180,1191752
2018-05-10_18-44-49.442045532,1525970689.443791627,2018-05-10_18-44-49.447542503,1525970689.449235271,1.01,1.01,0.97,518843047798,353945488,3545378,820382,806360,843020,4081,8913,6930,4326,431314,178,31994,59741801,9142,0,7682,0,0,0,32804244,30596176,31481112,4180,1191752
2018-05-10_18-45-19.491176641,1525970719.492880959,2018-05-10_18-45-19.496617348,1525970719.498305523,0.93,1.00,0.96,518843049130,353946632,3545385,820382,806360,843020,4081,8917,6930,4339,434314,178,31999,59762833,9142,0,7682,0,0,0,32804244,30596744,31481604,4180,1191752
2018-05-10_18-45-49.540268327,1525970749.541978144,2018-05-10_18-45-49.545716480,1525970749.547398842,0.95,1.00,0.96,518843050462,353947776,3545391,820382,806361,843020,4094,8917,6930,4343,437313,178,32006,59783863,9142,0,7682,0,0,0,32804244,30596336,31481536,4180,1191752
2018-05-10_18-46-19.589298190,1525970779.591066359,2018-05-10_18-46-19.594808148,1525970779.596490588,0.97,1.00,0.96,518843051794,353948920,3545398,820382,806361,843020,4098,8917,6943,4343,440313,178,32010,59804895,9142,0,7682,0,0,0,32804244,30596368,31481568,4180,1191752
2018-05-10_18-46-49.638250038,1525970809.639959546,2018-05-10_18-46-49.643702782,1525970809.645396768,0.98,1.00,0.96,518843053126,353950064,3545405,820382,806361,843020,4098,8930,6947,4343,443313,178,32016,59825926,9142,0,7682,0,0,0,32804244,30596032,31481496,4180,1191756
2018-05-10_18-47-19.687507831,1525970839.689268728,2018-05-10_18-47-19.693139587,1525970839.694830941,0.99,1.00,0.96,518843054458,353951208,3545412,820382,806361,843020,4098,8935,6947,4356,446314,178,32023,59846956,9142,0,7682,0,0,0,32804244,30583960,31469428,4180,1191764
2018-05-10_18-47-49.736811922,1525970869.738538620,2018-05-10_18-47-49.742303703,1525970869.743986190,0.99,1.00,0.96,518843055790,353952352,3545419,820382,806361,843020,4111,8935,6947,4360,449314,178,32028,59867986,9142,0,7682,0,0,0,32804244,30583796,31469004,4180,1191764
2018-05-10_18-48-19.785984275,1525970899.787801015,2018-05-10_18-48-19.791758063,1525970899.793471388,1.00,1.00,0.96,518843057122,353953496,3545426,820382,806361,843020,4115,8935,6960,4360,452316,178,32035,59889014,9142,0,7682,0,0,0,32804244,30584096,31469308,4180,1191768
2018-05-10_18-48-49.835825673,1525970929.837723190,2018-05-10_18-48-49.841551824,1525970929.843255879,1.00,1.00,0.96,518843058454,353954640,3545433,820382,806361,843020,4115,8948,6964,4360,455319,178,32042,59910039,9142,0,7682,0,0,0,32804244,30583612,31468824,4180,1191768
2018-05-10_18-49-19.885194683,1525970959.886904985,2018-05-10_18-49-19.890628512,1525970959.892309582,1.00,1.00,0.96,518843059786,353955784,3545439,820382,806362,843020,4115,8952,6964,4373,458318,178,32047,59931071,9142,0,7682,0,0,0,32804244,30583616,31468828,4180,1191768
2018-05-10_18-49-49.934274765,1525970989.936003439,2018-05-10_18-49-49.939781811,1525970989.941470051,1.07,1.01,0.97,518843061118,353956928,3545446,820382,806362,843020,4128,8952,6964,4377,461320,178,32056,59952097,9142,0,7682,0,0,0,32804244,30583348,31468564,4180,1191772
2018-05-10_18-50-19.983582683,1525971019.985328887,2018-05-10_18-50-19.989169263,1525971019.990857099,1.04,1.01,0.97,518843062390,353958072,3545453,820382,806362,843020,4132,8952,6977,4377,464314,178,32062,59973131,9143,0,7682,0,0,0,32804244,30595404,31480620,4180,1191768
2018-05-10_18-50-50.032931417,1525971050.034647189,2018-05-10_18-50-50.038400803,1525971050.040077609,1.03,1.01,0.97,518843063722,353959216,3545459,820382,806363,843020,4132,8965,6981,4377,467314,178,32068,59994162,9143,0,7682,0,0,0,32804244,30595832,31481308,4180,1191768
2018-05-10_18-51-20.081853692,1525971080.083576858,2018-05-10_18-51-20.087310626,1525971080.088983628,1.02,1.01,0.97,518843065054,353960360,3545465,820382,806364,843020,4132,8969,6981,4390,470312,178,32073,60015195,9143,0,7682,0,0,0,32804244,30596276,31481492,4180,1191768
2018-05-10_18-51-50.130768106,1525971110.132526594,2018-05-10_18-51-50.136304328,1525971110.137983099,1.01,1.01,0.97,518843066386,353961504,3545471,820382,806365,843020,4145,8969,6981,4394,473312,178,32079,60036225,9143,0,7682,0,0,0,32804244,30596628,31481844,4180,1191768
2018-05-10_18-52-20.180312012,1525971140.182033726,2018-05-10_18-52-20.185771586,1525971140.187455120,0.95,1.00,0.96,518843067718,353962648,3545477,820382,806366,843020,4149,8969,6995,4394,476312,178,32084,60057257,9143,0,7682,0,0,0,32804244,30595876,31481092,4180,1191768
2018-05-10_18-52-50.229277359,1525971170.230991896,2018-05-10_18-52-50.234729419,1525971170.236422213,0.92,0.98,0.95,518843069050,353963792,3545483,820382,806367,843020,4149,8982,6999,4394,479311,178,32090,60078288,9143,0,7682,0,0,0,32804244,30596232,31481448,4180,1191768
2018-05-10_18-53-20.278284718,1525971200.279980729,2018-05-10_18-53-20.283697862,1525971200.285378188,0.95,0.99,0.95,518843070382,353964936,3545489,820382,806368,843020,4149,8986,6999,4407,482312,178,32094,60099320,9143,0,7682,0,0,0,32804244,30596500,31481716,4180,1191768
2018-05-10_18-53-50.327053607,1525971230.328767366,2018-05-10_18-53-50.332504729,1525971230.334180211,0.92,0.97,0.95,518843071654,353966080,3545495,820382,806369,843020,4162,8986,6999,4411,485308,178,32101,60120354,9143,0,7682,0,0,0,32804244,30596796,31482012,4180,1191768
2018-05-10_18-54-20.376012864,1525971260.377714593,2018-05-10_18-54-20.381443258,1525971260.383113182,0.95,0.97,0.95,518843072986,353967224,3545502,820382,806369,843020,4167,8986,7012,4411,488307,178,32105,60141386,9143,0,7682,0,0,0,32804244,30596572,31481496,4180,1191772
2018-05-10_18-54-50.424795670,1525971290.426519020,2018-05-10_18-54-50.430278251,1525971290.431958519,0.97,0.98,0.95,518843074318,353968368,3545509,820382,806369,843020,4167,8999,7016,4411,491307,178,32111,60162417,9143,0,7682,0,0,0,32804244,30596372,31481852,4180,1191772
2018-05-10_18-55-20.473937008,1525971320.475700351,2018-05-10_18-55-20.479586371,1525971320.481282038,0.98,0.98,0.95,518843075650,353969512,3545516,820382,806369,843020,4167,9003,7016,4424,494308,178,32117,60183445,9143,0,7682,0,0,0,32804244,30583788,31469012,4180,1191784
2018-05-10_18-55-50.523401984,1525971350.525213799,2018-05-10_18-55-50.528986185,1525971350.530665407,0.99,0.98,0.95,518843076982,353970656,3545523,820382,806369,843020,4180,9003,7016,4428,497309,178,32123,60204475,9143,0,7682,0,0,0,32804244,30583500,31468728,4180,1191784
2018-05-10_18-56-20.572687348,1525971380.574462152,2018-05-10_18-56-20.578342964,1525971380.580027699,0.99,0.99,0.95,518843078314,353971800,3545530,820382,806369,843020,4184,9003,7029,4428,500305,178,32130,60225508,9143,0,7682,0,0,0,32804244,30583984,31469212,4180,1191784
2018-05-10_18-56-50.622090212,1525971410.623835555,2018-05-10_18-56-50.627617554,1525971410.629310423,1.00,0.99,0.95,518843079646,353972944,3545537,820382,806369,843020,4184,9016,7034,4428,503305,178,32139,60246535,9143,0,7682,0,0,0,32804244,30583740,31468972,4180,1191788
2018-05-10_18-57-20.671383479,1525971440.673088842,2018-05-10_18-57-20.676893393,1525971440.678577659,1.00,0.99,0.95,518843080978,353974088,3545544,820382,806369,843020,4184,9020,7034,4441,506305,178,32143,60267567,9143,0,7682,0,0,0,32804244,30584176,31469408,4180,1191788
2018-05-10_18-57-50.720375149,1525971470.722102385,2018-05-10_18-57-50.725883529,1525971470.727575077,1.00,0.99,0.95,518843082310,353975232,3545551,820382,806369,843020,4197,9020,7034,4445,509306,178,32152,60288592,9143,0,7682,0,0,0,32804244,30584288,31469136,4180,1191788
2018-05-10_18-58-20.769634441,1525971500.771371682,2018-05-10_18-58-20.775149748,1525971500.776839205,1.00,0.99,0.95,518843083642,353976376,3545558,820382,806369,843020,4201,9020,7047,4445,512307,178,32156,60309623,9143,0,7682,0,0,0,32804244,30596836,31482064,4180,1191784
