StartTime,StartEpoch,EndTime,EndEpoch,CPULoad1m,CPULoad5m,CPULoad5m,NetDevRX,NetDevTX,IRQens2-0,IRQens2-1,IRQens2-2,IRQens2-3,IRQens2-4,IRQens2-5,IRQens2-6,IRQens2-7,user,nice,system,idle,iowait,irq,softirq,steal,guest,guest_nice,MemTotal,MemFree,MemAvailable,Buffers,Cached
2018-05-15_18-41-12.784949571,1526402472.787500241,2018-05-15_18-41-12.793168612,1526402472.795507820,0.35,0.30,0.25,2167113337918,3866186404,27062497,15649219,11612353,11297266,10123551,15958933,10104221,6255708,5472,0,66289,2944314,2263,0,5366,0,0,0,32804244,31581600,31472348,2116,172456
2018-05-15_18-41-42.854651637,1526402502.857437931,2018-05-15_18-41-42.862118094,1526402502.864101496,0.42,0.32,0.26,2215541690718,3955680910,27161291,17771001,11612353,11297266,10123551,16063905,10104221,6255708,5543,0,67514,2965616,2263,0,5396,0,0,0,32804244,31568960,31459408,2116,172464
2018-05-15_18-42-12.928393396,1526402532.930580796,2018-05-15_18-42-12.936323204,1526402532.938696374,0.52,0.35,0.27,2262951169550,4040463556,27399458,17771001,11612353,11297266,10123551,18074069,10104221,6255708,5587,0,68992,2986594,2263,0,5418,0,0,0,32804244,31568840,31459512,2116,172464
2018-05-15_18-42-42.997615936,1526402563.000431260,2018-05-15_18-42-43.006700428,1526402563.009013120,0.57,0.38,0.28,2312409599380,4129418782,27634100,17771001,11612353,11297266,10123551,20167541,10104221,6255708,5638,0,70523,3007462,2263,0,5445,0,0,0,32804244,31568420,31459108,2116,172468
2018-05-15_18-43-13.069518567,1526402593.071961168,2018-05-15_18-43-13.076922163,1526402593.078824535,0.53,0.39,0.29,2360099612730,4214766448,27873185,17771001,11612353,11297266,10123551,22184940,10104221,6255708,5692,0,71998,3028417,2263,0,5468,0,0,0,32804244,31568644,31459960,2116,172468
2018-05-15_18-43-43.134678014,1526402623.137301706,2018-05-15_18-43-43.143159457,1526402623.145668151,0.58,0.42,0.30,2409787042508,4301104474,28159287,17771001,11612353,11297266,10123551,24250959,10104221,6255708,5740,0,73525,3049314,2263,0,5491,0,0,0,32804244,31567356,31458372,2116,172472
2018-05-15_18-44-13.207818192,1526402653.211126412,2018-05-15_18-44-13.216857482,1526402653.219726885,0.56,0.43,0.31,2458182073552,4387904800,28381409,17771001,11612353,11297266,10123551,26298055,10104221,6255708,5788,0,75022,3070274,2263,0,5513,0,0,0,32804244,31568404,31459956,2116,172472
2018-05-15_18-44-43.281408672,1526402683.283961690,2018-05-15_18-44-43.290798829,1526402683.293785409,0.52,0.43,0.32,2506609225972,4474417246,28589219,17771001,11612353,11297266,10123551,28275143,10104221,6255708,5832,0,76497,3091240,2263,0,5524,0,0,0,32804244,31581336,31472112,2116,172464
2018-05-15_18-45-13.354904108,1526402713.357673170,2018-05-15_18-45-13.363313561,1526402713.365702433,0.59,0.46,0.33,2554945390804,4560827092,28796841,17771001,11612353,11297266,10123551,30254712,10104221,6255708,5874,0,77984,3112203,2263,0,5536,0,0,0,32804244,31580832,31471876,2116,172464
2018-05-15_18-45-43.422662765,1526402743.424905293,2018-05-15_18-45-43.430434450,1526402743.432472006,0.47,0.44,0.33,2603411951990,4647563758,29003601,17771001,11612353,11297266,10123551,32142780,10104221,6354189,5921,0,79466,3133160,2263,0,5549,0,0,0,32804244,31580448,31471388,2116,172464
2018-05-15_18-46-13.485425297,1526402773.487577324,2018-05-15_18-46-13.492464478,1526402773.494485561,0.41,0.43,0.33,2651973905582,4734095524,29214133,17771001,11612353,11297266,10123551,32142780,10104221,8344009,5970,0,80914,3154123,2263,0,5558,0,0,0,32804244,31580232,31470924,2116,172464
2018-05-15_18-46-43.547460439,1526402803.549706408,2018-05-15_18-46-43.554650960,1526402803.557199725,0.42,0.44,0.33,2700701513244,4818864190,29485164,17771001,11612353,11297266,10123551,32142780,10104221,10382286,6020,0,82353,3175107,2263,0,5573,0,0,0,32804244,31578848,31469836,2116,172464
2018-05-15_18-47-13.609149351,1526402833.611566608,2018-05-15_18-47-13.616281841,1526402833.618793174,0.48,0.44,0.33,2749412777708,4906470616,29703532,17771001,11612353,11297266,10123551,32142780,10104221,12448431,6071,0,83610,3196068,2263,0,5585,0,0,0,32804244,31578568,31469556,2116,172464
2018-05-15_18-47-43.672864121,1526402863.675601036,2018-05-15_18-47-43.680261533,1526402863.682172755,0.63,0.48,0.35,2798166788920,4993458862,29914608,17771001,11612353,11297266,10123551,32142780,10104221,14452701,6118,0,84749,3217016,2263,0,5595,0,0,0,32804244,31579624,31470652,2116,172464
2018-05-15_18-48-13.737134972,1526402893.739210623,2018-05-15_18-48-13.743636907,1526402893.745651592,0.64,0.50,0.36,2847589738692,5079725248,30203337,17771001,11612353,11297266,10123551,32142780,10104221,16514759,6161,0,86060,3237935,2263,0,5621,0,0,0,32804244,31578340,31469632,2116,172468
2018-05-15_18-48-43.797657615,1526402923.800064761,2018-05-15_18-48-43.806240075,1526402923.808742461,0.64,0.52,0.37,2893797154916,5162109094,30438905,17771001,11612353,11297266,10123551,32142780,10104221,18483360,6211,0,87434,3258980,2263,0,5652,0,0,0,32804244,31579664,31470684,2116,172468
2018-05-15_18-49-13.860533602,1526402953.862678872,2018-05-15_18-49-13.867499308,1526402953.869658986,0.65,0.53,0.38,2942982595290,5250554980,30679128,17771001,11612353,11297266,10123551,32142780,10104221,20568806,6262,0,88948,3279882,2263,0,5663,0,0,0,32804244,31579448,31470648,2116,172468
2018-05-15_18-49-43.926758621,1526402983.928795436,2018-05-15_18-49-43.933076376,1526402983.934977281,0.59,0.53,0.38,2992268999896,5339130766,30920911,17771001,11612353,11402088,10123551,32142780,10104221,22560798,6315,0,90534,3300778,2263,0,5680,0,0,0,32804244,31566524,31457540,2116,172480
2018-05-15_18-50-13.984270309,1526403013.986445169,2018-05-15_18-50-13.991072659,1526403013.992955257,0.55,0.52,0.39,3040841003486,5431111252,31200242,17771001,11612353,13742398,10123551,32142780,10104221,22560798,6381,0,91929,3322017,2263,0,5696,0,0,0,32804244,31566680,31457720,2116,172488
2018-05-15_18-50-44.042050317,1526403044.044373551,2018-05-15_18-50-44.048971027,1526403044.051241333,0.68,0.55,0.40,3089351920926,5523277618,31471216,17771001,11612353,16077198,10123551,32142780,10104221,22560798,6449,0,93265,3343256,2263,0,5713,0,0,0,32804244,31567040,31458584,2116,172488
2018-05-15_18-51-14.099802076,1526403074.101830213,2018-05-15_18-51-14.106185487,1526403074.108027199,0.55,0.53,0.40,3137825200194,5613237124,31646247,17771001,11612353,18350253,10123551,32142780,10104221,22560798,6515,0,94537,3364544,2263,0,5726,0,0,0,32804244,31566868,31457640,2116,172492
2018-05-15_18-51-44.155071338,1526403104.157126043,2018-05-15_18-51-44.161711739,1526403104.163615172,0.54,0.53,0.41,3186447983744,5702953030,31737300,17771001,11612353,20652940,10123551,32142780,10104221,22560798,6580,0,95734,3385824,2263,0,5733,0,0,0,32804244,31566996,31458040,2116,172492
2018-05-15_18-52-14.211414347,1526403134.213380225,2018-05-15_18-52-14.217699744,1526403134.219772507,0.47,0.51,0.41,3233788684384,5791465636,32146480,17771001,11612353,22839027,10123551,32142780,10104221,22560798,6650,0,97130,3407152,2263,0,5755,0,0,0,32804244,31566760,31457816,2116,172496
2018-05-15_18-52-44.267465635,1526403164.269479049,2018-05-15_18-52-44.273761968,1526403164.275656023,0.28,0.46,0.39,3248168059752,5817111562,32256976,17771001,11612353,23527769,10123551,32142780,10104221,22560798,6677,0,97553,3430306,2263,0,5764,0,0,0,32804244,31579708,31470456,2116,172488
2018-05-15_18-53-14.323223169,1526403194.325417679,2018-05-15_18-53-14.330176692,1526403194.332123943,0.37,0.47,0.40,3263075749880,5843826448,32369674,17771001,11612353,24227048,10123551,32142780,10104221,22560798,6699,0,97973,3453450,2263,0,5772,0,0,0,32804244,31578512,31469820,2116,172488
2018-05-15_18-53-44.379455232,1526403224.381384053,2018-05-15_18-53-44.385567960,1526403224.387450704,0.28,0.44,0.39,3277644587144,5869875154,32483406,17771001,11638902,24891608,10123551,32142780,10104221,22560798,6732,0,98387,3476577,2263,0,5784,0,0,0,32804244,31577748,31469100,2116,172488
2018-05-15_18-54-14.434154471,1526403254.436149312,2018-05-15_18-54-14.440325935,1526403254.442313035,0.22,0.41,0.39,3292518240612,5897848600,32620704,17771001,12291115,24891608,10123551,32142780,10104221,22560798,6892,0,99083,3499338,2263,0,5857,0,0,0,32804244,31574752,31465336,2116,172488
2018-05-15_18-54-44.489447949,1526403284.491393470,2018-05-15_18-54-44.495660600,1526403284.497605364,0.14,0.37,0.37,3307250512792,5924869726,32699462,17771001,12951203,24891608,10123551,32142780,10104221,22560798,7054,0,99723,3522112,2263,0,5939,0,0,0,32804244,31574968,31465544,2116,172488
2018-05-15_18-55-14.544787436,1526403314.546967256,2018-05-15_18-55-14.551359021,1526403314.553372121,0.08,0.34,0.36,3322102426672,5952689932,32847178,17771001,13596164,24891608,10123551,32142780,10104221,22560798,7159,0,100312,3545047,2263,0,5985,0,0,0,32804244,31575232,31466692,2116,172492
2018-05-15_18-55-44.600586659,1526403344.602553358,2018-05-15_18-55-44.606842523,1526403344.608999749,0.12,0.32,0.36,3336824655064,5980387858,32990808,17771001,14228739,24891608,10123551,32142780,10104221,22560798,7346,0,100997,3567792,2263,0,6055,0,0,0,32804244,31574144,31465580,2116,172492
2018-05-15_18-56-14.656186068,1526403374.658227233,2018-05-15_18-56-14.662873725,1526403374.664855236,0.30,0.34,0.36,3351295645604,6007125004,33149039,17771001,14857207,24891608,10123551,32142780,10104221,22560798,7535,0,101688,3590536,2263,0,6133,0,0,0,32804244,31575884,31466548,2116,172492
2018-05-15_18-56-44.712237081,1526403404.714272421,2018-05-15_18-56-44.718596433,1526403404.720536491,0.18,0.31,0.35,3366158344004,6034255090,33301284,17771001,15507476,24891608,10123551,32142780,10104221,22560798,7689,0,102336,3613344,2263,0,6199,0,0,0,32804244,31576508,31467736,2116,172492
2018-05-15_18-57-14.767663942,1526403434.769797810,2018-05-15_18-57-14.774483204,1526403434.776502196,0.23,0.31,0.35,3381046219852,6060834856,33423298,17771001,16203945,24891608,10123551,32142780,10104221,22560798,7713,0,102751,3636478,2263,0,6206,0,0,0,32804244,31577644,31468544,2116,172492
2018-05-15_18-57-44.823286107,1526403464.825289467,2018-05-15_18-57-44.829791409,1526403464.831776470,0.36,0.33,0.35,3396036818654,6087943522,33528032,17771001,16882653,24891608,10123551,32142780,10124415,22560798,7742,0,103180,3659606,2263,0,6213,0,0,0,32804244,31565224,31455844,2116,172500
2018-05-15_18-58-14.879663356,1526403494.881655974,2018-05-15_18-58-14.885959140,1526403494.887865413,0.22,0.30,0.34,3410998005382,6115125028,33596495,17771001,16882653,24891608,10123551,32142780,10774088,22560798,7759,0,103639,3682656,2263,0,6219,0,0,0,32804244,31566868,31457736,2116,172500
2018-05-15_18-58-44.936405025,1526403524.938503192,2018-05-15_18-58-44.943214348,1526403524.945164161,0.13,0.27,0.33,3425928147636,6142168474,33688786,17771001,16882653,24891608,10123551,32142780,11403480,22560798,7782,0,104106,3705713,2263,0,6227,0,0,0,32804244,31566824,31457760,2116,172504
2018-05-15_18-59-14.993320772,1526403554.995325162,2018-05-15_18-59-14.999648629,1526403555.001561243,0.08,0.24,0.32,3440963472904,6169397740,33782136,17771001,16882653,24891608,10123551,32142780,12037768,22560798,7802,0,104574,3728764,2263,0,6235,0,0,0,32804244,31566868,31458280,2116,172508
2018-05-15_18-59-45.049459600,1526403585.051653029,2018-05-15_18-59-45.056239240,1526403585.058298203,0.12,0.24,0.31,3455917418762,6196488886,33873128,17771001,16882653,24891608,10123551,32142780,12669142,22560798,7820,0,105045,3751827,2263,0,6242,0,0,0,32804244,31566860,31457708,2116,172508
2018-05-15_19-00-15.106466694,1526403615.108510134,2018-05-15_19-00-15.113157690,1526403615.115207097,0.14,0.23,0.31,3470511567116,6223039672,33977472,17771001,16882653,24891608,10123551,32142780,13285646,22560798,7840,0,105499,3774882,2263,0,6255,0,0,0,32804244,31566548,31457524,2116,172516
2018-05-15_19-00-45.163359950,1526403645.165420188,2018-05-15_19-00-45.169965283,1526403645.172013073,0.14,0.22,0.31,3485478481096,6249932098,34139764,17771001,16882653,24891608,10123551,32142780,13845748,22560798,7859,0,105992,3797973,2263,0,6271,0,0,0,32804244,31579524,31470184,2116,172512
2018-05-15_19-01-15.219769568,1526403675.222007610,2018-05-15_19-01-15.226711216,1526403675.228733751,0.09,0.20,0.30,3500154484760,6276765244,34242500,17771001,16882653,24891608,10123551,32142780,14475667,22560798,7878,0,106463,3821024,2263,0,6283,0,0,0,32804244,31578276,31469256,2116,172512
2018-05-15_19-01-45.277304115,1526403705.279415227,2018-05-15_19-01-45.284053768,1526403705.285989526,0.13,0.20,0.29,3515184230944,6304056190,34353928,17771001,16882653,24891608,10139292,32142780,15080312,22560798,7897,0,106945,3844066,2263,0,6296,0,0,0,32804244,31578856,31470292,2116,172512
2018-05-15_19-02-15.333179685,1526403735.335284338,2018-05-15_19-02-15.339627586,1526403735.341523235,0.14,0.19,0.29,3530056003126,6330766156,34437648,17771001,16882653,24891608,10767538,32142780,15080312,22560798,7913,0,107404,3867122,2263,0,6302,0,0,0,32804244,31579468,31470172,2116,172516
2018-05-15_19-02-45.389059519,1526403765.391121700,2018-05-15_19-02-45.395597828,1526403765.397536080,0.14,0.19,0.29,3544824884860,6357314482,34599442,17771001,16882653,24891608,11316418,32142780,15080312,22560798,7929,0,107900,3890227,2263,0,6314,0,0,0,32804244,31578728,31470228,2116,172516
2018-05-15_19-03-15.444661462,1526403795.446777098,2018-05-15_19-03-15.451310091,1526403795.453298981,0.09,0.17,0.28,3559520554268,6383853208,34679426,17771001,16882653,24891608,11944375,32142780,15080312,22560798,7946,0,108363,3913290,2263,0,6320,0,0,0,32804244,31578044,31469484,2116,172516
2018-05-15_19-03-45.501184055,1526403825.503229456,2018-05-15_19-03-45.507764798,1526403825.509727074,0.05,0.16,0.27,3574041340818,6410325694,34780271,17771001,16882653,24891608,12565929,32142780,15080312,22560798,7969,0,108822,3936350,2263,0,6330,0,0,0,32804244,31579040,31470284,2116,172516
2018-05-15_19-04-15.557176302,1526403855.559257244,2018-05-15_19-04-15.563551962,1526403855.565466163,0.03,0.14,0.26,3588883271790,6437137600,34872214,17771001,16882653,24891608,13188615,32142780,15080312,22560798,7986,0,109296,3959419,2263,0,6336,0,0,0,32804244,31578412,31469656,2116,172516
2018-05-15_19-04-45.612342187,1526403885.614195014,2018-05-15_19-04-45.618640953,1526403885.620566195,0.09,0.14,0.26,3603646939884,6463761826,34965050,17771001,16882653,24891608,13807647,32142780,15080312,22560798,8005,0,109771,3982490,2263,0,6342,0,0,0,32804244,31577372,31469012,2116,172516
2018-05-15_19-05-15.667502747,1526403915.669582300,2018-05-15_19-05-15.673984145,1526403915.675969605,0.13,0.15,0.25,3618595959140,6490687912,35059955,17771001,16882653,24891608,14429231,32142780,15080312,22560798,8024,0,110231,4005554,2263,0,6347,0,0,0,32804244,31578080,31468504,2116,172516
2018-05-15_19-05-45.724118365,1526403945.726151436,2018-05-15_19-05-45.730660270,1526403945.732711060,0.16,0.15,0.25,3633662638440,6517446778,35217737,17771001,16882653,24891608,14986994,32142780,15080312,22560798,8045,0,110729,4028653,2263,0,6357,0,0,0,32804244,31565500,31456188,2116,172524
2018-05-15_19-06-15.779456602,1526403975.781354900,2018-05-15_19-06-15.785548762,1526403975.787429124,0.15,0.15,0.25,3648493404588,6539894404,35954483,17771001,16882653,24891608,14986994,32142780,15080312,22560798,8061,0,111065,4051919,2263,0,6532,0,0,0,32804244,31566400,31457332,2116,172524
2018-05-15_19-06-45.834918473,1526404005.837018949,2018-05-15_19-06-45.841402099,1526404005.843414512,0.23,0.17,0.25,3663166243080,6561967450,36729006,17771001,16882653,24891608,14986994,32142780,15080312,22560798,8079,0,111402,4075169,2263,0,6708,0,0,0,32804244,31565452,31457480,2116,172528
2018-05-15_19-07-15.890896355,1526404035.892985848,2018-05-15_19-07-15.897376464,1526404035.899338545,0.28,0.18,0.25,3677823359492,6583411456,37498070,17771001,16882653,24891608,14986994,32142780,15080312,22560798,8094,0,111745,4098427,2263,0,6890,0,0,0,32804244,31566408,31456888,2116,172528
2018-05-15_19-07-45.946494143,1526404065.948553165,2018-05-15_19-07-45.952861038,1526404065.954803588,0.49,0.25,0.27,3692450387496,6605391022,38269079,17771001,16882653,24891608,14986994,32142780,15080312,22560798,8111,0,112077,4121688,2263,0,7069,0,0,0,32804244,31566508,31457136,2116,172528
2018-05-15_19-08-16.001628299,1526404096.003657591,2018-05-15_19-08-16.007974402,1526404096.009898104,0.30,0.22,0.26,3707578400208,6625645228,39041291,17771001,16882653,24891608,14986994,32142780,15080312,22560798,8128,0,112416,4144936,2263,0,7255,0,0,0,32804244,31567032,31458020,2116,172532
2018-05-15_19-08-46.056915091,1526404126.058867219,2018-05-15_19-08-46.063265370,1526404126.065391886,0.25,0.22,0.26,3722575691890,6645742174,39798765,17771001,16882653,24891608,14986994,32142780,15080312,22560798,8143,0,112756,4168196,2263,0,7445,0,0,0,32804244,31580328,31470716,2116,172524
2018-05-15_19-09-16.112609147,1526404156.114449387,2018-05-15_19-09-16.118654941,1526404156.120540468,0.22,0.21,0.25,3737617482138,6665849860,40558686,17771001,16882653,24891608,14986994,32142780,15080312,22560798,8158,0,113090,4191459,2263,0,7626,0,0,0,32804244,31578756,31470264,2116,172528
2018-05-15_19-09-46.167829832,1526404186.169833230,2018-05-15_19-09-46.174206802,1526404186.176210569,0.21,0.21,0.25,3752696726834,6685946326,41334688,17771001,16882653,24891608,14986994,32142780,15080312,22560798,8176,0,113422,4214710,2263,0,7805,0,0,0,32804244,31578928,31470120,2116,172528
2018-05-15_19-10-16.222958605,1526404216.224926270,2018-05-15_19-10-16.229187887,1526404216.231119840,0.27,0.22,0.25,3767700036190,6706012852,42086404,17771001,16882653,24891608,14986994,32142780,15080312,22560798,8192,0,113766,4237974,2263,0,7986,0,0,0,32804244,31578952,31470192,2116,172536
2018-05-15_19-10-46.277486398,1526404246.279574389,2018-05-15_19-10-46.283936046,1526404246.285841060,0.23,0.22,0.25,3782621098914,6725938558,42841772,17771001,16882653,24891608,14986994,32142780,15080312,22560798,8208,0,114100,4261241,2263,0,8165,0,0,0,32804244,31578964,31469920,2116,172536
2018-05-15_19-11-16.331818500,1526404276.334427663,2018-05-15_19-11-16.338538537,1526404276.340396420,0.19,0.21,0.25,3797601143592,6746016904,43608239,17771001,16882653,24891608,14986994,32142780,15080312,22560798,8222,0,114427,4284500,2263,0,8348,0,0,0,32804244,31579528,31470508,2116,172536
2018-05-15_19-11-46.385427497,1526404306.387526639,2018-05-15_19-11-46.392177476,1526404306.394136187,0.17,0.21,0.24,3812595444348,6766138570,44377362,17771001,16882653,24891608,14986994,32142780,15080312,22560798,8237,0,114759,4307756,2263,0,8532,0,0,0,32804244,31579608,31470824,2116,172536
2018-05-15_19-12-16.440601682,1526404336.442527848,2018-05-15_19-12-16.446704732,1526404336.448598672,0.17,0.20,0.24,3826926445004,6789169336,45148632,17771001,16882653,24891608,14986994,32142780,15080312,22560798,8253,0,115083,4331024,2263,0,8716,0,0,0,32804244,31579920,31470860,2116,172536
2018-05-15_19-12-46.495798303,1526404366.497743346,2018-05-15_19-12-46.502512150,1526404366.504490197,0.15,0.20,0.23,3841961948534,6809809462,45897285,17771001,16882653,24891608,14986994,32142780,15080312,22560798,8269,0,115409,4354286,2263,0,8901,0,0,0,32804244,31578936,31469908,2116,172536
2018-05-15_19-13-16.551079154,1526404396.553071601,2018-05-15_19-13-16.557383165,1526404396.559532300,0.16,0.19,0.23,3856578732674,6831890428,46664681,17771001,16882653,24891608,14986994,32142780,15080312,22560798,8285,0,115738,4377548,2263,0,9073,0,0,0,32804244,31579520,31470736,2116,172536
2018-05-15_19-13-46.606686533,1526404426.608870746,2018-05-15_19-13-46.613199874,1526404426.615104811,0.09,0.18,0.22,3871583289228,6852579154,47415748,17771001,16882653,24891608,14990236,32142780,15080312,22560798,8303,0,116083,4400802,2263,0,9258,0,0,0,32804244,31566440,31457708,2116,172548
2018-05-15_19-14-16.662977748,1526404456.664948411,2018-05-15_19-14-16.669382404,1526404456.671391869,0.06,0.16,0.22,3886416819480,6879139540,47507882,17771001,16882653,24891608,15606532,32142780,15080312,22560798,8319,0,116554,4423874,2263,0,9264,0,0,0,32804244,31567136,31458132,2116,172548
2018-05-15_19-14-46.718473144,1526404486.720459416,2018-05-15_19-14-46.725091800,1526404486.727001783,0.24,0.19,0.23,3901349944310,6906067726,47604717,17771001,16882653,24891608,16224209,32142780,15080312,22560798,8337,0,117033,4446930,2263,0,9273,0,0,0,32804244,31566596,31457832,2116,172548
2018-05-15_19-15-16.774716484,1526404516.776982052,2018-05-15_19-15-16.781573799,1526404516.783549080,0.27,0.20,0.23,3916366603826,6932914432,47750603,17771001,16882653,24891608,16792794,32142780,15080312,22560798,8357,0,117521,4470036,2263,0,9277,0,0,0,32804244,31566204,31457676,2116,172552
2018-05-15_19-15-46.830846363,1526404546.832815187,2018-05-15_19-15-46.837095583,1526404546.839153043,0.23,0.20,0.23,3931294352858,6959547898,47896643,17771001,16882653,24891608,17356168,32142780,15080312,22560798,8373,0,118001,4493149,2263,0,9282,0,0,0,32804244,31566332,31457296,2116,172552
2018-05-15_19-16-16.886595942,1526404576.888645869,2018-05-15_19-16-16.893015846,1526404576.894947983,0.22,0.20,0.23,3946053067296,6986050564,48002803,17771001,16882653,24891608,17961469,32142780,15080312,22560798,8393,0,118472,4516213,2263,0,9291,0,0,0,32804244,31565888,31457368,2116,172560
2018-05-15_19-16-46.942652171,1526404606.944685443,2018-05-15_19-16-46.949466725,1526404606.951408109,0.29,0.22,0.23,3960700727738,7012739350,48106818,17771001,16882653,24891608,18580409,32142780,15080312,22560798,8415,0,118953,4539267,2263,0,9300,0,0,0,32804244,31579888,31471076,2116,172552
2018-05-15_19-17-16.998832805,1526404637.000822068,2018-05-15_19-17-17.005163070,1526404637.007071133,0.24,0.22,0.23,3975608862646,7039986670,48228191,17771001,16882653,24891608,19187340,32142780,15080312,22560798,8433,0,119427,4562309,2263,0,9314,0,0,0,32804244,31580124,31471332,2116,172552
2018-05-15_19-17-47.054010213,1526404667.056012996,2018-05-15_19-17-47.060290290,1526404667.062191801,0.22,0.21,0.23,3990433835012,7066901236,48338066,17771001,16882653,24891608,19798715,32142780,15080312,22560798,8451,0,119892,4585358,2263,0,9325,0,0,0,32804244,31578740,31470172,2116,172552
2018-05-15_19-18-17.109321087,1526404697.111287323,2018-05-15_19-18-17.115725131,1526404697.117504164,0.19,0.21,0.22,4005305431174,7093519762,48451442,17771001,16882653,24891608,19798715,32142780,15686067,22560798,8469,0,120366,4608417,2263,0,9336,0,0,0,32804244,31579384,31470580,2116,172552
2018-05-15_19-18-47.163518503,1526404727.165508693,2018-05-15_19-18-47.169829226,1526404727.171731775,0.12,0.19,0.22,4019905072036,7119848128,48559349,17771001,16882653,24891608,19798715,32142780,16299970,22560798,8488,0,120831,4631475,2263,0,9349,0,0,0,32804244,31579420,31470336,2116,172552
2018-05-15_19-19-17.217596487,1526404757.219775522,2018-05-15_19-19-17.224400930,1526404757.226390142,0.21,0.20,0.22,4034739851096,7146362434,48669709,17771001,16882653,24891608,19798715,32142780,16906762,22560798,8505,0,121297,4654539,2263,0,9361,0,0,0,32804244,31578908,31469552,2116,172552
2018-05-15_19-19-47.274829665,1526404787.276806863,2018-05-15_19-19-47.281433829,1526404787.283573122,0.25,0.22,0.23,4049462816644,7173146680,48777927,17771001,16882653,24891608,19798715,32142780,17523845,22560798,8526,0,121761,4677594,2263,0,9374,0,0,0,32804244,31579536,31470112,2116,172552
2018-05-15_19-20-17.331740818,1526404817.334097686,2018-05-15_19-20-17.339266557,1526404817.341262345,0.21,0.21,0.23,4064353651076,7200131506,48871512,17771001,16882653,24891608,19798715,32142780,18148932,22560798,8542,0,122231,4700658,2264,0,9381,0,0,0,32804244,31579000,31469392,2116,172560
2018-05-15_19-20-47.390048560,1526404847.392066639,2018-05-15_19-20-47.396568316,1526404847.398737812,0.21,0.21,0.22,4079183415324,7226784952,48967259,17771001,16882653,24891608,19798715,32142780,18764545,22560798,8560,0,122702,4723728,2264,0,9388,0,0,0,32804244,31578208,31469420,2116,172560
2018-05-15_19-21-17.446850714,1526404877.449072486,2018-05-15_19-21-17.453717070,1526404877.455754450,0.13,0.19,0.22,4094003827156,7253599618,49060520,17771001,16882653,24891608,19798715,32142780,19385525,22560798,8578,0,123164,4746799,2264,0,9396,0,0,0,32804244,31578840,31469240,2116,172560
2018-05-15_19-21-47.504792102,1526404907.507183243,2018-05-15_19-21-47.511900001,1526404907.514014106,0.14,0.18,0.22,4108802534384,7280156104,49153485,17771001,16882653,24891608,19798715,32142780,20002231,22560798,8599,0,123618,4769867,2264,0,9406,0,0,0,32804244,31566336,31456944,2116,172568
2018-05-15_19-22-17.562227548,1526404937.564371401,2018-05-15_19-22-17.568746089,1526404937.570670219,0.24,0.20,0.22,4123223452682,7305860350,49265630,17771001,17564673,24891608,19798715,32142780,20004878,22560798,8626,0,124032,4793018,2264,0,9415,0,0,0,32804244,31566732,31457864,2116,172568
2018-05-15_19-22-47.617656123,1526404967.619510751,2018-05-15_19-22-47.623676706,1526404967.625782185,0.22,0.20,0.22,4138021245854,7332431356,49375123,17771001,18256738,24891608,19798715,32142780,20004878,22560798,8653,0,124454,4816156,2264,0,9425,0,0,0,32804244,31567524,31458460,2116,172572
2018-05-15_19-23-17.673148991,1526404997.675246936,2018-05-15_19-23-17.679634793,1526404997.681509251,0.18,0.19,0.22,4152501135470,7358344702,49485459,17771001,18947518,24891608,19798715,32142780,20004878,22560798,8681,0,124865,4839300,2264,0,9432,0,0,0,32804244,31566784,31457440,2116,172576
2018-05-15_19-23-47.728698868,1526405027.730675028,2018-05-15_19-23-47.735021770,1526405027.737114179,0.25,0.21,0.23,4167198685492,7384812988,49585761,17771001,19637712,24891608,19798715,32142780,20004878,22560798,8707,0,125284,4862451,2264,0,9440,0,0,0,32804244,31566944,31457808,2116,172580
2018-05-15_19-24-17.785173972,1526405057.787438011,2018-05-15_19-24-17.791973314,1526405057.793996361,0.28,0.22,0.23,4182046305254,7411716454,49687199,17771001,20342412,24891608,19798715,32142780,20004878,22560798,8732,0,125702,4885595,2264,0,9448,0,0,0,32804244,31567324,31457928,2116,172580
2018-05-15_19-24-47.840608313,1526405087.842558559,2018-05-15_19-24-47.846913239,1526405087.849047123,0.23,0.21,0.23,4197092117454,7438972960,49787703,17771001,21065167,24891608,19798715,32142780,20004878,22560798,8760,0,126124,4908731,2264,0,9454,0,0,0,32804244,31579232,31470156,2116,172572
2018-05-15_19-25-17.897037706,1526405117.899230789,2018-05-15_19-25-17.903673821,1526405117.905552804,0.21,0.21,0.23,4212047813546,7466036146,49888703,17771001,21775060,24891608,19798715,32142780,20004878,22560798,8786,0,126541,4931876,2264,0,9462,0,0,0,32804244,31579016,31469672,2116,172572
2018-05-15_19-25-47.952129974,1526405147.955107343,2018-05-15_19-25-47.959417588,1526405147.961380810,0.13,0.19,0.22,4227033545148,7493361052,50047673,17771001,22435441,24891608,19798715,32142780,20004878,22560798,8812,0,126987,4955033,2264,0,9470,0,0,0,32804244,31578668,31469312,2116,172572
2018-05-15_19-26-18.007463364,1526405178.009402091,2018-05-15_19-26-18.013588156,1526405178.015484582,0.15,0.19,0.22,4241708530970,7519606738,50160774,17771001,22442750,25576135,19798715,32142780,20004878,22560798,8837,0,127403,4978184,2264,0,9479,0,0,0,32804244,31578164,31469124,2116,172572
2018-05-15_19-26-48.062953326,1526405208.065154941,2018-05-15_19-26-48.069436920,1526405208.071328298,0.09,0.17,0.21,4256706192928,7546546204,50332689,17771001,22442750,26242609,19798715,32142780,20004878,22560798,8864,0,127861,5001336,2264,0,9492,0,0,0,32804244,31578028,31468988,2116,172572
2018-05-15_19-27-18.117609364,1526405238.119739147,2018-05-15_19-27-18.124306191,1526405238.126342136,0.05,0.15,0.21,4271386158012,7572762130,50448782,17771001,22442750,26935634,19798715,32142780,20004878,22560798,8892,0,128275,5024482,2264,0,9502,0,0,0,32804244,31577696,31468916,2116,172572
2018-05-15_19-27-48.173257912,1526405268.175333098,2018-05-15_19-27-48.179507476,1526405268.181396950,0.09,0.16,0.21,4286203184616,7599264196,50560634,17771001,22442750,27628187,19798715,32142780,20004878,22560798,8921,0,128698,5047626,2264,0,9509,0,0,0,32804244,31579032,31469696,2116,172572
2018-05-15_19-28-18.227795185,1526405298.229713234,2018-05-15_19-28-18.234017830,1526405298.236085285,0.18,0.17,0.21,4301166330262,7626339802,50664683,17771001,22442750,28333070,19798715,32142780,20004878,22560798,8945,0,129119,5070769,2264,0,9515,0,0,0,32804244,31578912,31469304,2116,172572
2018-05-15_19-28-48.282675436,1526405328.284627186,2018-05-15_19-28-48.288911996,1526405328.290814016,0.24,0.19,0.22,4316150552328,7653444208,50769452,17771001,22442750,29042191,19798715,32142780,20004878,22560798,8968,0,129538,5093909,2264,0,9522,0,0,0,32804244,31577964,31468888,2116,172572
2018-05-15_19-29-18.338213326,1526405358.340145109,2018-05-15_19-29-18.344304026,1526405358.346090553,0.33,0.22,0.23,4331028384992,7680677614,50864876,17771001,22442750,29742754,19798715,32142780,20004878,22560798,8995,0,129949,5117059,2264,0,9527,0,0,0,32804244,31577924,31468848,2116,172572
2018-05-15_19-29-48.394735190,1526405388.396720519,2018-05-15_19-29-48.401021894,1526405388.403084932,0.27,0.21,0.22,4345945953030,7707665380,50968133,17771001,22442750,30449628,19798715,32142780,20004878,22560798,9025,0,130375,5140202,2264,0,9534,0,0,0,32804244,31566764,31457696,2116,172584
2018-05-15_19-30-18.451120888,1526405418.453566317,2018-05-15_19-30-18.458139797,1526405418.460310494,0.22,0.21,0.22,4360407850106,7733831146,51075021,17771001,22442750,30462059,19798715,32142780,20004878,23157753,9047,0,130836,5163269,2264,0,9543,0,0,0,32804244,31566060,31456436,2116,172596
2018-05-15_19-30-48.508107844,1526405448.510389557,2018-05-15_19-30-48.515055769,1526405448.517047376,0.21,0.20,0.22,4375335861940,7760963332,51196128,17771001,22442750,30462059,19798715,32142780,20004878,23763352,9071,0,131306,5186307,2264,0,9556,0,0,0,32804244,31565760,31457216,2116,172600
2018-05-15_19-31-18.565348734,1526405478.567418612,2018-05-15_19-31-18.571765638,1526405478.573799054,0.20,0.20,0.22,4390131349554,7787678158,51358483,17771001,22442750,30462059,19798715,32142780,20004878,24314116,9090,0,131789,5209413,2264,0,9568,0,0,0,32804244,31565620,31456520,2116,172600
2018-05-15_19-31-48.621676899,1526405508.623807085,2018-05-15_19-31-48.628498240,1526405508.630452198,0.31,0.23,0.23,4404923733634,7814388904,51471834,17771001,22442750,30462059,19798715,32142780,20004878,24917683,9109,0,132263,5232472,2264,0,9578,0,0,0,32804244,31565844,31456540,2116,172600
