StartTime,StartEpoch,EndTime,EndEpoch,CPULoad1m,CPULoad5m,CPULoad5m,NetDevRX,NetDevTX,IRQens2-0,IRQens2-1,IRQens2-2,IRQens2-3,IRQens2-4,IRQens2-5,IRQens2-6,IRQens2-7,user,nice,system,idle,iowait,irq,softirq,steal,guest,guest_nice,MemTotal,MemFree,MemAvailable,Buffers,Cached
2018-05-16_07-49-15.245971089,1526449755.247692564,2018-05-16_07-49-15.251479010,1526449755.253156369,0.22,0.18,0.12,29965389135526,31101216226,211512660,83059518,99768475,97721616,74815452,78975666,67085075,76843725,58486,7,828050,39147573,2432,0,251204,0,0,0,32804244,31543680,31440196,2116,185668
2018-05-16_07-49-45.295872903,1526449785.297685705,2018-05-16_07-49-45.301454668,1526449785.303135764,0.52,0.26,0.15,30028625461112,31124951992,214291462,83059518,99768475,97721616,74815452,78975666,67085075,76843725,58523,7,829581,39168596,2432,0,252642,0,0,0,32804244,31547888,31444404,2116,185672
2018-05-16_07-50-15.345433869,1526449815.347564135,2018-05-16_07-50-15.351541080,1526449815.353247838,0.77,0.35,0.18,30091730197798,31148712598,217092459,83059518,99768475,97721616,74815452,78975666,67085075,76843725,58555,7,831066,39189622,2432,0,254126,0,0,0,32804244,31547400,31443920,2116,185680
2018-05-16_07-50-45.396928005,1526449845.399929734,2018-05-16_07-50-45.405198585,1526449845.407869495,0.86,0.41,0.20,30155180895960,31178354704,219695192,83059518,99768475,97721616,75013834,78975666,67085075,76843725,58588,7,832632,39210594,2432,0,255465,0,0,0,32804244,31547268,31444336,2116,185680
2018-05-16_07-51-15.465637638,1526449875.468651568,2018-05-16_07-51-15.474644004,1526449875.477273623,0.91,0.47,0.23,30224098492332,31269975550,220299177,83059518,99768475,97721616,77302642,78975666,67085075,76843725,58638,7,834760,39230881,2432,0,255522,0,0,0,32804244,31546684,31443228,2116,185680
2018-05-16_07-51-45.555275219,1526449905.557644131,2018-05-16_07-51-45.563138636,1526449905.565843112,0.95,0.52,0.25,30313352274188,31320973996,220975511,83059518,99768475,97721616,80192201,78975666,67085075,76843725,58677,7,837480,39250316,2432,0,255656,0,0,0,32804244,31545828,31442652,2116,185680
2018-05-16_07-52-15.655179257,1526449935.657692215,2018-05-16_07-52-15.663023513,1526449935.666188876,0.97,0.56,0.28,30402941717006,31366660702,221654462,83059518,99768475,97721616,83136314,78975666,67085075,76843725,58713,7,840268,39269689,2432,0,255783,0,0,0,32804244,31545688,31442516,2116,185680
2018-05-16_07-52-45.722114287,1526449965.724945843,2018-05-16_07-52-45.730628057,1526449965.733281183,1.04,0.62,0.31,30492278484744,31412332648,222329998,83059518,99768475,97721616,86078318,78975666,67085075,76843725,58749,7,843067,39289066,2432,0,255915,0,0,0,32804244,31545716,31442500,2116,185680
2018-05-16_07-53-15.820940628,1526449995.823895109,2018-05-16_07-53-15.830078767,1526449995.832697973,1.14,0.69,0.34,30579855096596,31457048554,222999943,83059518,99768475,97721616,88995391,78975666,67085075,76843725,58783,7,845863,39308500,2432,0,256040,0,0,0,32804244,31546212,31442992,2116,185680
2018-05-16_07-53-45.891222387,1526450025.894546323,2018-05-16_07-53-45.902409626,1526450025.905670081,1.02,0.70,0.35,30648644244558,31548633460,223608471,83059518,99768475,97721616,91278127,78975666,67085075,76843725,58831,7,848082,39328792,2432,0,256122,0,0,0,32804244,31546332,31442592,2116,185680
2018-05-16_07-54-15.996146490,1526450055.999186186,2018-05-16_07-54-16.006578124,1526450056.009566683,1.01,0.73,0.37,30737462429712,31619196706,224283807,83059518,99768475,97721616,93993612,78975666,67085075,76843725,58876,7,850648,39348375,2432,0,256237,0,0,0,32804244,31532148,31428960,2116,185688
2018-05-16_07-54-46.083455656,1526450086.086614105,2018-05-16_07-54-46.091688705,1526450086.093758963,1.20,0.81,0.41,30824230361038,31695127192,224936343,83059518,99768475,97721616,96466720,78975666,67247110,76843725,58926,7,853098,39368019,2432,0,256340,0,0,0,32804244,31532644,31429392,2116,185692
2018-05-16_07-55-16.152748769,1526450116.154974600,2018-05-16_07-55-16.159317430,1526450116.161237984,1.06,0.81,0.43,30888751760752,31794467158,225354671,83059518,99768475,97721616,96466720,78975666,69302254,76843725,58987,7,855044,39388314,2432,0,256398,0,0,0,32804244,31534040,31430468,2116,185692
2018-05-16_07-55-46.227031915,1526450146.229882338,2018-05-16_07-55-46.235820343,1526450146.238532977,1.03,0.83,0.44,30977848454538,31841542504,226028560,83059518,99768475,97721616,96466720,78975666,72231278,76843725,59025,7,857829,39407670,2432,0,256530,0,0,0,32804244,31532080,31428632,2116,185700
2018-05-16_07-56-16.299707316,1526450176.302642833,2018-05-16_07-56-16.308549085,1526450176.311251917,1.02,0.84,0.46,31066516224908,31908669070,226702248,83059518,99768475,97721616,96466720,78975666,75001537,76843725,59066,7,860388,39427152,2432,0,256651,0,0,0,32804244,31533244,31430060,2116,185700
2018-05-16_07-56-46.370982244,1526450206.372942051,2018-05-16_07-56-46.377192467,1526450206.379268655,1.08,0.87,0.48,31155747276562,31960660996,227378824,83059518,99768475,97721616,96466720,78975666,77874373,76843725,59111,7,863101,39446548,2432,0,256788,0,0,0,32804244,31534112,31430392,2116,185700
2018-05-16_07-57-16.459648664,1526450236.462255452,2018-05-16_07-57-16.467966904,1526450236.471054162,1.05,0.89,0.50,31242500901196,32017895662,228038833,83059518,99768475,97721616,96466720,78975666,80662032,76843725,59150,7,865718,39466070,2432,0,256907,0,0,0,32804244,31546000,31441644,2116,185696
2018-05-16_07-57-46.533189350,1526450266.535670238,2018-05-16_07-57-46.540012466,1526450266.541864189,0.90,0.86,0.51,31308265065520,32116953028,228489844,83059518,99768475,97721616,96466720,78975666,82791590,76843725,59201,7,867552,39486307,2432,0,256965,0,0,0,32804244,31545752,31442296,2116,185696
2018-05-16_07-58-16.589448504,1526450296.591460587,2018-05-16_07-58-16.595699888,1526450296.597596530,0.94,0.88,0.52,31396597805224,32179953814,229165268,83059518,99768475,97721616,96466720,78975666,85581432,76843725,59242,7,870131,39505806,2432,0,257082,0,0,0,32804244,31545832,31442072,2116,185696
2018-05-16_07-58-46.645247078,1526450326.647711076,2018-05-16_07-58-46.652332924,1526450326.654221300,0.88,0.87,0.53,31483562488420,32224796140,229819778,83059518,99930001,97721616,96466720,78975666,88346736,76843725,59278,7,872896,39525234,2432,0,257210,0,0,0,32804244,31545292,31441204,2116,185696
2018-05-16_07-59-16.704339313,1526450356.706143273,2018-05-16_07-59-16.710208757,1526450356.711974381,0.88,0.87,0.54,31546929456628,32337012526,230237904,83059518,102344799,97721616,96466720,78975666,88346736,76843725,59345,7,874589,39545930,2432,0,257250,0,0,0,32804244,31544972,31441760,2116,185696
2018-05-16_07-59-46.761417722,1526450386.763877134,2018-05-16_07-59-46.768082925,1526450386.769989299,0.80,0.85,0.54,31635198630292,32481453112,230529012,83059518,105580344,97721616,96466720,78975666,88346736,76843725,59419,7,876687,39565920,2432,0,257288,0,0,0,32804244,31545212,31441740,2116,185696
2018-05-16_08-00-16.816980436,1526450416.818998923,2018-05-16_08-00-16.823325539,1526450416.825103426,0.73,0.83,0.55,31723502614684,32625169018,230772719,83059518,108795351,97721616,96466720,78975666,88346736,76843725,59487,7,878707,39585924,2433,0,257314,0,0,0,32804244,31544500,31441260,2116,185704
2018-05-16_08-00-46.874023979,1526450446.876119715,2018-05-16_08-00-46.880853372,1526450446.882866829,0.76,0.83,0.56,31811915496164,32743064344,231082756,83059518,112200119,97721616,96466720,78975666,88346736,76843725,59558,7,880651,39606015,2433,0,257331,0,0,0,32804244,31545372,31442192,2116,185704
2018-05-16_08-01-16.934010714,1526450476.935837589,2018-05-16_08-01-16.940017102,1526450476.942102133,0.73,0.82,0.56,31898927685124,32860423990,231396418,83059518,115544230,97721616,96466720,78975666,88346736,76843725,59630,7,882600,39626144,2433,0,257346,0,0,0,32804244,31544008,31440268,2116,185704
2018-05-16_08-01-46.992392128,1526450506.994142795,2018-05-16_08-01-46.999092817,1526450507.000838888,0.62,0.78,0.56,31962099440128,32969631196,231826500,83059518,117946895,97721616,96466720,78975666,88346736,76843725,59707,7,884135,39646846,2433,0,257396,0,0,0,32804244,31544280,31440812,2116,185704
2018-05-16_08-02-17.049769433,1526450537.051872704,2018-05-16_08-02-17.056740866,1526450537.058703619,0.71,0.79,0.57,32050953769634,33089038162,232134992,83059518,121347372,97721616,96466720,78975666,88346736,76843725,59775,7,886111,39666913,2433,0,257414,0,0,0,32804244,31530764,31426980,2116,185712
2018-05-16_08-02-47.111098396,1526450567.113197274,2018-05-16_08-02-47.117991088,1526450567.120250614,0.74,0.79,0.58,32137263561474,33231610708,232380889,83059518,124348546,97854595,96466720,78975666,88346736,76843725,59841,7,888089,39686980,2433,0,257443,0,0,0,32804244,31531216,31427752,2116,185716
2018-05-16_08-03-17.167450111,1526450597.170227664,2018-05-16_08-03-17.174417859,1526450597.176941892,0.79,0.80,0.59,32199450647582,33338626954,232756230,83059518,124348546,100249588,96466720,78975666,88346736,76843725,59919,7,889748,39707734,2433,0,257473,0,0,0,32804244,31531788,31428340,2116,185720
2018-05-16_08-03-47.226139925,1526450627.228224209,2018-05-16_08-03-47.232516798,1526450627.235136900,0.73,0.78,0.59,32288139409848,33455953660,233073537,83059518,124348546,103675589,96466720,78975666,88346736,76843725,59991,7,891801,39727802,2433,0,257491,0,0,0,32804244,31532912,31428844,2116,185720
2018-05-16_08-04-17.280893828,1526450657.282876620,2018-05-16_08-04-17.286927904,1526450657.288979807,0.78,0.79,0.60,32376561959078,33573918226,233388593,83059518,124348546,107079560,96466720,78975666,88346736,76843725,60051,7,893780,39747881,2433,0,257509,0,0,0,32804244,31531580,31428660,2116,185720
2018-05-16_08-04-47.339615153,1526450687.341464572,2018-05-16_08-04-47.346764226,1526450687.348696514,0.81,0.79,0.60,32465023802490,33719586412,233637370,83059518,124348546,110307430,96466720,78975666,88346736,76843725,60125,7,895788,39767861,2433,0,257539,0,0,0,32804244,31533112,31429672,2116,185724
2018-05-16_08-05-17.394650241,1526450717.396614829,2018-05-16_08-05-17.400531757,1526450717.402417383,0.74,0.78,0.60,32551972808570,33863506438,233878736,83059518,124348546,113478155,96466720,78975666,88346736,76843725,60195,7,897777,39787902,2433,0,257567,0,0,0,32804244,31545528,31442056,2116,185716
2018-05-16_08-05-47.451104040,1526450747.453628613,2018-05-16_08-05-47.457668776,1526450747.459535715,0.72,0.77,0.61,32614375700238,33973000084,234288574,83059518,124348546,115869782,96466720,78975666,88346736,76843725,60271,7,899364,39808639,2433,0,257611,0,0,0,32804244,31544404,31440964,2116,185716
2018-05-16_08-06-17.506361440,1526450777.508316920,2018-05-16_08-06-17.512434349,1526450777.514313586,0.55,0.73,0.60,32703164841628,34091727970,234596500,83059518,124348546,119294724,96466720,78975666,88346736,76843725,60343,7,901405,39828712,2433,0,257626,0,0,0,32804244,31545288,31442096,2116,185716
2018-05-16_08-06-47.560195310,1526450807.562830541,2018-05-16_08-06-47.568229604,1526450807.570771980,0.53,0.71,0.59,32790748539398,34209198916,234912294,83059518,124348546,122582890,96466720,78975666,88346736,76924647,60408,7,903438,39848809,2433,0,257641,0,0,0,32804244,31544960,31441780,2116,185716
2018-05-16_08-07-17.628977612,1526450837.631752732,2018-05-16_08-07-17.637838905,1526450837.640072216,0.72,0.74,0.60,32852962694670,34306004002,235394143,83059518,124348546,122582890,96466720,78975666,88346736,78959626,60463,7,905281,39869191,2433,0,257700,0,0,0,32804244,31544980,31441548,2116,185716
2018-05-16_08-07-47.704846890,1526450867.707589773,2018-05-16_08-07-47.713559836,1526450867.716155159,0.83,0.76,0.62,32943444345902,34351411768,236079617,83059518,124348546,122582890,96466720,78975666,88346736,81903436,60506,7,908073,39888534,2433,0,257832,0,0,0,32804244,31545484,31442060,2116,185716
2018-05-16_08-08-17.776583058,1526450897.779439116,2018-05-16_08-08-17.785505279,1526450897.788309551,0.97,0.80,0.63,33033973322754,34394624374,236764718,83059518,124348546,122582890,96466720,78975666,88346736,84883234,60540,7,910901,39907854,2433,0,257959,0,0,0,32804244,31546276,31442588,2116,185716
2018-05-16_08-08-47.838205013,1526450927.840558061,2018-05-16_08-08-47.844810702,1526450927.846585440,0.92,0.80,0.64,33122915643172,34472845600,237445522,83059518,124348546,122582890,96466720,78975666,88346736,87533907,60593,7,913310,39927453,2433,0,258061,0,0,0,32804244,31546328,31442344,2116,185716
2018-05-16_08-09-17.900109296,1526450957.902298819,2018-05-16_08-09-17.907826177,1526450957.910062942,1.02,0.84,0.66,33211928555476,34528184086,238124226,83059518,124348546,122582890,96466720,78975666,88346736,90374173,60637,7,915983,39946903,2433,0,258171,0,0,0,32804244,31544344,31441192,2116,185720
2018-05-16_08-09-47.971940594,1526450987.974522638,2018-05-16_08-09-47.982060180,1526450987.984724371,1.01,0.85,0.67,33273986995482,34626859612,238580698,83059518,124348546,122582890,96466720,78975666,88346736,92411386,60694,7,917812,39967269,2433,0,258222,0,0,0,32804244,31545648,31441928,2116,185720
2018-05-16_08-10-18.049691064,1526451018.052716638,2018-05-16_08-10-18.059217792,1526451018.061506463,1.08,0.88,0.68,33363506422082,34684038418,239261969,83059518,124348546,122582890,96466720,78975666,88346736,95233734,60738,7,920464,39986715,2433,0,258343,0,0,0,32804244,31532420,31429196,2116,185740
2018-05-16_08-10-48.125094281,1526451048.127965003,2018-05-16_08-10-48.133965219,1526451048.137504022,1.13,0.91,0.70,33452314862014,34736996524,239935958,83059518,124348546,122582890,96466720,79040299,88346736,98029393,60780,7,923142,40006153,2433,0,258465,0,0,0,32804244,31532656,31429500,2116,185740
2018-05-16_08-11-18.194940889,1526451078.196953291,2018-05-16_08-11-18.202214513,1526451078.205076659,0.88,0.87,0.69,33514703826848,34834779790,240395015,83059518,124348546,122582890,96466720,81062132,88346736,98029393,60839,7,924831,40026511,2433,0,258526,0,0,0,32804244,31533208,31429504,2116,185740
2018-05-16_08-11-48.255890051,1526451108.258249743,2018-05-16_08-11-48.263415010,1526451108.266549234,1.01,0.90,0.70,33603973381008,34884393496,241072340,83059518,124348546,122582890,96466720,83947644,88346736,98029393,60879,7,927528,40045896,2433,0,258666,0,0,0,32804244,31533956,31430524,2116,185744
2018-05-16_08-12-18.325902905,1526451138.328903918,2018-05-16_08-12-18.336318398,1526451138.338995668,0.94,0.89,0.71,33693399948246,34937551342,241752449,83059518,124348546,122582890,96466720,86789146,88346736,98029393,60918,7,930202,40065314,2433,0,258782,0,0,0,32804244,31534228,31430488,2116,185744
2018-05-16_08-12-48.409109187,1526451168.412367268,2018-05-16_08-12-48.417347800,1526451168.419264776,1.02,0.92,0.72,33782006440652,35002879468,242428829,83059518,124348546,122582890,96466720,89517988,88346736,98029393,60965,7,932772,40084823,2433,0,258907,0,0,0,32804244,31534624,31430696,2116,185748
2018-05-16_08-13-18.476564713,1526451198.479430448,2018-05-16_08-13-18.485982792,1526451198.488425958,1.07,0.94,0.74,33870462352306,35053938934,243099049,83059518,124348546,122582890,96466720,92378734,88346736,98029393,61003,7,935519,40104233,2433,0,259029,0,0,0,32804244,31545424,31442520,2116,185740
2018-05-16_08-13-48.549999072,1526451228.552458395,2018-05-16_08-13-48.558309160,1526451228.560203102,0.96,0.93,0.74,33932889258118,35153737120,243512043,83059518,124348546,122582890,96466720,94408063,88346736,98029393,61055,7,937506,40124580,2433,0,259068,0,0,0,32804244,31546656,31443236,2116,185740
2018-05-16_08-14-18.610367014,1526451258.613513000,2018-05-16_08-14-18.619421708,1526451258.622077373,0.98,0.94,0.75,34022034493488,35195357926,244187720,83059518,124348546,122582890,96466720,97360256,88346736,98029393,61090,7,940345,40143929,2433,0,259197,0,0,0,32804244,31546304,31443160,2116,185740
2018-05-16_08-14-48.695183309,1526451288.697268968,2018-05-16_08-14-48.702682223,1526451288.706051856,1.00,0.95,0.76,34110798119042,35243659552,244858507,83117522,124348546,122582890,96466720,100186760,88346736,98029393,61129,7,943108,40163328,2433,0,259324,0,0,0,32804244,31544792,31441652,2116,185740
2018-05-16_08-15-18.757150636,1526451318.758884073,2018-05-16_08-15-18.762974858,1526451318.765725297,0.76,0.89,0.75,34172029580320,35351966878,245281248,85433593,124348546,122582890,96466720,100186760,88346736,98029393,61209,7,944447,40184090,2433,0,259381,0,0,0,32804244,31545648,31441948,2116,185740
2018-05-16_08-15-48.825674879,1526451348.828519785,2018-05-16_08-15-48.834028171,1526451348.835800406,0.85,0.90,0.75,34260909332810,35468945164,245596386,88812123,124348546,122582890,96466720,100186760,88346736,98029393,61277,7,946451,40204157,2433,0,259416,0,0,0,32804244,31545212,31441784,2116,185740
2018-05-16_08-16-18.889518737,1526451378.891315831,2018-05-16_08-16-18.898865937,1526451378.901419995,0.78,0.88,0.75,34349352879506,35586360790,245907837,92188033,124348546,122582890,96466720,100186760,88346736,98029393,61343,7,948422,40224240,2433,0,259447,0,0,0,32804244,31544644,31441484,2116,185744
2018-05-16_08-16-48.956447580,1526451408.958197978,2018-05-16_08-16-48.962857548,1526451408.964897913,0.81,0.87,0.76,34438021062508,35703191476,246226199,95552380,124348546,122582890,96466720,100186760,88346736,98029393,61410,7,950548,40244305,2433,0,259483,0,0,0,32804244,31545964,31442536,2116,185744
2018-05-16_08-17-19.020154341,1526451439.022265788,2018-05-16_08-17-19.029353096,1526451439.031842785,0.83,0.87,0.76,34526110003338,35819398702,246538068,98894419,124348546,122582890,96466720,100186760,88346736,98029393,61482,7,952707,40264410,2433,0,259514,0,0,0,32804244,31544756,31441000,2116,185744
2018-05-16_08-17-49.092875047,1526451469.095131497,2018-05-16_08-17-49.101732667,1526451469.105245030,0.68,0.83,0.75,34588384139636,35925900268,246782493,101238169,124348546,122582890,96466720,100186760,88346736,98029393,61562,7,954237,40285190,2433,0,259543,0,0,0,32804244,31544732,31441568,2116,185744
2018-05-16_08-18-19.166840402,1526451499.169514476,2018-05-16_08-18-19.174030704,1526451499.176826016,0.70,0.82,0.75,34677232673764,36043359094,247093148,104603613,124348546,122582890,96466720,100186760,88346736,98029393,61629,7,956144,40305256,2433,0,259578,0,0,0,32804244,31532368,31428940,2116,185752
2018-05-16_08-18-49.236438007,1526451529.239834845,2018-05-16_08-18-49.245017433,1526451529.247241682,0.88,0.85,0.76,34766168961652,36161131240,247404196,107977288,124348546,122582890,96466720,100186760,88346736,98029393,61694,7,958143,40325329,2433,0,259616,0,0,0,32804244,31533712,31430292,2116,185752
2018-05-16_08-19-19.312006530,1526451559.314061739,2018-05-16_08-19-19.318158515,1526451559.320841633,0.93,0.87,0.77,34854682820334,36278144746,247718498,111334103,124348546,122582890,96466720,100186760,88346736,98029393,61762,7,960134,40345418,2433,0,259653,0,0,0,32804244,31533028,31429316,2116,185756
2018-05-16_08-19-49.376085014,1526451589.378401313,2018-05-16_08-19-49.383186264,1526451589.385220136,0.96,0.88,0.78,34943236771630,36395621332,248030333,114693929,124348546,122582890,96466720,100186760,88346736,98029393,61829,7,962231,40365489,2433,0,259694,0,0,0,32804244,31531748,31428504,2116,185756
2018-05-16_08-20-19.437810399,1526451619.440416848,2018-05-16_08-20-19.445459825,1526451619.447928806,0.77,0.84,0.77,35003382857504,36501985318,248457374,116965319,124348546,122582890,96466720,100186760,88346736,98029393,61906,7,963779,40386286,2433,0,259750,0,0,0,32804244,31531076,31427892,2116,185764
2018-05-16_08-20-49.509103511,1526451649.511701042,2018-05-16_08-20-49.516791871,1526451649.518559608,0.79,0.84,0.77,35091823471470,36646488064,248729893,120161058,124348546,122582890,96466720,100186760,88346736,98029393,61979,7,965813,40406260,2433,0,259808,0,0,0,32804244,31533368,31429960,2116,185768
2018-05-16_08-21-19.576445461,1526451679.578280079,2018-05-16_08-21-19.582811316,1526451679.584709475,0.85,0.85,0.78,35179686140626,36786974230,249138749,123413046,124348546,122582890,96466720,100186760,88346736,98029393,62046,7,967836,40426236,2433,0,259875,0,0,0,32804244,31544864,31441084,2116,185760
2018-05-16_08-21-49.644560353,1526451709.646387568,2018-05-16_08-21-49.651950060,1526451709.654534872,0.78,0.84,0.77,35268566429792,36903778336,249457106,126787590,124348546,122582890,96466720,100186760,88346736,98029393,62115,7,969844,40446298,2433,0,259913,0,0,0,32804244,31544592,31441156,2116,185760
2018-05-16_08-22-19.712398823,1526451739.714388476,2018-05-16_08-22-19.719963026,1526451739.722264061,0.79,0.84,0.77,35357447307526,37020282622,249776340,130160440,124348546,122582890,96466720,100186760,88346736,98029393,62179,7,971893,40466364,2433,0,259947,0,0,0,32804244,31544340,31440616,2116,185760
2018-05-16_08-22-49.780906240,1526451769.783371923,2018-05-16_08-22-49.789564938,1526451769.792295004,0.70,0.81,0.77,35419268512650,37126104568,250007271,132475266,124348546,122582890,96466720,100198573,88346736,98029393,62255,7,973401,40487155,2433,0,259970,0,0,0,32804244,31545440,31441716,2116,185764
2018-05-16_08-23-19.849767712,1526451799.852767974,2018-05-16_08-23-19.858389740,1526451799.861082585,0.88,0.84,0.78,35508394893512,37169624974,250683183,132475266,124348546,122582890,96466720,103137475,88346736,98029393,62285,7,976212,40506512,2433,0,260095,0,0,0,32804244,31545008,31441612,2116,185764
2018-05-16_08-23-49.921967535,1526451829.924637519,2018-05-16_08-23-49.929787625,1526451829.931846333,0.92,0.85,0.78,35597402986498,37222800400,251355751,132475266,124348546,122582890,96466720,106023457,88346736,98029393,62325,7,978976,40525896,2433,0,260215,0,0,0,32804244,31543780,31440364,2116,185764
2018-05-16_08-24-19.988755719,1526451859.991407943,2018-05-16_08-24-19.996764512,1526451859.999142790,0.77,0.82,0.77,35659987561490,37322275726,251803599,132475266,124348546,122582890,96466720,108048597,88346736,98029393,62378,7,980844,40546235,2433,0,260267,0,0,0,32804244,31544552,31441392,2116,185764
2018-05-16_08-24-50.060926589,1526451890.062951482,2018-05-16_08-24-50.067292294,1526451890.069379525,0.78,0.82,0.78,35748709312146,37381429792,252479017,132475266,124348546,122582890,96466720,110856691,88346736,98029393,62421,7,983485,40565700,2433,0,260386,0,0,0,32804244,31545916,31442516,2116,185764
2018-05-16_08-25-20.119483793,1526451920.121470221,2018-05-16_08-25-20.125780842,1526451920.127665689,0.87,0.84,0.78,35838041220744,37441772092,253157911,132475266,124348546,122582890,96466720,113655802,88346736,98029393,62463,7,986119,40585154,2433,0,260496,0,0,0,32804244,31544132,31440716,2116,185764
2018-05-16_08-25-50.181964346,1526451950.183955222,2018-05-16_08-25-50.188266483,1526451950.190164291,0.93,0.85,0.79,35926577831220,37507923538,253837291,132475266,124348546,122582890,96466720,116383478,88346736,98029393,62511,7,988664,40604672,2433,0,260608,0,0,0,32804244,31543616,31440460,2116,185764
2018-05-16_08-26-20.237141610,1526451980.240035495,2018-05-16_08-26-20.245948936,1526451980.248638505,0.96,0.87,0.79,36015702361562,37562775904,254515927,132475266,124348546,122582890,96466720,119227150,88346736,98029393,62553,7,991351,40624093,2433,0,260725,0,0,0,32804244,31531708,31427664,2116,185776
2018-05-16_08-26-50.299329897,1526452010.302310603,2018-05-16_08-26-50.308483064,1526452010.311013141,0.84,0.85,0.79,36077932051768,37662297610,254939219,132475266,124348546,122582890,96466720,121251924,88346736,98029393,62609,7,993044,40644453,2433,0,260771,0,0,0,32804244,31531984,31428856,2116,185776
2018-05-16_08-27-20.371893237,1526452040.373896280,2018-05-16_08-27-20.378146187,1526452040.380122032,0.90,0.86,0.79,36167446195826,37721016856,255622360,132475266,124348546,122582890,96466720,121253510,88346736,100849040,62656,7,995618,40663900,2433,0,260890,0,0,0,32804244,31530756,31427344,2116,185776
2018-05-16_08-27-50.427733013,1526452070.430451603,2018-05-16_08-27-50.435299836,1526452070.437083582,0.94,0.88,0.80,36256423016544,37790331082,256304964,132475266,124348546,122582890,96466720,121253510,88346736,103579856,62705,7,998103,40683430,2433,0,261001,0,0,0,32804244,31533880,31430204,2116,185780
2018-05-16_08-28-20.490368342,1526452100.492953294,2018-05-16_08-28-20.497789724,1526452100.499563513,0.90,0.87,0.80,36319271370710,37889946268,256737469,132475266,124348546,122582890,96466720,121253510,88346736,105627694,62760,7,999745,40703772,2433,0,261033,0,0,0,32804244,31533588,31430104,2116,185780
2018-05-16_08-28-50.555763488,1526452130.558921442,2018-05-16_08-28-50.566326567,1526452130.569527250,0.88,0.87,0.80,36408270515490,37957288414,257417393,132475266,124348546,122582890,96466720,121253510,88346736,108379266,62807,7,1002264,40723312,2433,0,261144,0,0,0,32804244,31533980,31430288,2116,185784
2018-05-16_08-29-20.656374780,1526452160.658982118,2018-05-16_08-29-20.665013956,1526452160.667696987,1.01,0.90,0.81,36497731265420,38030447020,258067964,132475266,124348546,122582890,96466720,121253510,88346736,111080336,62851,7,1004868,40742779,2433,0,261262,0,0,0,32804244,31547104,31443692,2116,185776
2018-05-16_08-29-50.728827207,1526452190.731666547,2018-05-16_08-29-50.737481094,1526452190.740166783,1.06,0.92,0.82,36587595157052,38076098266,258746933,132475266,124348546,122582890,96466720,121253510,88346736,114046483,62887,7,1007675,40762127,2433,0,261390,0,0,0,32804244,31546796,31443388,2116,185780
2018-05-16_08-30-20.800774310,1526452220.803536519,2018-05-16_08-30-20.809560853,1526452220.812316868,1.04,0.93,0.83,36677898897258,38118332332,259431008,132475266,124348546,122582890,96466720,121253510,88346736,117033137,62929,7,1010506,40781452,2433,0,261527,0,0,0,32804244,31544708,31441284,2116,185784
2018-05-16_08-30-50.875826011,1526452250.878102000,2018-05-16_08-30-50.882741837,1526452250.885695862,0.80,0.89,0.82,36740764868772,38217489418,259846914,132475266,124348546,122582890,96466720,121253510,88346736,119063463,62986,7,1012615,40801798,2433,0,261578,0,0,0,32804244,31545552,31442424,2116,185784
2018-05-16_08-31-20.940961654,1526452280.942848115,2018-05-16_08-31-20.946729165,1526452280.948642024,0.80,0.88,0.82,36829375614816,38336072524,260153279,132475266,124348546,125992416,96466720,121253510,88346736,119083426,63051,7,1014559,40821866,2433,0,261595,0,0,0,32804244,31545352,31442464,2116,185784
2018-05-16_08-31-50.998794520,1526452311.000610057,2018-05-16_08-31-51.004603239,1526452311.006473612,0.81,0.88,0.82,36916946082480,38478227590,260525021,132475266,124348546,129283783,96466720,121253510,88346736,119083426,63122,7,1016538,40841867,2433,0,261636,0,0,0,32804244,31544404,31440772,2116,185784
2018-05-16_08-32-21.052515646,1526452341.054357760,2018-05-16_08-32-21.058181262,1526452341.060028460,0.81,0.87,0.82,36978052907382,38585494336,260955149,132475266,124348546,131598801,96466720,121253510,88346736,119083426,63196,7,1017958,40862650,2433,0,261688,0,0,0,32804244,31543924,31439396,2116,185784
2018-05-16_08-32-51.107984733,1526452371.110106447,2018-05-16_08-32-51.115140349,1526452371.116917922,0.77,0.85,0.82,37066047313812,38703622282,261266618,132475266,124348546,135004767,96466720,121253510,88346736,119083426,63266,7,1019940,40882738,2433,0,261701,0,0,0,32804244,31541564,31438444,2116,185784
2018-05-16_08-33-21.160523879,1526452401.162480547,2018-05-16_08-33-21.166563790,1526452401.168420346,0.79,0.85,0.82,37155015348880,38822186368,261576401,132475266,124348546,138441152,96466720,121253510,88346736,119083426,63329,7,1022016,40902805,2433,0,261715,0,0,0,32804244,31543672,31440780,2116,185784
2018-05-16_08-33-51.216605038,1526452431.219581234,2018-05-16_08-33-51.223730319,1526452431.226221324,0.81,0.85,0.82,37242605159216,38967048574,261807696,132475266,124348546,141649784,96466720,121253510,88346736,119083426,63396,7,1024126,40922831,2433,0,261741,0,0,0,32804244,31543044,31439896,2116,185784
2018-05-16_08-34-21.274229204,1526452461.276421942,2018-05-16_08-34-21.280626650,1526452461.282345322,0.81,0.85,0.82,37331480787324,39086427520,262112705,132475266,124348546,145095540,96466720,121253510,88346736,119083426,63469,7,1026164,40942893,2433,0,261760,0,0,0,32804244,31532084,31428680,2116,185792
2018-05-16_08-34-51.332428229,1526452491.335255151,2018-05-16_08-34-51.340234371,1526452491.342248930,0.79,0.84,0.82,37392593300000,39194416846,262531951,132475266,124348546,147427332,96466720,121253510,88346736,119083426,63547,7,1027823,40963671,2433,0,261806,0,0,0,32804244,31531644,31427748,2116,185792
2018-05-16_08-35-21.390578591,1526452521.392506458,2018-05-16_08-35-21.396866659,1526452521.398757181,0.87,0.86,0.82,37479759857582,39338738812,262772175,132475266,127461916,147485474,96466720,121253510,88346736,119083426,63611,7,1029785,40983705,2433,0,261835,0,0,0,32804244,31532472,31429084,2116,185796
2018-05-16_08-35-51.448526048,1526452551.450533717,2018-05-16_08-35-51.454931253,1526452551.457744725,0.81,0.84,0.82,37568086998980,39466242178,263054030,132475266,130793037,147485474,96466720,121253510,88346736,119083426,63680,7,1031786,41003756,2433,0,261854,0,0,0,32804244,31530612,31426368,2116,185800
2018-05-16_08-36-21.507690960,1526452581.510012697,2018-05-16_08-36-21.514375052,1526452581.516361525,0.87,0.86,0.82,37634191949610,39582512404,263514080,132475266,133454856,147485474,96466720,121253510,88346736,119083426,63747,7,1033569,41024406,2433,0,261884,0,0,0,32804244,31532016,31428240,2116,185804
2018-05-16_08-36-51.566076749,1526452611.568025141,2018-05-16_08-36-51.572102306,1526452611.573963151,0.86,0.86,0.83,37721081137226,39725981710,263763151,132475266,136631955,147485474,96466720,121253510,88346736,119083426,63821,7,1035586,41044447,2433,0,261917,0,0,0,32804244,31533336,31429952,2116,185804
2018-05-16_08-37-21.621938401,1526452641.623918697,2018-05-16_08-37-21.627799242,1526452641.629480934,0.80,0.84,0.82,37809848685644,39844746496,264071988,132475266,140041643,147485474,96466720,121253510,88346736,119083426,63883,7,1037607,41064518,2433,0,261934,0,0,0,32804244,31545924,31442236,2116,185800
2018-05-16_08-37-51.678839218,1526452671.680863121,2018-05-16_08-37-51.684886405,1526452671.686653348,0.76,0.82,0.82,37897695432754,39989065642,264309472,132475266,143240699,147485474,96466720,121253510,88346736,119083426,63957,7,1039628,41084538,2433,0,261963,0,0,0,32804244,31545172,31441772,2116,185800
2018-05-16_08-38-21.734901956,1526452701.736922494,2018-05-16_08-38-21.740939957,1526452701.742848259,0.65,0.79,0.81,37986226314624,40108014628,264616262,132475266,146644486,147485474,96466720,121253510,88346736,119083426,64023,7,1041606,41104620,2433,0,261979,0,0,0,32804244,31541812,31438652,2116,185800
2018-05-16_08-38-51.794002994,1526452731.796368458,2018-05-16_08-38-51.800461085,1526452731.802213511,0.52,0.75,0.79,38047034282044,40216174354,264943788,132475266,149004425,147485474,96466720,121253510,88346736,119083426,64085,7,1042483,41125410,2433,0,261990,0,0,0,32804244,31542820,31439408,2116,185800
2018-05-16_08-39-21.852735888,1526452761.854746399,2018-05-16_08-39-21.859029871,1526452761.860899552,0.85,0.80,0.81,38135218102926,40261787080,265606873,132475266,149093639,147485474,96466720,121253510,91213801,119083426,64120,7,1045209,41144796,2433,0,262114,0,0,0,32804244,31544648,31440992,2116,185800
2018-05-16_08-39-51.909102592,1526452791.911212357,2018-05-16_08-39-51.915650554,1526452791.917567901,0.91,0.82,0.81,38223732083732,40327988926,266279507,132475266,149093639,147485474,96466720,121253510,93978346,119083426,64168,7,1047763,41164302,2433,0,262222,0,0,0,32804244,31545260,31441848,2116,185800
2018-05-16_08-40-21.974639228,1526452821.977594323,2018-05-16_08-40-21.982240289,1526452821.984897588,0.87,0.82,0.81,38286547703160,40427633452,266700534,132475266,149093639,147485474,96466720,121253510,96014593,119083426,64220,7,1049495,41184646,2433,0,262252,0,0,0,32804244,31544360,31440432,2116,185812
2018-05-16_08-40-52.049597138,1526452852.051553188,2018-05-16_08-40-52.055958543,1526452852.057881892,0.92,0.84,0.82,38374259064658,40489754758,267362326,132475266,149093639,147485474,96466720,121253510,98812917,119083426,64259,7,1052091,41204128,2433,0,262390,0,0,0,32804244,31544872,31441208,2116,185812
2018-05-16_08-41-22.105557427,1526452882.107547363,2018-05-16_08-41-22.111926501,1526452882.113855668,0.95,0.86,0.82,38463448644656,40535718784,268038542,132475266,149093639,147485474,96466720,121253510,101754402,119083426,64294,7,1054897,41223482,2433,0,262525,0,0,0,32804244,31542820,31439124,2116,185812
2018-05-16_08-41-52.160419484,1526452912.162357059,2018-05-16_08-41-52.166648905,1526452912.168487461,0.96,0.87,0.83,38551779814244,40597893670,268712622,132475266,149093639,147485474,96466720,121253510,104540789,119083426,64340,7,1057430,41242979,2433,0,262639,0,0,0,32804244,31545180,31441788,2116,185812
2018-05-16_08-42-22.216602550,1526452942.218558050,2018-05-16_08-42-22.222756609,1526452942.224613096,0.98,0.88,0.84,38641019071542,40645840936,269389073,132475266,149093639,147485474,96466720,121253510,107481301,119083426,64380,7,1060169,41262340,2433,0,262779,0,0,0,32804244,31533948,31430224,2116,185820
2018-05-16_08-42-52.288010135,1526452972.290732719,2018-05-16_08-42-52.296164675,1526452972.298706833,0.84,0.86,0.83,38705564701032,40744077502,269821187,132475266,149093639,147485474,96466720,121253510,109568220,119083426,64434,7,1061903,41282622,2433,0,262828,0,0,0,32804244,31533372,31430240,2116,185820
2018-05-16_08-43-22.352278111,1526453002.355314655,2018-05-16_08-43-22.362643662,1526453002.365638386,0.97,0.89,0.84,38793075732608,40806968968,270481100,132475266,149093639,147485474,99120526,121253510,109672948,119083426,64478,7,1064457,41302165,2433,0,262933,0,0,0,32804244,31534172,31430612,2116,185828
2018-05-16_08-43-52.439259330,1526453032.442526854,2018-05-16_08-43-52.449818045,1526453032.452918828,0.98,0.90,0.85,38882383822434,40854256414,271157188,132475266,149093639,147485474,102042861,121253510,109672948,119083426,64516,7,1067218,41321554,2433,0,263080,0,0,0,32804244,31532236,31428812,2116,185828
2018-05-16_08-44-22.528117388,1526453062.530593491,2018-05-16_08-44-22.535191770,1526453062.537571768,0.79,0.86,0.84,38945314106944,40950880180,271612675,132475266,149093639,147485474,104098539,121253510,109672948,119083426,64568,7,1069146,41341917,2433,0,263137,0,0,0,32804244,31532256,31428316,2116,185828
2018-05-16_08-44-52.590607355,1526453092.593603795,2018-05-16_08-44-52.599488590,1526453092.602740103,0.87,0.87,0.84,39032710811622,41031238306,272270441,132475266,149093639,147485474,106741601,121253510,109672948,119083426,64622,7,1071603,41361520,2433,0,263241,0,0,0,32804244,31532572,31429204,2116,185832
2018-05-16_08-45-22.676297756,1526453122.679410381,2018-05-16_08-45-22.687418598,1526453122.690605948,0.84,0.87,0.84,39122323118104,41090616352,272950219,132475266,149093639,147485474,109563857,121253510,109672948,119083426,64666,7,1074208,41380985,2433,0,263361,0,0,0,32804244,31545908,31442528,2116,185824
2018-05-16_08-45-52.769443812,1526453152.772600328,2018-05-16_08-45-52.780087685,1526453152.783105199,0.99,0.90,0.86,39211177821872,41156350558,273624317,132475266,149093639,147485474,112317429,121253510,109672948,119083426,64709,7,1076739,41400524,2433,0,263478,0,0,0,32804244,31545036,31441888,2116,185824
2018-05-16_08-46-22.858719702,1526453182.861984093,2018-05-16_08-46-22.869148746,1526453182.871713577,0.91,0.89,0.86,39299865623302,41228730964,274298450,132475266,149093639,147485474,115024717,121253510,109672948,119083426,64755,7,1079207,41420110,2433,0,263585,0,0,0,32804244,31545712,31442600,2116,185824
2018-05-16_08-46-52.934629332,1526453212.936806372,2018-05-16_08-46-52.942355124,1526453212.945049945,0.75,0.85,0.85,39362153190280,41324295010,274755640,132475266,149093639,147485474,117096602,121253510,109672948,119083426,64805,7,1081094,41440464,2433,0,263642,0,0,0,32804244,31542636,31438608,2116,185824
2018-05-16_08-47-23.001250754,1526453243.003102716,2018-05-16_08-47-23.007004529,1526453243.008697071,0.85,0.87,0.85,39425174309404,41353262416,277412735,132475266,149093639,147485474,117216609,121253510,109672948,119083426,64838,7,1082752,41461455,2433,0,264899,0,0,0,32804244,31545252,31441864,2116,185824
2018-05-16_08-47-53.050982719,1526453273.052798622,2018-05-16_08-47-53.056570722,1526453273.058261843,1.05,0.91,0.87,39488244967434,41377459582,280205517,132475266,149093639,147485474,117216609,121253510,109672948,119083426,64870,7,1084408,41482480,2433,0,266214,0,0,0,32804244,31546376,31442988,2116,185824
2018-05-16_08-48-23.100345799,1526453303.102108710,2018-05-16_08-48-23.105871454,1526453303.107536662,1.09,0.94,0.88,39551542702466,41401469548,283000336,132475266,149093639,147485474,117216609,121253510,109672948,119083426,64901,7,1086102,41503506,2433,0,267492,0,0,0,32804244,31546204,31442816,2116,185824
2018-05-16_08-48-53.149576950,1526453333.151317733,2018-05-16_08-48-53.155081902,1526453333.156765197,1.11,0.96,0.89,39614662224068,41425472254,285792746,132475266,149093639,147485474,117216609,121253510,109672948,119083426,64936,7,1087710,41524532,2433,0,268855,0,0,0,32804244,31546392,31443004,2116,185824
2018-05-16_08-49-23.200065165,1526453363.201861100,2018-05-16_08-49-23.205605731,1526453363.207289106,1.12,0.98,0.89,39677735657092,41449750060,288594058,132475266,149093639,147485474,117216609,121253510,109672948,119083426,64962,7,1089286,41545560,2433,0,270254,0,0,0,32804244,31546200,31442812,2116,185824
2018-05-16_08-49-53.249375968,1526453393.251115437,2018-05-16_08-49-53.254885110,1526453393.256564088,1.07,0.98,0.90,39740664876492,41473593766,291386268,132475266,149093639,147485474,117216609,121253510,109672948,119083426,64997,7,1090901,41566596,2433,0,271595,0,0,0,32804244,31544512,31441128,2116,185828
2018-05-16_08-50-23.299099469,1526453423.300945765,2018-05-16_08-50-23.304847095,1526453423.306542503,1.04,0.98,0.90,39803548585390,41497801012,294179959,132475266,149093639,147485474,117216609,121253510,109672948,119083426,65033,7,1092551,41587624,2433,0,272912,0,0,0,32804244,31534816,31431436,2116,185844
2018-05-16_08-50-53.349270369,1526453453.351050413,2018-05-16_08-50-53.354971875,1526453453.356675676,1.03,0.99,0.90,39866769820268,41522084638,296973187,132475266,149093639,147485474,117216609,121253510,109672948,119083426,65069,7,1094224,41608645,2433,0,274210,0,0,0,32804244,31534968,31431588,2116,185840
2018-05-16_08-51-23.399091389,1526453483.400814861,2018-05-16_08-51-23.404565225,1526453483.406248490,1.08,1.00,0.91,39930123244452,41545797184,299779215,132475266,149093639,147485474,117216609,121253510,109672948,119083426,65102,7,1095836,41629671,2433,0,275569,0,0,0,32804244,31535436,31431792,2116,185844
2018-05-16_08-51-53.448557926,1526453513.450342601,2018-05-16_08-51-53.454259311,1526453513.455964295,1.10,1.02,0.92,39993406414694,41569471750,302579726,132475266,149093639,147485474,117216609,121253510,109672948,119083426,65138,7,1097441,41650691,2433,0,276939,0,0,0,32804244,31535608,31432232,2116,185848
2018-05-16_08-52-23.498517921,1526453543.500294826,2018-05-16_08-52-23.504220386,1526453543.505932709,1.14,1.03,0.93,40056591172648,41593418416,305391291,132475266,149093639,147485474,117216609,121253510,109672948,119083426,65173,7,1099056,41671713,2433,0,278295,0,0,0,32804244,31533692,31430316,2116,185848
2018-05-16_08-52-53.548376310,1526453573.550108482,2018-05-16_08-52-53.553904514,1526453573.555598645,1.21,1.06,0.94,40119794098684,41617248922,308177387,132475266,149093639,147485474,117216609,121253510,109672948,119083426,65206,7,1100687,41692740,2433,0,279634,0,0,0,32804244,31535728,31432352,2116,185848
2018-05-16_08-53-23.597913014,1526453603.599663039,2018-05-16_08-53-23.603475820,1526453603.605169328,1.38,1.12,0.96,40182822837184,41641303108,310968454,132475266,149093639,147485474,117216609,121253510,109672948,119083426,65241,7,1102346,41713770,2433,0,280940,0,0,0,32804244,31548704,31445328,2116,185844
2018-05-16_08-53-53.647395452,1526453633.649137902,2018-05-16_08-53-53.652909595,1526453633.654590953,1.23,1.10,0.96,40245779621574,41665488334,313751957,132475266,149093639,147485474,117216609,121253510,109672948,119083426,65272,7,1103990,41734800,2433,0,282266,0,0,0,32804244,31548732,31445356,2116,185844
2018-05-16_08-54-23.697051438,1526453663.698983814,2018-05-16_08-54-23.703172606,1526453663.705048496,1.21,1.11,0.97,40308088814010,41688850780,316495467,132475266,149093639,147485474,117216609,121253510,109672948,119083426,65305,7,1105582,41755880,2433,0,283594,0,0,0,32804244,31545708,31442260,2116,185844
