StartTime,StartEpoch,BW,EndTime,EndEpoch,CPULoad1m,CPULoad5m,CPULoad5m,NetDevRX,NetDevTX,IRQconfig,IRQinput,IRQoutput,user,nice,system,idle,iowait,irq,softirq,steal,guest,guest_nice,MemTotal,MemFree,MemAvailable,Buffers,Cached
2018-05-09_14-58-04.489629257,1525870684.491814485,22430891943,2018-05-09_14-58-34.534863340,1525870714.537066692,0.34,0.50,0.55,39566018484,38208833991808,,,,9377,6,647715,5248986,1052,0,13037,271,0,0,7707424,7217392,7135964,948,160968
2018-05-09_14-58-34.569802712,1525870714.571898129,22407071258,2018-05-09_14-59-04.616967792,1525870744.619229654,0.35,0.49,0.55,39671030490,38293343916766,,,,9392,6,649306,5258050,1052,0,13045,271,0,0,7707424,7217504,7136432,948,160968
2018-05-09_14-59-04.651900799,1525870744.653952824,22305038757,2018-05-09_14-59-34.699576943,1525870774.701868771,0.40,0.49,0.54,39773174436,38377465900594,,,,9417,6,650855,5267112,1052,0,13071,271,0,0,7707424,7216448,7134700,948,160968
2018-05-09_14-59-34.736548267,1525870774.738871031,22433773940,2018-05-09_15-00-04.781739006,1525870804.783845539,0.38,0.47,0.54,39875997642,38462073900616,,,,9437,6,652399,5276191,1052,0,13091,271,0,0,7707424,7204472,7122852,948,160988
2018-05-09_15-00-04.816016721,1525870804.818100065,22926614960,2018-05-09_15-00-34.862209642,1525870834.864334341,0.63,0.52,0.55,39982852788,38548542014522,,,,9451,6,653951,5285274,1052,0,13105,271,0,0,7707424,7204816,7123056,948,160988
2018-05-09_15-00-34.896525395,1525870834.898572853,22602269563,2018-05-09_15-01-04.942734074,1525870864.944804058,0.57,0.52,0.55,40090346214,38633785519100,,,,9470,6,655517,5294250,1052,0,13129,271,0,0,7707424,7204964,7123500,948,160988
2018-05-09_15-01-04.975797440,1525870864.977879658,22467943580,2018-05-09_15-01-35.020324261,1525870895.022567655,0.63,0.54,0.56,40195395480,38718522438536,,,,9488,6,656968,5303348,1052,0,13154,271,0,0,7707424,7205008,7123552,948,160992
2018-05-09_15-01-35.054958953,1525870895.057034940,22624665011,2018-05-09_15-02-05.099805806,1525870925.102090382,0.43,0.50,0.54,40304420526,38803850175914,,,,9501,6,658435,5312369,1052,0,13174,273,0,0,7707424,7205356,7123788,948,160992
2018-05-09_15-02-05.134957650,1525870925.137111187,22303812552,2018-05-09_15-02-35.198191501,1525870955.201937908,0.39,0.48,0.54,40408382712,38887968859992,,,,9521,6,659876,5321429,1052,0,13199,274,0,0,7707424,7205656,7123924,948,160996
2018-05-09_15-02-35.239896790,1525870955.242283392,22913599033,2018-05-09_15-03-05.289051277,1525870985.291348574,0.58,0.52,0.55,40512644358,38974387542124,,,,9535,6,661403,5330514,1052,0,13217,275,0,0,7707424,7217516,7136060,948,160988
2018-05-09_15-03-05.323703065,1525870985.325754084,22596018906,2018-05-09_15-03-35.371257202,1525871015.373355140,0.74,0.56,0.56,40621986804,39059608639236,,,,9556,6,662963,5339474,1052,0,13246,275,0,0,7707424,7217600,7136148,948,160988
2018-05-09_15-03-35.405585930,1525871015.407723871,22621113905,2018-05-09_15-04-05.449049665,1525871045.451266005,0.58,0.54,0.55,40729207890,39144922403710,,,,9571,6,664499,5348495,1052,0,13264,275,0,0,7707424,7217588,7135860,948,160988
2018-05-09_15-04-05.483584028,1525871045.485654816,22948337438,2018-05-09_15-04-35.527171425,1525871075.529371153,0.43,0.51,0.54,40832815296,39231472377998,,,,9585,6,666011,5357601,1052,0,13279,275,0,0,7707424,7218208,7136948,948,160988
2018-05-09_15-04-35.560992274,1525871075.563054311,22389056053,2018-05-09_15-05-05.631919293,1525871105.635151945,0.55,0.52,0.54,40935456342,39315931684838,,,,9601,6,667532,5366686,1052,0,13293,276,0,0,7707424,7218168,7136716,948,160988
2018-05-09_15-05-05.675766401,1525871105.678001969,22366187825,2018-05-09_15-05-35.725341425,1525871135.727632613,0.58,0.54,0.55,41040847788,39400286984732,,,,9615,6,669097,5375754,1052,0,13306,276,0,0,7707424,7217820,7136364,948,160988
2018-05-09_15-05-35.760773809,1525871135.762904476,22620158316,2018-05-09_15-06-05.806663596,1525871165.808842101,0.48,0.52,0.54,41149804854,39485600617432,,,,9628,6,670651,5384760,1052,0,13323,276,0,0,7707424,7218080,7136540,948,160988
2018-05-09_15-06-05.841060360,1525871165.843231142,22404867250,2018-05-09_15-06-35.885223840,1525871195.887287613,0.48,0.51,0.54,41255076540,39570101446852,,,,9640,6,672081,5393818,1052,0,13340,276,0,0,7707424,7217960,7136656,948,160988
2018-05-09_15-06-35.919327363,1525871195.921358759,23041934581,2018-05-09_15-07-05.963190803,1525871225.965340886,0.61,0.54,0.55,41364307866,39657004699282,,,,9655,6,673671,5402830,1052,0,13354,276,0,0,7707424,7218248,7136804,948,160992
2018-05-09_15-07-05.997312884,1525871225.999330046,22676922309,2018-05-09_15-07-36.042627790,1525871256.044893814,0.71,0.57,0.56,41473459992,39742531748824,,,,9669,6,675217,5411846,1052,0,13371,276,0,0,7707424,7217928,7136280,948,160992
2018-05-09_15-07-36.077475103,1525871256.079546371,22342451522,2018-05-09_15-08-06.128069462,1525871286.130398862,0.68,0.58,0.56,41575992498,39826797548036,,,,9695,6,676768,5420879,1052,0,13403,276,0,0,7707424,7204728,7123288,948,161004
2018-05-09_15-08-06.166854059,1525871286.169037333,22980476787,2018-05-09_15-08-36.221391811,1525871316.223711053,0.60,0.57,0.56,41679159624,39913469851904,,,,9708,6,678287,5430016,1052,0,13416,276,0,0,7707424,7205440,7123996,948,161004
2018-05-09_15-08-36.258735308,1525871316.260831467,22581280594,2018-05-09_15-09-06.303775717,1525871346.305888164,0.51,0.55,0.55,41786489910,39998634396046,,,,9726,6,679855,5438990,1052,0,13443,276,0,0,7707424,7205600,7123776,948,161008
2018-05-09_15-09-06.340095793,1525871346.342136732,22471495224,2018-05-09_15-09-36.383154299,1525871376.385254661,0.65,0.58,0.56,41887230576,40083383970322,,,,9751,6,681351,5448104,1052,0,13467,277,0,0,7707424,7204996,7123548,948,161008
2018-05-09_15-09-36.417638914,1525871376.419727238,22605031479,2018-05-09_15-10-06.460849062,1525871406.462910898,0.66,0.59,0.57,41996529522,40168638548290,,,,9770,6,682903,5457069,1052,0,13495,277,0,0,7707424,7205196,7123960,948,161016
2018-05-09_15-10-06.494703055,1525871406.496766813,22423493296,2018-05-09_15-10-36.537379996,1525871436.539526720,0.58,0.58,0.57,42102115788,40253206869704,,,,9787,6,684421,5466108,1052,0,13517,278,0,0,7707424,7204664,7123236,948,161020
2018-05-09_15-10-36.571804309,1525871436.573886052,23051795848,2018-05-09_15-11-06.617632916,1525871466.619846504,0.56,0.57,0.56,42211633554,40340147691062,,,,9802,6,685949,5475125,1052,0,13533,278,0,0,7707424,7217512,7135844,948,161012
2018-05-09_15-11-06.652543141,1525871466.654741956,22372578275,2018-05-09_15-11-36.718889536,1525871496.721666269,0.55,0.56,0.56,42312789660,40424527641712,,,,9816,6,687396,5484241,1052,0,13553,278,0,0,7707424,7217040,7135600,948,161012
2018-05-09_15-11-36.758991896,1525871496.761084794,22622074279,2018-05-09_15-12-06.815045255,1525871526.817227730,0.45,0.54,0.56,42421825626,40509847999098,,,,9839,6,688920,5493228,1052,0,13583,278,0,0,7707424,7216020,7134588,948,161008
2018-05-09_15-12-06.848849248,1525871526.851006945,23055151142,2018-05-09_15-12-36.895909317,1525871556.898109485,0.54,0.55,0.56,42533673312,40596801738520,,,,9852,6,690514,5502211,1052,0,13601,278,0,0,7707424,7217288,7135692,948,161008
2018-05-09_15-12-36.930674482,1525871556.932751380,22673983990,2018-05-09_15-13-06.975067380,1525871586.977200942,0.44,0.53,0.55,42643509798,40682316001448,,,,9866,6,692003,5511223,1052,0,13620,278,0,0,7707424,7217284,7135684,948,161008
2018-05-09_15-13-07.009674704,1525871587.011789747,20368444206,2018-05-09_15-13-37.080889883,1525871617.089335301,0.54,0.55,0.56,42740904804,40759157819978,,,,9880,6,693760,5519592,1052,0,13636,278,0,0,7707424,7216616,7135176,948,161008
2018-05-09_15-13-37.219396566,1525871617.228289041,22353319229,2018-05-09_15-14-07.301390596,1525871647.303909433,0.58,0.56,0.56,42843331230,40843464353232,,,,9898,6,695376,5528727,1052,0,13656,279,0,0,7707424,7218076,7136516,948,161008
2018-05-09_15-14-07.344253131,1525871647.346541569,22635368668,2018-05-09_15-14-37.392872621,1525871677.395068187,0.57,0.55,0.56,42952863516,40928832427548,,,,9911,6,696828,5537724,1052,0,13668,279,0,0,7707424,7217516,7136080,948,161008
2018-05-09_15-14-37.429013807,1525871677.431262975,22974809136,2018-05-09_15-15-07.474147804,1525871707.476320117,0.50,0.54,0.56,43056731382,41015483112326,,,,9925,6,698423,5546856,1052,0,13678,279,0,0,7707424,7217732,7136208,948,161008
2018-05-09_15-15-07.509964349,1525871707.512037019,22950239098,2018-05-09_15-15-37.553544284,1525871737.555733887,0.55,0.55,0.56,43159689888,41102038227960,,,,9938,6,699901,5556001,1052,0,13695,279,0,0,7707424,7217468,7136008,948,161012
2018-05-09_15-15-37.589591790,1525871737.591632129,22426278578,2018-05-09_15-16-07.637005514,1525871767.639286194,0.53,0.54,0.56,43262374794,41186620127982,,,,9960,6,701392,5565088,1052,0,13715,279,0,0,7707424,7204260,7122984,948,161020
2018-05-09_15-16-07.671457012,1525871767.673524586,20255250435,2018-05-09_15-16-43.623587292,1525871803.625670215,0.55,0.54,0.56,43357406280,41263024312112,,,,9982,6,703192,5575605,1052,0,13735,289,0,0,7707424,7213668,7128476,948,161020
2018-05-09_15-16-43.661852573,1525871803.664108227,22450276154,2018-05-09_15-17-13.707823003,1525871833.710062280,0.47,0.53,0.55,43459441866,41347693871874,,,,10003,6,704612,5584701,1052,0,13763,290,0,0,7707424,7204984,7123512,948,161024
2018-05-09_15-17-13.742557576,1525871833.744652317,22409102573,2018-05-09_15-17-43.790040682,1525871863.792191564,0.54,0.54,0.56,43558299372,41432208546582,,,,10023,6,705962,5593795,1052,0,13791,291,0,0,7707424,7204516,7123052,948,161028
2018-05-09_15-17-43.827333285,1525871863.829599575,22993841849,2018-05-09_15-18-13.872239002,1525871893.874358067,0.64,0.57,0.57,43666575078,41518927909860,,,,10034,6,707557,5602814,1052,0,13807,291,0,0,7707424,7205076,7123616,948,161028
2018-05-09_15-18-13.907252633,1525871893.909398951,22416672586,2018-05-09_15-18-43.950081312,1525871923.952285403,0.53,0.55,0.56,43768735764,41603470921810,,,,10051,6,709054,5611878,1052,0,13828,291,0,0,7707424,7204120,7122812,948,161028
2018-05-09_15-18-43.984461618,1525871923.986533991,22609193878,2018-05-09_15-19-14.028597383,1525871954.030781987,0.50,0.54,0.56,43877266650,41688742635690,,,,10065,6,710590,5620868,1052,0,13846,292,0,0,7707424,7217436,7135972,948,161024
2018-05-09_15-19-14.062727239,1525871954.064778160,22979325703,2018-05-09_15-19-44.105975703,1525871984.108033295,0.56,0.55,0.56,43980356076,41775408084502,,,,10076,6,712060,5630002,1052,0,13860,292,0,0,7707424,7217972,7136504,948,161024
2018-05-09_15-19-44.139905873,1525871984.141961387,22488764234,2018-05-09_15-20-14.185153703,1525872014.187215913,0.66,0.58,0.57,44082180402,41860224755720,,,,10095,6,713460,5639113,1052,0,13880,292,0,0,7707424,7217788,7136512,948,161024
2018-05-09_15-20-14.218949210,1525872014.221002589,22434674532,2018-05-09_15-20-44.266482084,1525872044.268719419,0.48,0.54,0.56,44188090488,41944838159502,,,,10110,6,715027,5648168,1052,0,13896,292,0,0,7707424,7217764,7136088,948,161024
2018-05-09_15-20-44.302375312,1525872044.304529755,22522120692,2018-05-09_15-21-14.368749356,1525872074.372586785,0.48,0.54,0.56,44296031634,42029781510354,,,,10125,6,716550,5657156,1052,0,13907,292,0,0,7707424,7218152,7136684,948,161024
2018-05-09_15-21-14.411185268,1525872074.413430709,22408753927,2018-05-09_15-21-44.458849057,1525872104.461126439,0.62,0.56,0.57,44401461060,42114295389936,,,,10138,6,718057,5666219,1052,0,13918,292,0,0,7707424,7217744,7136664,948,161024
2018-05-09_15-21-44.495565278,1525872104.501469554,23036652832,2018-05-09_15-22-14.551850441,1525872134.554060396,0.56,0.56,0.56,44510952186,42201176365648,,,,10161,6,719582,5675254,1052,0,13935,292,0,0,7707424,7217596,7136120,948,161028
2018-05-09_15-22-14.586594141,1525872134.588758479,22448725243,2018-05-09_15-22-44.631072753,1525872164.633284745,0.70,0.59,0.57,44616418092,42285843024810,,,,10172,6,721042,5684346,1052,0,13945,292,0,0,7707424,7216964,7135692,948,161028
2018-05-09_15-22-44.665979080,1525872164.668068811,22466419227,2018-05-09_15-23-14.709938765,1525872194.712136757,0.63,0.58,0.57,44719997538,42370575726020,,,,10186,6,722607,5693451,1052,0,13955,292,0,0,7707424,7217312,7135836,948,161028
2018-05-09_15-23-14.744167428,1525872194.746254920,22439476767,2018-05-09_15-23-44.789292710,1525872224.791615127,0.58,0.57,0.57,44821911324,42455204948298,,,,10198,6,724098,5702554,1052,0,13965,292,0,0,7707424,7217872,7136588,948,161028
2018-05-09_15-23-44.824587601,1525872224.826754460,22307451988,2018-05-09_15-24-14.897802790,1525872254.900638540,0.68,0.60,0.58,44924008830,42539337209472,,,,10218,6,725598,5711618,1052,0,13984,292,0,0,7707424,7205008,7123836,948,161044
2018-05-09_15-24-14.938969867,1525872254.941071016,22613231913,2018-05-09_15-24-44.986980154,1525872284.989187119,0.67,0.60,0.58,45033549294,42624624347768,,,,10235,6,727036,5720607,1052,0,14008,293,0,0,7707424,7204312,7122840,948,161044
2018-05-09_15-24-45.021388641,1525872285.023496949,22843147693,2018-05-09_15-25-15.065783803,1525872315.067958750,0.52,0.58,0.58,45140744640,42710776356814,,,,10274,6,728640,5729579,1052,0,14042,293,0,0,7707424,7196212,7115040,948,161044
2018-05-09_15-25-15.100666846,1525872315.102790453,22468141309,2018-05-09_15-25-45.143906820,1525872345.146018665,0.65,0.60,0.59,45243053046,42795514067218,,,,10304,6,730075,5738653,1052,0,14068,294,0,0,7707424,7196212,7114740,948,161048
2018-05-09_15-25-45.178577457,1525872345.180596581,22414286986,2018-05-09_15-26-15.224878528,1525872375.227022734,0.63,0.61,0.59,45346595112,42880049829330,,,,10328,6,731597,5747711,1052,0,14098,294,0,0,7707424,7196404,7114656,948,161048
2018-05-09_15-26-15.258764709,1525872375.260846345,22970734067,2018-05-09_15-26-45.302704429,1525872405.304893435,0.72,0.63,0.60,45453827598,42966683377656,,,,10341,6,733031,5756807,1052,0,14114,294,0,0,7707424,7196272,7114724,948,161056
2018-05-09_15-26-45.337518327,1525872405.339565559,22407709509,2018-05-09_15-27-15.397538721,1525872435.400303351,0.56,0.60,0.59,45555163944,43051194884496,,,,10355,6,734556,5765896,1052,0,14132,294,0,0,7707424,7208644,7127380,948,161048
2018-05-09_15-27-15.437423304,1525872435.439473256,22585814108,2018-05-09_15-27-45.492925872,1525872465.495412185,0.55,0.59,0.59,45662441490,43136378542672,,,,10369,6,736100,5774906,1052,0,14150,344,0,0,7707424,7208464,7126992,948,161048
2018-05-09_15-27-45.530333756,1525872465.532446353,22432112432,2018-05-09_15-28-15.575821392,1525872495.577985262,0.58,0.60,0.59,45763225896,43220982455594,,,,10383,6,737557,5784019,1052,0,14167,344,0,0,7707424,7208824,7127356,948,161048
2018-05-09_15-28-15.610956045,1525872495.613007023,22439916193,2018-05-09_15-28-45.655475749,1525872525.657637850,0.43,0.56,0.58,45868089522,43305614841528,,,,10394,6,739009,5793095,1052,0,14181,345,0,0,7707424,7208512,7127048,948,161048
2018-05-09_15-28-45.690925231,1525872525.693043931,22953172710,2018-05-09_15-29-15.735047128,1525872555.737249206,0.34,0.52,0.56,45975596388,43392182743398,,,,10409,6,740490,5802182,1052,0,14198,345,0,0,7707424,7208792,7127332,948,161048
2018-05-09_15-29-15.769344312,1525872555.771464071,22431680512,2018-05-09_15-29-45.813785576,1525872585.815964509,0.41,0.52,0.56,46076976834,43476784415298,,,,10421,6,742072,5811245,1052,0,14212,345,0,0,7707424,7209404,7127940,948,161048
2018-05-09_15-29-45.848933305,1525872585.851039662,22418292216,2018-05-09_15-30-15.896152245,1525872615.898388844,0.58,0.55,0.57,46180328280,43561335337198,,,,10458,6,743625,5820275,1052,0,14254,346,0,0,7707424,7208748,7127584,948,161056
2018-05-09_15-30-15.932103720,1525872615.934155056,22921682541,2018-05-09_15-30-45.996517380,1525872645.999347955,0.47,0.53,0.57,46283351406,43647787237340,,,,10470,6,745123,5829388,1052,0,14293,346,0,0,7707424,7209320,7127596,948,161056
2018-05-09_15-30-46.038652334,1525872646.041107000,22650376600,2018-05-09_15-31-16.089013803,1525872676.091390969,0.41,0.51,0.56,46392858252,43733213577526,,,,10484,6,746670,5838387,1052,0,14332,346,0,0,7707424,7209300,7128196,948,161056
2018-05-09_15-31-16.124966638,1525872676.127010392,22428080667,2018-05-09_15-31-46.168375268,1525872706.170560218,0.53,0.52,0.56,46497799578,43817799430930,,,,10504,6,748132,5847469,1053,0,14365,347,0,0,7707424,7209136,7127868,948,161056
2018-05-09_15-31-46.203002107,1525872706.205089134,22948674185,2018-05-09_15-32-16.246972029,1525872736.249161512,0.44,0.50,0.56,46600605384,43904350593506,,,,10525,6,749729,5856539,1053,0,14380,347,0,0,7707424,7204472,7123012,948,161060
2018-05-09_15-32-16.281391935,1525872736.283470656,22458146010,2018-05-09_15-32-46.325223439,1525872766.327401479,0.46,0.50,0.55,46703830174,43989050472284,,,,10545,6,751178,5865622,1053,0,14404,347,0,0,7707424,7204512,7123060,948,161064
2018-05-09_15-32-46.359440624,1525872766.361509799,22424162121,2018-05-09_15-33-16.405668570,1525872796.408071954,0.50,0.50,0.55,46807592680,44073622220902,,,,10557,6,752645,5874721,1053,0,14436,347,0,0,7707424,7204800,7123544,948,161068
2018-05-09_15-33-16.441508810,1525872796.443744676,22808251917,2018-05-09_15-33-46.492349905,1525872826.494856696,0.52,0.50,0.55,46910766886,44159642412802,,,,10579,6,754252,5883750,1053,0,14459,598,0,0,7707424,7204484,7123228,948,161068
2018-05-09_15-33-46.529560518,1525872826.531679284,22392927534,2018-05-09_15-34-16.575717671,1525872856.578016424,0.63,0.54,0.56,47015182432,44244096446090,,,,10596,6,755645,5892818,1053,0,14475,598,0,0,7707424,7204680,7122940,948,161072
2018-05-09_15-34-16.610107888,1525872856.612236012,22396582569,2018-05-09_15-34-46.654978875,1525872886.657087017,0.59,0.53,0.56,47115739798,44328565770886,,,,10616,6,757150,5901905,1053,0,14500,599,0,0,7707424,7203448,7121804,948,161072
2018-05-09_15-34-46.689211768,1525872886.691282542,22470436150,2018-05-09_15-35-16.733187922,1525872916.735325550,0.58,0.53,0.56,47220203464,44413312972150,,,,10628,6,758566,5911001,1053,0,14517,599,0,0,7707424,7216796,7135324,948,161356
2018-05-09_15-35-16.767514689,1525872916.769598094,22499484451,2018-05-09_15-35-46.812782506,1525872946.815006632,0.66,0.56,0.57,47321574370,44498169847938,,,,10640,6,759971,5920122,1053,0,14529,599,0,0,7707424,7217172,7135864,948,161356
2018-05-09_15-35-46.847351552,1525872946.849408146,22950049588,2018-05-09_15-36-16.907302795,1525872976.909659791,0.59,0.55,0.57,47428105996,44584726545130,,,,10655,6,761454,5929204,1053,0,14543,600,0,0,7707424,7217568,7136256,948,161356
2018-05-09_15-36-16.948457716,1525872976.950937600,22466126885,2018-05-09_15-36-47.007333287,1525873007.009734262,0.53,0.55,0.56,47530319002,44669458191770,,,,10668,6,762898,5938321,1053,0,14553,600,0,0,7707424,7217720,7136408,948,161356
2018-05-09_15-36-47.045004749,1525873007.047120416,22603823195,2018-05-09_15-37-17.090889766,1525873037.093018962,0.65,0.57,0.57,47638757068,44754708815654,,,,10680,6,764389,5947321,1053,0,14565,600,0,0,7707424,7217344,7135952,948,161356
2018-05-09_15-37-17.126430880,1525873037.128559350,22934815017,2018-05-09_15-37-47.170367680,1525873067.172466499,0.58,0.57,0.57,47745908134,44841207775476,,,,10696,6,765998,5956366,1053,0,14574,601,0,0,7707424,7217576,7136284,948,161356
2018-05-09_15-37-47.204552484,1525873067.206588583,22661478265,2018-05-09_15-38-17.249125773,1525873097.251317012,0.54,0.56,0.57,47855629180,44926675505928,,,,10708,6,767556,5965355,1053,0,14585,602,0,0,7707424,7217108,7135828,948,161356
2018-05-09_15-38-17.283731595,1525873097.285822873,22451528398,2018-05-09_15-38-47.327776292,1525873127.329999187,0.58,0.57,0.57,47955917086,45011350733370,,,,10720,6,769173,5974457,1053,0,14594,602,0,0,7707424,7216968,7135684,948,161356
2018-05-09_15-38-47.362383066,1525873127.364536797,22345140165,2018-05-09_15-39-17.432009308,1525873157.434771676,0.53,0.56,0.57,48060115852,45095625754764,,,,10733,6,770699,5983543,1053,0,14638,602,0,0,7707424,7217144,7135860,948,161356
2018-05-09_15-39-17.474241633,1525873157.476577970,22389417403,2018-05-09_15-39-47.521264969,1525873187.523490555,0.45,0.54,0.57,48161202538,45180065815364,,,,10753,6,772228,5992611,1053,0,14680,602,0,0,7707424,7216040,7134744,948,161356
2018-05-09_15-39-47.556094766,1525873187.558459004,22448192465,2018-05-09_15-40-17.601326524,1525873217.603475103,0.41,0.52,0.56,48262936324,45264728388776,,,,10775,6,773724,6001698,1053,0,14711,604,0,0,7707424,7204316,7122764,948,161372
2018-05-09_15-40-17.649506980,1525873217.651706567,22944942242,2018-05-09_15-40-47.695238837,1525873247.697440665,0.51,0.53,0.56,48368972290,45351266631128,,,,10792,6,775280,6010784,1053,0,14748,604,0,0,7707424,7204380,7122884,948,161376
2018-05-09_15-40-47.729167354,1525873247.731220486,22710091950,2018-05-09_15-41-17.771831788,1525873277.773917185,0.48,0.52,0.56,48479167456,45436915878044,,,,10804,6,776867,6019816,1053,0,14791,604,0,0,7707424,7204332,7122788,948,161376
2018-05-09_15-41-17.806057878,1525873277.808255727,22440993381,2018-05-09_15-41-47.849585655,1525873307.851826303,0.57,0.54,0.56,48584279122,45521550636774,,,,10819,6,778368,6028882,1053,0,14827,604,0,0,7707424,7204264,7122984,948,161384
2018-05-09_15-41-47.884001515,1525873307.886062942,22418629127,2018-05-09_15-42-17.942073868,1525873337.944396617,0.41,0.50,0.55,48686548588,45606105117058,,,,10835,6,779827,6037995,1053,0,14852,604,0,0,7707424,7204428,7123008,948,161384
2018-05-09_15-42-17.981311443,1525873337.983403564,22623031535,2018-05-09_15-42-48.037470873,1525873368.040073791,0.43,0.50,0.55,48794087134,45691426395674,,,,10849,6,781317,6047045,1053,0,14869,653,0,0,7707424,7203352,7122080,948,161384
2018-05-09_15-42-48.074891038,1525873368.077068693,22918050273,2018-05-09_15-43-18.119667104,1525873398.121914589,0.56,0.52,0.55,48901429600,45777860105172,,,,10865,6,782896,6056095,1053,0,14912,653,0,0,7707424,7216540,7135464,948,161380
2018-05-09_15-43-18.154486050,1525873398.156564660,22463287346,2018-05-09_15-43-48.198575682,1525873428.200945716,0.47,0.50,0.55,49002798106,45862581206112,,,,10877,6,784424,6065203,1053,0,14957,653,0,0,7707424,7217192,7135652,948,161380
2018-05-09_15-43-48.233119337,1525873428.235239001,22676744255,2018-05-09_15-44-18.276918987,1525873458.279031435,0.42,0.48,0.54,49110397312,45948105753406,,,,10897,6,785879,6074258,1053,0,15015,653,0,0,7707424,7214004,7132736,948,161380
2018-05-09_15-44-18.311089752,1525873458.313253958,22958575704,2018-05-09_15-44-48.357336916,1525873488.359473020,0.62,0.53,0.55,49213437058,46034694878558,,,,10912,6,787425,6083342,1053,0,15039,653,0,0,7707424,7217220,7135972,948,161380
2018-05-09_15-44-48.391991986,1525873488.394063465,22638046177,2018-05-09_15-45-18.449523398,1525873518.451946864,0.45,0.50,0.54,49323028084,46120075871370,,,,10927,6,788808,6092358,1053,0,15071,653,0,0,7707424,7217188,7135920,948,161380
2018-05-09_15-45-18.489124989,1525873518.491681569,22351790352,2018-05-09_15-45-48.546906839,1525873548.549480115,0.47,0.50,0.54,49424836690,46204375016316,,,,10943,6,790407,6101434,1053,0,15088,1035,0,0,7707424,7216520,7135292,948,161380
2018-05-09_15-45-48.585045217,1525873548.587111691,22417154843,2018-05-09_15-46-18.630568725,1525873578.632677073,0.42,0.48,0.53,49526602696,46288921323858,,,,10958,6,791908,6110540,1053,0,15103,1035,0,0,7707424,7216964,7135612,948,161380
2018-05-09_15-46-18.666934599,1525873578.669030092,22418407532,2018-05-09_15-46-48.711507481,1525873608.713727386,0.53,0.50,0.54,49631376562,46373472640270,,,,10971,6,793404,6119626,1053,0,15120,1035,0,0,7707424,7217052,7135784,948,161380
2018-05-09_15-46-48.746370576,1525873608.748508924,23047945084,2018-05-09_15-47-18.791285911,1525873638.793570051,0.56,0.52,0.54,49743098308,46460398170174,,,,10983,6,795017,6128634,1053,0,15136,1035,0,0,7707424,7216820,7135552,948,161380
2018-05-09_15-47-18.825856734,1525873638.827913692,22911522782,2018-05-09_15-47-48.869790527,1525873668.871977863,0.53,0.51,0.54,49850586634,46546809337840,,,,10997,6,796612,6137696,1053,0,15152,1037,0,0,7707424,7217048,7135528,948,161380
2018-05-09_15-47-48.903861768,1525873668.905899317,22331975213,2018-05-09_15-48-18.957369525,1525873698.959627969,0.51,0.51,0.54,49951352080,46631035193168,,,,11019,6,798032,6146770,1053,0,15176,1038,0,0,7707424,7203896,7122532,948,161388
2018-05-09_15-48-18.998324065,1525873699.000640836,22347012881,2018-05-09_15-48-49.046118688,1525873729.048438509,0.57,0.53,0.54,50054121766,46715316806880,,,,11034,6,799610,6155802,1053,0,15202,1038,0,0,7707424,7203852,7122456,948,161392
2018-05-09_15-48-49.081653392,1525873729.083709170,22568313235,2018-05-09_15-49-19.125836837,1525873759.127958979,0.52,0.52,0.54,50161464472,46800431523602,,,,11053,6,801222,6164761,1053,0,15226,1039,0,0,7707424,7203792,7122508,948,161400
