StartTime,StartEpoch,BW,EndTime,EndEpoch,CPULoad1m,CPULoad5m,CPULoad5m,NetDevRX,NetDevTX,IRQconfig,IRQinput,IRQoutput,user,nice,system,idle,iowait,irq,softirq,steal,guest,guest_nice,MemTotal,MemFree,MemAvailable,Buffers,Cached
2018-05-10_17-34-14.482752284,1525966454.485338154,0.000000,2018-05-10_17-34-44.731738108,1525966484.734287656,0.41,0.15,0.09,76200840,175195132840,,,,11262,106,11101,30407210,1764,0,30,769,0,0,7707080,7113276,7065388,2108,216044
2018-05-10_17-34-44.775822494,1525966484.778485259,0.000000,2018-05-10_17-35-15.024079303,1525966515.027007565,0.64,0.23,0.11,76201984,175195134172,,,,14285,106,11112,30416287,1764,0,30,769,0,0,7707080,7100876,7052992,2108,216052
2018-05-10_17-35-15.067975500,1525966515.070512862,,2018-05-10_17-35-29.974836062,1525966529.977402408,0.72,0.27,0.13,76202966,175195135282,,,,15775,106,11116,30420770,1764,0,30,769,0,0,7707080,7101112,7053228,2108,216052
2018-05-10_17-35-30.017685476,1525966530.020223495,,2018-05-10_17-35-30.031985678,1525966530.034455224,0.72,0.27,0.13,76203026,175195135356,,,,15776,106,11121,30420786,1764,0,30,769,0,0,7707080,7102028,7054144,2108,216052
2018-05-10_17-35-30.072531944,1525966530.075032365,,2018-05-10_17-35-30.086358163,1525966530.088857853,0.72,0.27,0.13,76203086,175195135430,,,,15778,106,11125,30420801,1764,0,30,769,0,0,7707080,7101428,7053436,2108,216052
2018-05-10_17-35-30.127014983,1525966530.129522129,,2018-05-10_17-35-30.141135562,1525966530.143625060,0.72,0.27,0.13,76203146,175195135504,,,,15779,106,11130,30420817,1764,0,30,769,0,0,7707080,7101576,7053544,2108,216052
2018-05-10_17-35-30.184623226,1525966530.187213091,,2018-05-10_17-35-30.198956604,1525966530.201474911,0.72,0.27,0.13,76203206,175195135578,,,,15781,106,11134,30420834,1764,0,30,769,0,0,7707080,7101060,7052964,2108,216052
2018-05-10_17-35-30.239531036,1525966530.242023270,,2018-05-10_17-35-30.253342928,1525966530.255862446,0.72,0.27,0.13,76203266,175195135652,,,,15782,106,11140,30420849,1764,0,30,769,0,0,7707080,7101052,7053364,2108,216052
2018-05-10_17-35-30.293584680,1525966530.296076931,,2018-05-10_17-35-30.307384796,1525966530.309901305,0.72,0.27,0.13,76203326,175195135726,,,,15783,106,11144,30420865,1764,0,30,769,0,0,7707080,7101680,7053796,2108,216052
2018-05-10_17-35-30.347601738,1525966530.350104631,,2018-05-10_17-35-30.361443593,1525966530.363977055,0.72,0.27,0.13,76203386,175195135800,,,,15785,106,11148,30420880,1764,0,30,769,0,0,7707080,7101720,7053836,2108,216052
2018-05-10_17-35-30.401793030,1525966530.404281075,,2018-05-10_17-35-30.415891796,1525966530.418386526,0.72,0.27,0.13,76203446,175195135874,,,,15786,106,11153,30420896,1764,0,30,769,0,0,7707080,7101568,7053684,2108,216052
2018-05-10_17-35-30.456214916,1525966530.458691677,,2018-05-10_17-35-30.470204213,1525966530.472689931,0.72,0.27,0.13,76203506,175195135948,,,,15787,106,11157,30420912,1764,0,30,769,0,0,7707080,7102428,7054344,2108,216052
2018-05-10_17-35-30.510530360,1525966530.513045511,,2018-05-10_17-35-30.524485951,1525966530.526962831,0.72,0.27,0.13,76203566,175195136022,,,,15789,106,11162,30420927,1764,0,30,769,0,0,7707080,7101600,7053716,2108,216052
2018-05-10_17-35-30.564470654,1525966530.566985628,,2018-05-10_17-35-30.578497449,1525966530.581006749,0.72,0.27,0.13,76203626,175195136096,,,,15791,106,11166,30420943,1764,0,30,769,0,0,7707080,7101788,7053632,2108,216052
2018-05-10_17-35-30.618819027,1525966530.621299367,,2018-05-10_17-35-30.632823270,1525966530.635352189,0.72,0.27,0.13,76203686,175195136170,,,,15792,106,11170,30420958,1764,0,30,769,0,0,7707080,7101584,7053700,2108,216052
2018-05-10_17-35-30.673143760,1525966530.675652016,,2018-05-10_17-35-30.686972558,1525966530.689477301,0.72,0.27,0.13,76203746,175195136244,,,,15794,106,11175,30420974,1764,0,30,769,0,0,7707080,7101204,7053096,2108,216052
2018-05-10_17-35-30.727238861,1525966530.729762382,,2018-05-10_17-35-30.741324496,1525966530.743877155,0.72,0.27,0.13,76203806,175195136318,,,,15795,106,11179,30420989,1764,0,30,769,0,0,7707080,7101420,7053068,2108,216052
2018-05-10_17-35-30.781989689,1525966530.784478590,,2018-05-10_17-35-30.796062302,1525966530.798580597,0.72,0.27,0.13,76203866,175195136392,,,,15797,106,11184,30421005,1764,0,30,769,0,0,7707080,7101000,7053312,2108,216052
2018-05-10_17-35-30.836562766,1525966530.839119074,,2018-05-10_17-35-30.850495290,1525966530.853016803,0.72,0.27,0.13,76203926,175195136466,,,,15799,106,11188,30421021,1764,0,30,769,0,0,7707080,7101864,7053980,2108,216052
2018-05-10_17-35-30.890961998,1525966530.893442119,,2018-05-10_17-35-30.904845573,1525966530.907329533,0.72,0.27,0.13,76203986,175195136540,,,,15800,106,11192,30421036,1764,0,30,769,0,0,7707080,7101984,7053812,2108,216052
2018-05-10_17-35-30.945333729,1525966530.947881166,,2018-05-10_17-35-30.959390855,1525966530.961925865,0.72,0.27,0.13,76204046,175195136614,,,,15801,106,11197,30421052,1764,0,30,769,0,0,7707080,7101304,7053420,2108,216052
2018-05-10_17-35-30.999800163,1525966531.002325770,,2018-05-10_17-35-31.013698560,1525966531.016208728,0.72,0.27,0.13,76204106,175195136688,,,,15803,106,11202,30421068,1764,0,30,769,0,0,7707080,7101708,7053824,2108,216052
2018-05-10_17-35-31.054004651,1525966531.056477808,,2018-05-10_17-35-31.067804845,1525966531.070299663,0.72,0.27,0.13,76204166,175195136762,,,,15804,106,11206,30421083,1764,0,30,769,0,0,7707080,7102224,7054340,2108,216052
2018-05-10_17-35-31.107997780,1525966531.110470184,,2018-05-10_17-35-31.121838248,1525966531.124309290,0.72,0.27,0.13,76204226,175195136836,,,,15806,106,11211,30421099,1764,0,30,769,0,0,7707080,7100848,7052964,2108,216052
2018-05-10_17-35-31.162349366,1525966531.164897702,,2018-05-10_17-35-31.176553130,1525966531.179105157,0.72,0.27,0.13,76204286,175195136910,,,,15808,106,11215,30421114,1764,0,30,769,0,0,7707080,7101352,7053316,2108,216052
2018-05-10_17-35-31.216821919,1525966531.219305444,,2018-05-10_17-35-31.230876335,1525966531.233378740,0.72,0.27,0.13,76204346,175195136984,,,,15809,106,11220,30421130,1764,0,30,769,0,0,7707080,7101648,7053532,2108,216052
2018-05-10_17-35-31.271278444,1525966531.273775018,,2018-05-10_17-35-31.285225577,1525966531.287708445,0.72,0.27,0.13,76204406,175195137058,,,,15811,106,11224,30421146,1764,0,30,769,0,0,7707080,7101984,7053904,2108,216052
2018-05-10_17-35-31.325415296,1525966531.327936865,,2018-05-10_17-35-31.339334013,1525966531.341869602,0.72,0.27,0.13,76204466,175195137132,,,,15811,106,11229,30421161,1764,0,30,769,0,0,7707080,7101528,7053648,2108,216056
2018-05-10_17-35-31.380265563,1525966531.382791850,,2018-05-10_17-35-31.394351545,1525966531.396905424,0.72,0.27,0.13,76204526,175195137206,,,,15813,106,11234,30421177,1764,0,30,769,0,0,7707080,7101284,7053148,2108,216056
2018-05-10_17-35-31.435179183,1525966531.437703494,,2018-05-10_17-35-31.449312902,1525966531.451818825,0.72,0.27,0.13,76204586,175195137280,,,,15815,106,11238,30421193,1764,0,30,769,0,0,7707080,7101744,7053668,2108,216056
2018-05-10_17-35-31.489827898,1525966531.492352920,,2018-05-10_17-35-31.503929985,1525966531.506455355,0.72,0.27,0.13,76204646,175195137354,,,,15817,106,11242,30421208,1764,0,30,769,0,0,7707080,7101604,7053932,2108,216056
2018-05-10_17-35-31.544478183,1525966531.547040367,,2018-05-10_17-35-31.558671233,1525966531.561210250,0.72,0.27,0.13,76204706,175195137428,,,,15818,106,11246,30421224,1764,0,30,769,0,0,7707080,7101056,7053176,2108,216056
2018-05-10_17-35-31.599118352,1525966531.601606302,,2018-05-10_17-35-31.613044288,1525966531.615569496,0.72,0.27,0.13,76204766,175195137502,,,,15819,106,11251,30421240,1764,0,30,769,0,0,7707080,7101624,7053744,2108,216056
2018-05-10_17-35-31.653573391,1525966531.656103471,,2018-05-10_17-35-31.667591618,1525966531.670120956,0.72,0.27,0.13,76204826,175195137576,,,,15820,106,11255,30421255,1764,0,30,769,0,0,7707080,7101164,7053284,2108,216056
2018-05-10_17-35-31.708172864,1525966531.710662667,,2018-05-10_17-35-31.722245343,1525966531.724776419,0.72,0.27,0.13,76204886,175195137650,,,,15822,106,11260,30421271,1764,0,30,769,0,0,7707080,7100932,7052928,2108,216056
2018-05-10_17-35-31.762681641,1525966531.765176119,,2018-05-10_17-35-31.776518134,1525966531.779031142,0.72,0.27,0.13,76204946,175195137724,,,,15823,106,11264,30421287,1764,0,30,769,0,0,7707080,7100904,7053024,2108,216056
2018-05-10_17-35-31.816769722,1525966531.819244149,,2018-05-10_17-35-31.830555902,1525966531.833061148,0.72,0.27,0.13,76205006,175195137798,,,,15824,106,11269,30421302,1764,0,30,769,0,0,7707080,7101496,7053616,2108,216056
2018-05-10_17-35-31.871012859,1525966531.873493364,,2018-05-10_17-35-31.885021830,1525966531.887501934,0.72,0.27,0.13,76205066,175195137872,,,,15826,106,11274,30421318,1764,0,30,769,0,0,7707080,7101772,7053892,2108,216056
2018-05-10_17-35-31.925473768,1525966531.927986823,,2018-05-10_17-35-31.939636469,1525966531.942146128,0.72,0.27,0.13,76205126,175195137946,,,,15827,106,11278,30421334,1764,0,30,769,0,0,7707080,7102272,7054588,2108,216056
2018-05-10_17-35-31.980359419,1525966531.982886456,,2018-05-10_17-35-31.994647344,1525966531.997167110,0.72,0.27,0.13,76205186,175195138020,,,,15829,106,11282,30421349,1764,0,30,769,0,0,7707080,7101408,7053528,2108,216056
2018-05-10_17-35-32.035063865,1525966532.037596918,,2018-05-10_17-35-32.049175604,1525966532.051672422,0.72,0.27,0.13,76205246,175195138094,,,,15830,106,11286,30421365,1764,0,30,769,0,0,7707080,7101812,7053892,2108,216056
2018-05-10_17-35-32.089585903,1525966532.092109395,,2018-05-10_17-35-32.103556185,1525966532.106036406,0.72,0.27,0.13,76205306,175195138168,,,,15832,106,11290,30421381,1764,0,30,769,0,0,7707080,7101568,7053688,2108,216056
2018-05-10_17-35-32.143897438,1525966532.146367541,,2018-05-10_17-35-32.158008823,1525966532.160481606,0.72,0.27,0.13,76205366,175195138242,,,,15834,106,11295,30421396,1764,0,30,769,0,0,7707080,7102120,7054140,2108,216056
2018-05-10_17-35-32.198450670,1525966532.200990601,,2018-05-10_17-35-32.212494763,1525966532.214989994,0.72,0.27,0.13,76205426,175195138316,,,,15836,106,11299,30421412,1764,0,30,769,0,0,7707080,7101444,7053564,2108,216056
2018-05-10_17-35-32.252797719,1525966532.255354343,,2018-05-10_17-35-32.266973284,1525966532.269467083,0.72,0.27,0.13,76205486,175195138390,,,,15837,106,11304,30421427,1764,0,30,769,0,0,7707080,7101040,7053012,2108,216056
2018-05-10_17-35-32.307453974,1525966532.310015693,,2018-05-10_17-35-32.321458760,1525966532.323986948,0.72,0.27,0.13,76205546,175195138464,,,,15839,106,11309,30421443,1764,0,30,769,0,0,7707080,7100952,7053268,2108,216056
2018-05-10_17-35-32.362053269,1525966532.364530367,,2018-05-10_17-35-32.376014412,1525966532.378521660,0.72,0.27,0.13,76205606,175195138538,,,,15841,106,11313,30421459,1764,0,30,769,0,0,7707080,7101140,7053000,2108,216060
2018-05-10_17-35-32.416139713,1525966532.418659057,,2018-05-10_17-35-32.429869449,1525966532.432402685,0.72,0.27,0.13,76205666,175195138612,,,,15842,106,11318,30421475,1764,0,30,769,0,0,7707080,7101388,7053512,2108,216060
2018-05-10_17-35-32.472757322,1525966532.475273058,,2018-05-10_17-35-32.486911509,1525966532.489397367,0.72,0.27,0.13,76205726,175195138686,,,,15843,106,11322,30421490,1764,0,30,769,0,0,7707080,7101808,7053660,2108,216060
2018-05-10_17-35-32.527257262,1525966532.529785160,,2018-05-10_17-35-32.541227093,1525966532.543734556,0.72,0.27,0.13,76205786,175195138760,,,,15845,106,11326,30421506,1764,0,30,769,0,0,7707080,7101728,7054048,2108,216060
2018-05-10_17-35-32.581481600,1525966532.584020546,,2018-05-10_17-35-32.595478895,1525966532.598015664,0.72,0.27,0.13,76205846,175195138834,,,,15846,106,11332,30421522,1764,0,30,769,0,0,7707080,7101472,7053792,2108,216060
2018-05-10_17-35-32.635599220,1525966532.638120579,,2018-05-10_17-35-32.649551271,1525966532.652092652,0.72,0.27,0.13,76205906,175195138908,,,,15847,106,11336,30421537,1764,0,30,769,0,0,7707080,7102048,7054172,2108,216060
2018-05-10_17-35-32.689674555,1525966532.692189352,,2018-05-10_17-35-32.703621562,1525966532.706164707,0.72,0.27,0.13,76205966,175195138982,,,,15849,106,11340,30421553,1764,0,30,769,0,0,7707080,7101480,7053348,2108,216060
2018-05-10_17-35-32.744349108,1525966532.746867529,,2018-05-10_17-35-32.758431313,1525966532.760973613,0.72,0.27,0.13,76206026,175195139056,,,,15850,106,11345,30421568,1764,0,31,769,0,0,7707080,7101128,7053252,2108,216060
2018-05-10_17-35-32.798945753,1525966532.801451790,,2018-05-10_17-35-32.812998208,1525966532.815511614,0.72,0.27,0.13,76206086,175195139130,,,,15852,106,11350,30421584,1764,0,31,769,0,0,7707080,7100996,7053120,2108,216060
2018-05-10_17-35-32.853735468,1525966532.856266943,,2018-05-10_17-35-32.867834688,1525966532.870350905,0.72,0.27,0.13,76206146,175195139204,,,,15854,106,11354,30421600,1764,0,31,769,0,0,7707080,7101264,7053388,2108,216060
2018-05-10_17-35-32.908693475,1525966532.911235105,,2018-05-10_17-35-32.922841358,1525966532.925331418,0.72,0.27,0.13,76206206,175195139278,,,,15855,106,11359,30421616,1764,0,31,769,0,0,7707080,7101540,7053468,2108,216060
2018-05-10_17-35-32.963144339,1525966532.965627474,,2018-05-10_17-35-32.977063661,1525966532.979529458,0.72,0.27,0.13,76206266,175195139352,,,,15857,106,11363,30421631,1764,0,31,769,0,0,7707080,7101940,7053816,2108,216060
2018-05-10_17-35-33.017154297,1525966533.019646562,,2018-05-10_17-35-33.030911812,1525966533.033368927,0.72,0.27,0.13,76206326,175195139426,,,,15859,106,11367,30421647,1764,0,31,769,0,0,7707080,7102064,7054188,2108,216060
2018-05-10_17-35-33.071314727,1525966533.073799155,,2018-05-10_17-35-33.085205104,1525966533.087758869,0.72,0.27,0.13,76206386,175195139500,,,,15860,106,11371,30421662,1764,0,31,769,0,0,7707080,7101748,7053872,2108,216060
2018-05-10_17-35-33.125416867,1525966533.127918600,,2018-05-10_17-35-33.139422796,1525966533.141934086,0.72,0.27,0.13,76206446,175195139574,,,,15862,106,11376,30421678,1764,0,31,769,0,0,7707080,7102064,7054188,2108,216060
2018-05-10_17-35-33.183281080,1525966533.185803388,,2018-05-10_17-35-33.197371908,1525966533.199893393,0.72,0.27,0.13,76206506,175195139648,,,,15863,106,11381,30421695,1764,0,31,770,0,0,7707080,7101296,7054068,2108,216060
2018-05-10_17-35-33.237609266,1525966533.240139228,,2018-05-10_17-35-33.251494544,1525966533.254014946,0.72,0.27,0.13,76206566,175195139722,,,,15864,106,11386,30421710,1764,0,31,770,0,0,7707080,7101924,7053816,2108,216060
2018-05-10_17-35-33.292077056,1525966533.294559961,,2018-05-10_17-35-33.306142761,1525966533.308675390,0.72,0.27,0.13,76206626,175195139796,,,,15866,106,11391,30421726,1764,0,31,770,0,0,7707080,7101676,7053504,2108,216060
2018-05-10_17-35-33.346873741,1525966533.349330092,,2018-05-10_17-35-33.360748952,1525966533.363243444,0.72,0.27,0.13,76206686,175195139870,,,,15867,106,11395,30421742,1764,0,31,770,0,0,7707080,7101620,7053444,2108,216064
2018-05-10_17-35-33.401353029,1525966533.403880920,,2018-05-10_17-35-33.415469003,1525966533.418006045,0.72,0.27,0.13,76206746,175195139944,,,,15868,106,11400,30421757,1764,0,31,770,0,0,7707080,7101056,7053132,2108,216064
2018-05-10_17-35-33.455918387,1525966533.458399295,,2018-05-10_17-35-33.469761328,1525966533.472280793,0.72,0.27,0.13,76206806,175195140018,,,,15870,106,11404,30421773,1764,0,31,770,0,0,7707080,7101696,7053376,2108,216064
2018-05-10_17-35-33.510226279,1525966533.512745747,,2018-05-10_17-35-33.524242304,1525966533.526766967,0.72,0.27,0.13,76206866,175195140092,,,,15871,106,11409,30421789,1764,0,31,770,0,0,7707080,7101344,7053668,2108,216064
2018-05-10_17-35-33.564752324,1525966533.567271530,,2018-05-10_17-35-33.578746642,1525966533.581260235,0.72,0.27,0.13,76206926,175195140166,,,,15873,106,11414,30421804,1764,0,31,770,0,0,7707080,7101628,7053756,2108,216064
2018-05-10_17-35-33.619329999,1525966533.621882291,,2018-05-10_17-35-33.633438022,1525966533.635989542,0.72,0.27,0.13,76206986,175195140240,,,,15874,106,11419,30421820,1764,0,31,770,0,0,7707080,7100772,7052900,2108,216064
2018-05-10_17-35-33.674167000,1525966533.676739049,,2018-05-10_17-35-33.688333783,1525966533.690863231,0.72,0.27,0.13,76207046,175195140314,,,,15875,106,11423,30421836,1764,0,31,770,0,0,7707080,7101084,7053212,2108,216064
2018-05-10_17-35-33.729017605,1525966533.731509867,,2018-05-10_17-35-33.743113208,1525966533.745622575,0.72,0.27,0.13,76207106,175195140388,,,,15876,106,11428,30421851,1764,0,31,770,0,0,7707080,7101088,7053216,2108,216064
2018-05-10_17-35-33.783593799,1525966533.786137978,,2018-05-10_17-35-33.797782294,1525966533.800318998,0.72,0.27,0.13,76207166,175195140462,,,,15878,106,11432,30421867,1764,0,31,770,0,0,7707080,7101448,7053080,2108,216064
2018-05-10_17-35-33.838604607,1525966533.841143685,,2018-05-10_17-35-33.852659278,1525966533.855204423,0.72,0.27,0.13,76207226,175195140536,,,,15879,106,11436,30421883,1764,0,31,770,0,0,7707080,7101712,7053420,2108,216064
2018-05-10_17-35-33.893326002,1525966533.895845132,,2018-05-10_17-35-33.907340542,1525966533.909887963,0.75,0.28,0.13,76207286,175195140610,,,,15880,106,11442,30421898,1764,0,31,770,0,0,7707080,7100768,7053288,2108,216064
2018-05-10_17-35-33.947579195,1525966533.950095314,,2018-05-10_17-35-33.961465859,1525966533.963980942,0.75,0.28,0.13,76207346,175195140684,,,,15881,106,11446,30421914,1764,0,31,770,0,0,7707080,7101140,7053012,2108,216064
2018-05-10_17-35-34.002061463,1525966534.004566800,,2018-05-10_17-35-34.016097374,1525966534.018588229,0.75,0.28,0.13,76207406,175195140758,,,,15883,106,11451,30421930,1764,0,31,770,0,0,7707080,7100892,7053216,2108,216064
2018-05-10_17-35-34.056489478,1525966534.059011090,,2018-05-10_17-35-34.070516766,1525966534.073033823,0.75,0.28,0.13,76207466,175195140832,,,,15884,106,11455,30421945,1764,0,31,770,0,0,7707080,7101004,7053132,2108,216064
2018-05-10_17-35-34.110971832,1525966534.113486187,,2018-05-10_17-35-34.124891019,1525966534.127356068,0.75,0.28,0.13,76207526,175195140906,,,,15886,106,11460,30421961,1764,0,31,770,0,0,7707080,7100928,7053056,2108,216064
2018-05-10_17-35-34.165332602,1525966534.167861705,,2018-05-10_17-35-34.179506146,1525966534.182079587,0.75,0.28,0.13,76207586,175195140980,,,,15888,106,11464,30421976,1764,0,31,770,0,0,7707080,7101608,7053736,2108,216064
2018-05-10_17-35-34.220175227,1525966534.222691854,,2018-05-10_17-35-34.234295095,1525966534.236818163,0.75,0.28,0.13,76207646,175195141054,,,,15890,106,11468,30421992,1764,0,31,770,0,0,7707080,7101864,7053744,2108,216064
2018-05-10_17-35-34.274796485,1525966534.277305589,,2018-05-10_17-35-34.288702940,1525966534.291248072,0.75,0.28,0.13,76207706,175195141128,,,,15891,106,11473,30422008,1764,0,31,770,0,0,7707080,7101868,7053888,2108,216064
2018-05-10_17-35-34.329687027,1525966534.332228839,,2018-05-10_17-35-34.343883975,1525966534.346375053,0.75,0.28,0.13,76207766,175195141202,,,,15892,106,11478,30422024,1764,0,31,770,0,0,7707080,7101600,7053928,2108,216068
2018-05-10_17-35-34.384630754,1525966534.387165903,,2018-05-10_17-35-34.398578491,1525966534.401109069,0.75,0.28,0.13,76207826,175195141276,,,,15893,106,11482,30422039,1764,0,31,770,0,0,7707080,7101020,7053216,2108,216068
2018-05-10_17-35-34.439179188,1525966534.441658799,,2018-05-10_17-35-34.453099377,1525966534.455592868,0.75,0.28,0.13,76207886,175195141350,,,,15894,106,11487,30422055,1764,0,31,770,0,0,7707080,7101940,7053780,2108,216068
2018-05-10_17-35-34.493436659,1525966534.495961774,,2018-05-10_17-35-34.507279920,1525966534.509763567,0.75,0.28,0.13,76207946,175195141424,,,,15895,106,11491,30422070,1764,0,31,770,0,0,7707080,7101300,7053632,2108,216068
2018-05-10_17-35-34.547681938,1525966534.550225535,,2018-05-10_17-35-34.561970369,1525966534.564490917,0.75,0.28,0.13,76208006,175195141498,,,,15896,106,11496,30422086,1764,0,31,770,0,0,7707080,7101344,7053312,2108,216068
2018-05-10_17-35-34.602832564,1525966534.605315779,,2018-05-10_17-35-34.616754748,1525966534.619247788,0.75,0.28,0.13,76208066,175195141572,,,,15898,106,11501,30422102,1764,0,31,770,0,0,7707080,7101240,7053372,2108,216068
2018-05-10_17-35-34.656932008,1525966534.659413267,,2018-05-10_17-35-34.670927384,1525966534.673439812,0.75,0.28,0.13,76208126,175195141646,,,,15899,106,11505,30422117,1764,0,31,770,0,0,7707080,7101032,7053008,2108,216068
2018-05-10_17-35-34.711469603,1525966534.713977377,,2018-05-10_17-35-34.725262377,1525966534.727787023,0.75,0.28,0.13,76208186,175195141720,,,,15901,106,11509,30422133,1764,0,31,770,0,0,7707080,7100860,7052992,2108,216068
2018-05-10_17-35-34.765451768,1525966534.767975403,,2018-05-10_17-35-34.779349797,1525966534.781877944,0.75,0.28,0.13,76208246,175195141794,,,,15902,106,11514,30422148,1764,0,31,770,0,0,7707080,7101072,7053204,2108,216068
2018-05-10_17-35-34.819609481,1525966534.822119937,,2018-05-10_17-35-34.833492861,1525966534.836004761,0.75,0.28,0.13,76208306,175195141868,,,,15904,106,11518,30422164,1764,0,31,770,0,0,7707080,7101044,7053176,2108,216068
2018-05-10_17-35-34.873979954,1525966534.876477039,,2018-05-10_17-35-34.887833947,1525966534.890343658,0.75,0.28,0.13,76208366,175195141942,,,,15906,106,11522,30422179,1764,0,31,770,0,0,7707080,7100620,7052752,2108,216068
2018-05-10_17-35-34.928223965,1525966534.930746488,,2018-05-10_17-35-34.942050606,1525966534.944527394,0.75,0.28,0.13,76208426,175195142016,,,,15907,106,11527,30422195,1764,0,31,770,0,0,7707080,7100628,7052760,2108,216068
2018-05-10_17-35-34.982243831,1525966534.984745925,,2018-05-10_17-35-34.996178238,1525966534.998638188,0.75,0.28,0.13,76208486,175195142090,,,,15909,106,11531,30422210,1764,0,31,770,0,0,7707080,7101168,7053300,2108,216068
2018-05-10_17-35-35.036480843,1525966535.038982905,,2018-05-10_17-35-35.050289668,1525966535.052805661,0.75,0.28,0.13,76208546,175195142164,,,,15910,106,11535,30422226,1764,0,31,770,0,0,7707080,7100904,7053036,2108,216068
2018-05-10_17-35-35.090805144,1525966535.093309932,,2018-05-10_17-35-35.104658922,1525966535.107195112,0.75,0.28,0.13,76208606,175195142238,,,,15912,106,11540,30422241,1764,0,31,770,0,0,7707080,7100792,7052924,2108,216068
2018-05-10_17-35-35.145189865,1525966535.147661057,,2018-05-10_17-35-35.159056674,1525966535.161524471,0.75,0.28,0.13,76208666,175195142312,,,,15913,106,11544,30422257,1764,0,31,770,0,0,7707080,7101280,7053412,2108,216068
2018-05-10_17-35-35.199481074,1525966535.201970282,,2018-05-10_17-35-35.213331451,1525966535.215881899,0.75,0.28,0.13,76208726,175195142386,,,,15914,106,11549,30422272,1764,0,31,770,0,0,7707080,7101628,7053564,2108,216068
2018-05-10_17-35-35.254308060,1525966535.256834117,,2018-05-10_17-35-35.268365585,1525966535.270896903,0.75,0.28,0.13,76208786,175195142460,,,,15916,106,11554,30422288,1764,0,31,770,0,0,7707080,7101124,7053256,2108,216068
2018-05-10_17-35-35.308548769,1525966535.311108756,,2018-05-10_17-35-35.322542103,1525966535.325075696,0.75,0.28,0.13,76208846,175195142534,,,,15917,106,11559,30422304,1764,0,31,770,0,0,7707080,7101448,7053580,2108,216068
2018-05-10_17-35-35.363329928,1525966535.365858837,,2018-05-10_17-35-35.377413942,1525966535.379974534,0.75,0.28,0.13,76208906,175195142608,,,,15918,106,11564,30422319,1764,0,31,770,0,0,7707080,7101680,7053816,2108,216072
2018-05-10_17-35-35.417713652,1525966535.420238792,,2018-05-10_17-35-35.431819773,1525966535.434318678,0.75,0.28,0.13,76208966,175195142682,,,,15921,106,11568,30422335,1764,0,31,770,0,0,7707080,7101652,7053788,2108,216072
2018-05-10_17-35-35.472265438,1525966535.474753360,,2018-05-10_17-35-35.486135569,1525966535.488602696,0.75,0.28,0.13,76209026,175195142756,,,,15922,106,11572,30422351,1764,0,31,770,0,0,7707080,7100728,7053020,2108,216072
2018-05-10_17-35-35.526688527,1525966535.529231173,,2018-05-10_17-35-35.540627363,1525966535.543148532,0.75,0.28,0.13,76209086,175195142830,,,,15923,106,11577,30422366,1764,0,31,770,0,0,7707080,7101916,7053820,2108,216072
2018-05-10_17-35-35.581465988,1525966535.584007376,,2018-05-10_17-35-35.595444101,1525966535.597962333,0.75,0.28,0.13,76209146,175195142904,,,,15925,106,11581,30422382,1764,0,31,770,0,0,7707080,7101624,7053760,2108,216072
2018-05-10_17-35-35.636258662,1525966535.638769033,,2018-05-10_17-35-35.650318647,1525966535.652839376,0.75,0.28,0.13,76209206,175195142978,,,,15926,106,11586,30422398,1764,0,31,770,0,0,7707080,7101812,7054096,2108,216072
2018-05-10_17-35-35.690818545,1525966535.693301685,,2018-05-10_17-35-35.704665064,1525966535.707164481,0.75,0.28,0.13,76209266,175195143052,,,,15928,106,11591,30422413,1764,0,31,770,0,0,7707080,7101288,7053276,2108,216072
2018-05-10_17-35-35.744941542,1525966535.747427836,,2018-05-10_17-35-35.758991176,1525966535.761525684,0.75,0.28,0.13,76209326,175195143126,,,,15929,106,11595,30422429,1764,0,31,770,0,0,7707080,7100916,7053052,2108,216072
2018-05-10_17-35-35.799496055,1525966535.802036694,,2018-05-10_17-35-35.813658279,1525966535.816171095,0.75,0.28,0.13,76209386,175195143200,,,,15930,106,11600,30422445,1764,0,31,770,0,0,7707080,7101208,7053344,2108,216072
2018-05-10_17-35-35.853896169,1525966535.856426640,,2018-05-10_17-35-35.867823642,1525966535.870311868,0.75,0.28,0.13,76209446,175195143274,,,,15932,106,11604,30422460,1764,0,31,770,0,0,7707080,7101456,7053592,2108,216072
2018-05-10_17-35-35.908378562,1525966535.910908671,,2018-05-10_17-35-35.922546912,1525966535.925062580,0.75,0.28,0.13,76209506,175195143348,,,,15933,106,11609,30422476,1764,0,31,770,0,0,7707080,7101032,7053168,2108,216072
2018-05-10_17-35-35.962697791,1525966535.965263181,,2018-05-10_17-35-35.976765698,1525966535.979281573,0.75,0.28,0.13,76209566,175195143422,,,,15934,106,11614,30422491,1764,0,31,770,0,0,7707080,7100504,7052640,2108,216072
2018-05-10_17-35-36.017273491,1525966536.019781327,,2018-05-10_17-35-36.031256755,1525966536.033771762,0.75,0.28,0.13,76209626,175195143496,,,,15935,106,11619,30422507,1764,0,31,770,0,0,7707080,7100236,7052372,2108,216072
2018-05-10_17-35-36.071476332,1525966536.073973600,,2018-05-10_17-35-36.085414283,1525966536.087964569,0.75,0.28,0.13,76209686,175195143570,,,,15936,106,11624,30422522,1764,0,31,770,0,0,7707080,7100808,7052648,2108,216072
2018-05-10_17-35-36.125605758,1525966536.128130859,,2018-05-10_17-35-36.139542947,1525966536.142053432,0.75,0.28,0.13,76209746,175195143644,,,,15937,106,11628,30422538,1764,0,31,770,0,0,7707080,7100336,7052472,2108,216072
2018-05-10_17-35-36.183901210,1525966536.186392655,,2018-05-10_17-35-36.197981402,1525966536.200468099,0.75,0.28,0.13,76209806,175195143718,,,,15939,106,11633,30422555,1764,0,31,770,0,0,7707080,7100608,7052744,2108,216072
2018-05-10_17-35-36.240252314,1525966536.242777390,,2018-05-10_17-35-36.254362177,1525966536.256918171,0.75,0.28,0.13,76209866,175195143792,,,,15940,106,11638,30422571,1764,0,31,770,0,0,7707080,7101416,7053552,2108,216072
2018-05-10_17-35-36.294981695,1525966536.297488694,,2018-05-10_17-35-36.308975937,1525966536.311494145,0.75,0.28,0.13,76209926,175195143866,,,,15941,106,11643,30422587,1764,0,31,770,0,0,7707080,7101216,7053464,2108,216072
2018-05-10_17-35-36.349699473,1525966536.352253572,,2018-05-10_17-35-36.363900856,1525966536.366398346,0.75,0.28,0.13,76209986,175195143940,,,,15943,106,11647,30422602,1764,0,31,770,0,0,7707080,7101336,7053476,2108,216076
2018-05-10_17-35-36.404317746,1525966536.406824113,,2018-05-10_17-35-36.418296938,1525966536.420804544,0.75,0.28,0.13,76210046,175195144014,,,,15944,106,11652,30422618,1764,0,31,770,0,0,7707080,7101596,7053736,2108,216076
2018-05-10_17-35-36.458968306,1525966536.461469142,,2018-05-10_17-35-36.473007566,1525966536.475504474,0.75,0.28,0.13,76210106,175195144088,,,,15946,106,11656,30422634,1764,0,31,770,0,0,7707080,7101988,7054128,2108,216076
2018-05-10_17-35-36.513497496,1525966536.516098806,,2018-05-10_17-35-36.527694757,1525966536.530240189,0.75,0.28,0.13,76210166,175195144162,,,,15947,106,11661,30422649,1764,0,31,770,0,0,7707080,7101372,7053512,2108,216076
2018-05-10_17-35-36.568319699,1525966536.570863098,,2018-05-10_17-35-36.582354335,1525966536.584889702,0.75,0.28,0.13,76210226,175195144236,,,,15949,106,11666,30422665,1764,0,31,770,0,0,7707080,7101452,7053592,2108,216076
2018-05-10_17-35-36.623085834,1525966536.625616970,,2018-05-10_17-35-36.637180823,1525966536.639691265,0.75,0.28,0.13,76210286,175195144310,,,,15950,106,11670,30422681,1764,0,31,770,0,0,7707080,7101016,7053452,2108,216076
2018-05-10_17-35-36.678167137,1525966536.680671551,,2018-05-10_17-35-36.692125073,1525966536.694654660,0.75,0.28,0.13,76210346,175195144384,,,,15952,106,11675,30422696,1764,0,31,770,0,0,7707080,7101240,7053224,2108,216076
2018-05-10_17-35-36.732440822,1525966536.734962308,,2018-05-10_17-35-36.746489636,1525966536.749003812,0.75,0.28,0.13,76210406,175195144458,,,,15953,106,11680,30422712,1764,0,31,770,0,0,7707080,7101316,7053456,2108,216076
2018-05-10_17-35-36.786907244,1525966536.789364359,,2018-05-10_17-35-36.800906207,1525966536.803359781,0.75,0.28,0.13,76210466,175195144532,,,,15954,106,11685,30422728,1764,0,31,770,0,0,7707080,7101444,7053584,2108,216076
2018-05-10_17-35-36.841117504,1525966536.843619079,,2018-05-10_17-35-36.854953020,1525966536.857424345,0.75,0.28,0.13,76210526,175195144606,,,,15955,106,11689,30422743,1764,0,31,770,0,0,7707080,7101360,7053236,2108,216076
2018-05-10_17-35-36.895398138,1525966536.897938890,,2018-05-10_17-35-36.909350765,1525966536.911860471,0.75,0.28,0.13,76210586,175195144680,,,,15957,106,11694,30422759,1764,0,31,770,0,0,7707080,7101380,7053520,2108,216076
2018-05-10_17-35-36.949944795,1525966536.952471500,,2018-05-10_17-35-36.964114267,1525966536.966589716,0.75,0.28,0.13,76210646,175195144754,,,,15958,106,11699,30422775,1764,0,31,770,0,0,7707080,7101468,7053608,2108,216076
2018-05-10_17-35-37.004617902,1525966537.007160926,,2018-05-10_17-35-37.018921313,1525966537.021408035,0.75,0.28,0.13,76210706,175195144828,,,,15959,106,11704,30422790,1764,0,31,770,0,0,7707080,7101772,7053912,2108,216076
2018-05-10_17-35-37.059575243,1525966537.062141988,,2018-05-10_17-35-37.073815891,1525966537.076343264,0.75,0.28,0.13,76210766,175195144902,,,,15961,106,11708,30422806,1764,0,31,770,0,0,7707080,7101876,7054016,2108,216076
2018-05-10_17-35-37.114636104,1525966537.117214966,,2018-05-10_17-35-37.128876361,1525966537.131390353,0.75,0.28,0.13,76210826,175195144976,,,,15963,106,11712,30422822,1764,0,31,770,0,0,7707080,7101540,7053680,2108,216076
2018-05-10_17-35-37.169457722,1525966537.172017983,,2018-05-10_17-35-37.183785348,1525966537.186312321,0.75,0.28,0.13,76210886,175195145050,,,,15965,106,11717,30422838,1764,0,31,770,0,0,7707080,7101028,7052764,2108,216076
2018-05-10_17-35-37.224349411,1525966537.226887459,,2018-05-10_17-35-37.238367648,1525966537.240912337,0.75,0.28,0.13,76210946,175195145124,,,,15966,106,11721,30422853,1764,0,31,770,0,0,7707080,7101188,7053328,2108,216076
2018-05-10_17-35-37.278706747,1525966537.281222253,,2018-05-10_17-35-37.292738519,1525966537.295237964,0.75,0.28,0.13,76211006,175195145198,,,,15968,106,11725,30422869,1764,0,31,770,0,0,7707080,7101064,7052940,2108,216076
2018-05-10_17-35-37.333234979,1525966537.335768636,,2018-05-10_17-35-37.347234676,1525966537.349760038,0.75,0.28,0.13,76211066,175195145272,,,,15969,106,11730,30422885,1764,0,31,770,0,0,7707080,7101172,7053192,2108,216080
2018-05-10_17-35-37.387808115,1525966537.390289965,,2018-05-10_17-35-37.401614917,1525966537.404171168,0.75,0.28,0.13,76211126,175195145346,,,,15971,106,11734,30422900,1764,0,31,770,0,0,7707080,7100892,7052748,2108,216080
2018-05-10_17-35-37.442134238,1525966537.444644088,,2018-05-10_17-35-37.456008538,1525966537.458474809,0.75,0.28,0.13,76211186,175195145420,,,,15972,106,11739,30422916,1764,0,31,770,0,0,7707080,7100396,7052540,2108,216080
2018-05-10_17-35-37.496502459,1525966537.499022372,,2018-05-10_17-35-37.510416036,1525966537.512963840,0.75,0.28,0.13,76211246,175195145494,,,,15973,106,11744,30422931,1764,0,31,770,0,0,7707080,7100816,7052960,2108,216080
2018-05-10_17-35-37.550953753,1525966537.553433559,,2018-05-10_17-35-37.564790914,1525966537.567277261,0.75,0.28,0.13,76211306,175195145568,,,,15974,106,11748,30422947,1764,0,31,770,0,0,7707080,7100368,7052512,2108,216080
2018-05-10_17-35-37.605253265,1525966537.607754520,,2018-05-10_17-35-37.619051952,1525966537.621535725,0.75,0.28,0.13,76211366,175195145642,,,,15976,106,11752,30422962,1764,0,31,770,0,0,7707080,7100520,7052664,2108,216080
2018-05-10_17-35-37.659366238,1525966537.661859352,,2018-05-10_17-35-37.673209446,1525966537.675693410,0.75,0.28,0.13,76211426,175195145716,,,,15978,106,11756,30422978,1764,0,31,770,0,0,7707080,7100564,7052708,2108,216080
2018-05-10_17-35-37.713688628,1525966537.716212660,,2018-05-10_17-35-37.727552151,1525966537.730064053,0.75,0.28,0.13,76211486,175195145790,,,,15979,106,11761,30422993,1764,0,31,770,0,0,7707080,7100660,7052804,2108,216080
2018-05-10_17-35-37.767885735,1525966537.770353816,,2018-05-10_17-35-37.781670292,1525966537.784202261,0.75,0.28,0.13,76211546,175195145864,,,,15981,106,11765,30423009,1764,0,31,770,0,0,7707080,7100656,7052800,2108,216080
2018-05-10_17-35-37.821921244,1525966537.824410452,,2018-05-10_17-35-37.835715529,1525966537.838228285,0.75,0.28,0.13,76211606,175195145938,,,,15981,106,11771,30423024,1764,0,31,770,0,0,7707080,7100756,7052900,2108,216080
2018-05-10_17-35-37.876101669,1525966537.878643840,,2018-05-10_17-35-37.889932708,1525966537.892406115,0.75,0.28,0.13,76211666,175195146012,,,,15983,106,11775,30423040,1764,0,31,770,0,0,7707080,7100868,7053012,2108,216080
2018-05-10_17-35-37.930272042,1525966537.932772148,,2018-05-10_17-35-37.944028412,1525966537.946494299,0.75,0.28,0.13,76211726,175195146086,,,,15984,106,11780,30423055,1764,0,31,770,0,0,7707080,7100612,7052756,2108,216080
2018-05-10_17-35-37.984265706,1525966537.986755096,,2018-05-10_17-35-37.997915942,1525966538.000392489,0.75,0.28,0.13,76211786,175195146160,,,,15985,106,11785,30423071,1764,0,31,770,0,0,7707080,7100560,7052704,2108,216080
2018-05-10_17-35-38.038093851,1525966538.040544471,,2018-05-10_17-35-38.051825783,1525966538.054290946,0.75,0.28,0.13,76211846,175195146234,,,,15987,106,11789,30423086,1764,0,31,770,0,0,7707080,7100752,7053044,2108,216080
2018-05-10_17-35-38.092201588,1525966538.094697001,,2018-05-10_17-35-38.105928606,1525966538.108398519,0.75,0.28,0.13,76211906,175195146308,,,,15988,106,11793,30423101,1764,0,31,770,0,0,7707080,7100520,7052860,2108,216080
2018-05-10_17-35-38.146168831,1525966538.148644823,,2018-05-10_17-35-38.159893388,1525966538.162393692,0.75,0.28,0.13,76211966,175195146382,,,,15989,106,11797,30423117,1764,0,31,770,0,0,7707080,7100612,7052756,2108,216080
2018-05-10_17-35-38.200142009,1525966538.202638918,,2018-05-10_17-35-38.213834850,1525966538.216313399,0.75,0.28,0.13,76212026,175195146456,,,,15990,106,11802,30423132,1764,0,31,770,0,0,7707080,7100648,7052792,2108,216080
2018-05-10_17-35-38.254073733,1525966538.256639252,,2018-05-10_17-35-38.268148078,1525966538.270637593,0.75,0.28,0.13,76212086,175195146530,,,,15992,106,11806,30423148,1764,0,31,770,0,0,7707080,7100456,7052600,2108,216080
2018-05-10_17-35-38.308634886,1525966538.311161714,,2018-05-10_17-35-38.322524337,1525966538.325022047,0.75,0.28,0.13,76212146,175195146604,,,,15993,106,11811,30423163,1764,0,31,770,0,0,7707080,7100424,7052568,2108,216080
2018-05-10_17-35-38.362746403,1525966538.365306776,,2018-05-10_17-35-38.376906297,1525966538.379400973,0.75,0.28,0.13,76212206,175195146678,,,,15995,106,11815,30423179,1764,0,31,770,0,0,7707080,7100976,7053124,2108,216084
2018-05-10_17-35-38.417301313,1525966538.419867346,,2018-05-10_17-35-38.431323328,1525966538.433888008,0.75,0.28,0.13,76212266,175195146752,,,,15997,106,11819,30423194,1764,0,31,770,0,0,7707080,7101084,7053232,2108,216084
2018-05-10_17-35-38.471805449,1525966538.474283445,,2018-05-10_17-35-38.485957348,1525966538.488467019,0.75,0.28,0.13,76212326,175195146826,,,,15998,106,11824,30423210,1764,0,31,770,0,0,7707080,7101084,7053624,2108,216084
2018-05-10_17-35-38.526498328,1525966538.529009165,,2018-05-10_17-35-38.540566411,1525966538.543107486,0.75,0.28,0.13,76212386,175195146900,,,,16000,106,11828,30423226,1764,0,31,770,0,0,7707080,7101140,7053092,2108,216084
2018-05-10_17-35-38.581241220,1525966538.583787329,,2018-05-10_17-35-38.595291152,1525966538.597865570,0.75,0.28,0.13,76212446,175195146974,,,,16001,106,11833,30423241,1764,0,31,770,0,0,7707080,7101176,7053524,2108,216084
2018-05-10_17-35-38.635690935,1525966538.638180803,,2018-05-10_17-35-38.649748513,1525966538.652283026,0.75,0.28,0.13,76212506,175195147048,,,,16002,106,11838,30423257,1764,0,31,770,0,0,7707080,7101624,7053424,2108,216084
2018-05-10_17-35-38.690190350,1525966538.692689550,,2018-05-10_17-35-38.704230917,1525966538.706745570,0.75,0.28,0.13,76212566,175195147122,,,,16003,106,11842,30423273,1764,0,31,770,0,0,7707080,7100644,7052792,2108,216084
2018-05-10_17-35-38.744496041,1525966538.747017147,,2018-05-10_17-35-38.758505743,1525966538.761011717,0.75,0.28,0.13,76212626,175195147196,,,,16005,106,11847,30423288,1764,0,31,770,0,0,7707080,7101600,7053484,2108,216084
2018-05-10_17-35-38.798642203,1525966538.801228697,,2018-05-10_17-35-38.812503127,1525966538.814991234,0.75,0.28,0.13,76212686,175195147270,,,,16006,106,11851,30423304,1764,0,31,770,0,0,7707080,7100724,7053068,2108,216084
2018-05-10_17-35-38.854766893,1525966538.857288746,,2018-05-10_17-35-38.869209020,1525966538.871716497,0.75,0.28,0.13,76212746,175195147344,,,,16008,106,11856,30423320,1764,0,31,770,0,0,7707080,7101288,7053632,2108,216084
2018-05-10_17-35-38.909885221,1525966538.912376852,,2018-05-10_17-35-38.923943578,1525966538.926423641,0.69,0.28,0.13,76212806,175195147418,,,,16009,106,11861,30423336,1764,0,31,770,0,0,7707080,7101548,7053816,2108,216084
2018-05-10_17-35-38.964748256,1525966538.967267954,,2018-05-10_17-35-38.978867882,1525966538.981377603,0.69,0.28,0.13,76212866,175195147492,,,,16010,106,11865,30423352,1764,0,31,770,0,0,7707080,7101868,7053876,2108,216084
2018-05-10_17-35-39.019860973,1525966539.022362943,,2018-05-10_17-35-39.034017261,1525966539.036504057,0.69,0.28,0.13,76212926,175195147566,,,,16012,106,11870,30423367,1764,0,31,770,0,0,7707080,7101488,7053636,2108,216084
2018-05-10_17-35-39.074491489,1525966539.077012301,,2018-05-10_17-35-39.088542787,1525966539.091093724,0.69,0.28,0.13,76212986,175195147640,,,,16013,106,11874,30423383,1764,0,31,770,0,0,7707080,7100964,7052872,2108,216084
2018-05-10_17-35-39.129688474,1525966539.132254940,,2018-05-10_17-35-39.143919619,1525966539.146433774,0.69,0.28,0.13,76213046,175195147714,,,,16015,106,11879,30423399,1764,0,31,770,0,0,7707080,7101292,7053332,2108,216084
2018-05-10_17-35-39.184808562,1525966539.187281960,,2018-05-10_17-35-39.202557679,1525966539.205063719,0.69,0.28,0.13,76213106,175195147788,,,,16016,106,11884,30423416,1764,0,31,771,0,0,7707080,7101320,7053284,2108,216084
2018-05-10_17-35-39.242965427,1525966539.245446434,,2018-05-10_17-35-39.256930065,1525966539.259420562,0.69,0.28,0.13,76213166,175195147862,,,,16017,106,11888,30423432,1764,0,31,771,0,0,7707080,7100528,7052676,2108,216084
2018-05-10_17-35-39.297587060,1525966539.300101918,,2018-05-10_17-35-39.311586707,1525966539.314117988,0.69,0.28,0.13,76213226,175195147936,,,,16018,106,11893,30423447,1764,0,31,771,0,0,7707080,7101184,7053332,2108,216084
2018-05-10_17-35-39.352327923,1525966539.354837213,,2018-05-10_17-35-39.366384848,1525966539.368905994,0.69,0.28,0.13,76213286,175195148010,,,,16020,106,11898,30423463,1764,0,31,771,0,0,7707080,7100960,7052916,2108,216088
2018-05-10_17-35-39.406849074,1525966539.409362537,,2018-05-10_17-35-39.420819196,1525966539.423314290,0.69,0.28,0.13,76213346,175195148084,,,,16021,106,11902,30423479,1764,0,31,771,0,0,7707080,7100552,7052704,2108,216088
2018-05-10_17-35-39.460933247,1525966539.463405144,,2018-05-10_17-35-39.475142868,1525966539.477649330,0.69,0.28,0.13,76213406,175195148158,,,,16023,106,11907,30423494,1764,0,31,771,0,0,7707080,7101120,7053272,2108,216088
2018-05-10_17-35-39.515340101,1525966539.517843666,,2018-05-10_17-35-39.529340460,1525966539.531876684,0.69,0.28,0.13,76213466,175195148232,,,,16024,106,11912,30423510,1764,0,31,771,0,0,7707080,7101948,7054100,2108,216088
2018-05-10_17-35-39.569615147,1525966539.572135243,,2018-05-10_17-35-39.583762821,1525966539.586281005,0.69,0.28,0.13,76213526,175195148306,,,,16025,106,11916,30423525,1764,0,31,771,0,0,7707080,7102028,7053984,2108,216088
2018-05-10_17-35-39.624360060,1525966539.626896623,,2018-05-10_17-35-39.638549940,1525966539.641089728,0.69,0.28,0.13,76213586,175195148380,,,,16026,106,11921,30423541,1764,0,31,771,0,0,7707080,7100704,7052856,2108,216088
2018-05-10_17-35-39.678943061,1525966539.681457271,,2018-05-10_17-35-39.692950552,1525966539.695454317,0.69,0.28,0.13,76213646,175195148454,,,,16027,106,11926,30423557,1764,0,31,771,0,0,7707080,7101324,7053048,2108,216088
2018-05-10_17-35-39.733464254,1525966539.735971015,,2018-05-10_17-35-39.747510122,1525966539.750095228,0.69,0.28,0.13,76213706,175195148528,,,,16029,106,11930,30423573,1764,0,31,771,0,0,7707080,7101068,7052940,2108,216088
2018-05-10_17-35-39.788321110,1525966539.790844043,,2018-05-10_17-35-39.802283977,1525966539.804813410,0.69,0.28,0.13,76213766,175195148602,,,,16031,106,11935,30423588,1764,0,31,771,0,0,7707080,7101360,7053452,2108,216088
2018-05-10_17-35-39.843115080,1525966539.845614837,,2018-05-10_17-35-39.857194650,1525966539.859747502,0.69,0.28,0.13,76213826,175195148676,,,,16032,106,11940,30423604,1764,0,31,771,0,0,7707080,7101212,7053756,2108,216088
2018-05-10_17-35-39.897759471,1525966539.900263421,,2018-05-10_17-35-39.911816558,1525966539.914321011,0.69,0.28,0.13,76213886,175195148750,,,,16033,106,11944,30423620,1764,0,31,771,0,0,7707080,7101676,7053828,2108,216088
2018-05-10_17-35-39.952363955,1525966539.954911599,,2018-05-10_17-35-39.966485054,1525966539.968991921,0.69,0.28,0.13,76213946,175195148824,,,,16035,106,11948,30423635,1764,0,31,771,0,0,7707080,7101768,7053920,2108,216088
2018-05-10_17-35-40.007135187,1525966540.009686138,,2018-05-10_17-35-40.021222665,1525966540.023739386,0.69,0.28,0.13,76214006,175195148898,,,,16037,106,11953,30423651,1764,0,31,771,0,0,7707080,7101448,7053600,2108,216088
2018-05-10_17-35-40.061784777,1525966540.064303356,,2018-05-10_17-35-40.075920134,1525966540.078441499,0.69,0.28,0.13,76214066,175195148972,,,,16038,106,11958,30423667,1764,0,31,771,0,0,7707080,7101892,7053768,2108,216088
2018-05-10_17-35-40.116548189,1525966540.119084172,,2018-05-10_17-35-40.130555090,1525966540.133065207,0.69,0.28,0.13,76214126,175195149046,,,,16038,106,11963,30423682,1764,0,31,771,0,0,7707080,7101188,7053540,2108,216088
2018-05-10_17-35-40.171120999,1525966540.173639384,,2018-05-10_17-35-40.185272380,1525966540.187772600,0.69,0.28,0.13,76214186,175195149120,,,,16040,106,11967,30423698,1764,0,31,771,0,0,7707080,7101312,7053464,2108,216088
2018-05-10_17-35-40.225760807,1525966540.228280694,,2018-05-10_17-35-40.239815365,1525966540.242324228,0.69,0.28,0.13,76214246,175195149194,,,,16042,106,11972,30423714,1764,0,31,771,0,0,7707080,7101236,7053536,2108,216088
2018-05-10_17-35-40.280349308,1525966540.282924106,,2018-05-10_17-35-40.294457602,1525966540.296980522,0.69,0.28,0.13,76214306,175195149268,,,,16043,106,11977,30423729,1764,0,31,771,0,0,7707080,7101424,7053576,2108,216088
2018-05-10_17-35-40.335256050,1525966540.337797313,,2018-05-10_17-35-40.349295019,1525966540.351828278,0.69,0.28,0.13,76214366,175195149342,,,,16044,106,11981,30423745,1764,0,31,771,0,0,7707080,7101644,7053552,2108,216092
2018-05-10_17-35-40.389822109,1525966540.392366249,,2018-05-10_17-35-40.403827590,1525966540.406313121,0.69,0.28,0.13,76214426,175195149416,,,,16046,106,11985,30423761,1764,0,31,771,0,0,7707080,7101096,7053252,2108,216092
2018-05-10_17-35-40.444310066,1525966540.446847909,,2018-05-10_17-35-40.458225797,1525966540.460697102,0.69,0.28,0.13,76214486,175195149490,,,,16047,106,11990,30423776,1764,0,31,771,0,0,7707080,7100548,7052900,2108,216092
2018-05-10_17-35-40.498594378,1525966540.501161374,,2018-05-10_17-35-40.512681039,1525966540.515213381,0.69,0.28,0.13,76214546,175195149564,,,,16049,106,11994,30423792,1764,0,31,771,0,0,7707080,7101492,7053452,2108,216092
2018-05-10_17-35-40.553291763,1525966540.555833087,,2018-05-10_17-35-40.567369493,1525966540.569898015,0.69,0.28,0.13,76214606,175195149638,,,,16051,106,11998,30423808,1764,0,31,771,0,0,7707080,7101252,7053128,2108,216092
2018-05-10_17-35-40.608068063,1525966540.610584538,,2018-05-10_17-35-40.622160760,1525966540.624669371,0.69,0.28,0.13,76214666,175195149712,,,,16052,106,12002,30423823,1764,0,31,771,0,0,7707080,7101004,7053160,2108,216092
2018-05-10_17-35-40.662836534,1525966540.665324708,,2018-05-10_17-35-40.676822742,1525966540.679333617,0.69,0.28,0.13,76214726,175195149786,,,,16054,106,12006,30423839,1764,0,31,771,0,0,7707080,7100884,7052964,2108,216092
2018-05-10_17-35-40.717134496,1525966540.719612862,,2018-05-10_17-35-40.731003759,1525966540.733509684,0.69,0.28,0.13,76214786,175195149860,,,,16055,106,12011,30423855,1764,0,31,771,0,0,7707080,7100968,7053320,2108,216092
2018-05-10_17-35-40.771292584,1525966540.773781656,,2018-05-10_17-35-40.785280383,1525966540.787769518,0.69,0.28,0.13,76214846,175195149934,,,,16057,106,12015,30423870,1764,0,31,771,0,0,7707080,7101488,7053644,2108,216092
2018-05-10_17-35-40.825366193,1525966540.827900785,,2018-05-10_17-35-40.839179256,1525966540.841695870,0.69,0.28,0.13,76214906,175195150008,,,,16058,106,12019,30423886,1764,0,31,771,0,0,7707080,7100804,7052960,2108,216092
2018-05-10_17-35-40.879788652,1525966540.882277151,,2018-05-10_17-35-40.893696859,1525966540.896232972,0.69,0.28,0.13,76214966,175195150082,,,,16060,106,12024,30423901,1764,0,31,771,0,0,7707080,7100532,7052688,2108,216092
2018-05-10_17-35-40.934234717,1525966540.936754876,,2018-05-10_17-35-40.948498388,1525966540.950985221,0.69,0.28,0.13,76215026,175195150156,,,,16062,106,12028,30423917,1764,0,31,771,0,0,7707080,7101308,7053464,2108,216092
2018-05-10_17-35-40.989099854,1525966540.991633013,,2018-05-10_17-35-41.003279398,1525966541.005805995,0.69,0.28,0.13,76215086,175195150230,,,,16063,106,12032,30423933,1764,0,31,771,0,0,7707080,7102064,7054024,2108,216092
2018-05-10_17-35-41.043679430,1525966541.046191467,,2018-05-10_17-35-41.057659284,1525966541.060170653,0.69,0.28,0.13,76215146,175195150304,,,,16064,106,12036,30423948,1764,0,31,771,0,0,7707080,7101644,7053800,2108,216092
2018-05-10_17-35-41.097944488,1525966541.100432142,,2018-05-10_17-35-41.111909749,1525966541.114378847,0.69,0.28,0.13,76215206,175195150378,,,,16066,106,12041,30423964,1764,0,31,771,0,0,7707080,7101312,7053664,2108,216092
2018-05-10_17-35-41.152354557,1525966541.154844578,,2018-05-10_17-35-41.166192706,1525966541.168675901,0.69,0.28,0.13,76215266,175195150452,,,,16067,106,12046,30423980,1764,0,31,771,0,0,7707080,7101448,7053408,2108,216092
2018-05-10_17-35-41.206564218,1525966541.209096931,,2018-05-10_17-35-41.220413766,1525966541.222925189,0.69,0.28,0.13,76215326,175195150526,,,,16068,106,12050,30423995,1764,0,31,771,0,0,7707080,7101228,7053104,2108,216092
2018-05-10_17-35-41.260827105,1525966541.263299137,,2018-05-10_17-35-41.274690201,1525966541.277216735,0.69,0.28,0.13,76215386,175195150600,,,,16070,106,12055,30424011,1764,0,31,771,0,0,7707080,7100728,7052884,2108,216092
2018-05-10_17-35-41.314944499,1525966541.317444797,,2018-05-10_17-35-41.328770815,1525966541.331286478,0.69,0.28,0.13,76215446,175195150674,,,,16071,106,12060,30424026,1764,0,31,771,0,0,7707080,7101008,7053164,2108,216096
2018-05-10_17-35-41.369422159,1525966541.371974454,,2018-05-10_17-35-41.383714509,1525966541.386233477,0.69,0.28,0.13,76215506,175195150748,,,,16073,106,12064,30424042,1764,0,31,771,0,0,7707080,7100900,7053060,2108,216096
2018-05-10_17-35-41.424157740,1525966541.426671901,,2018-05-10_17-35-41.438199524,1525966541.440704576,0.69,0.28,0.13,76215566,175195150822,,,,16074,106,12068,30424058,1764,0,31,771,0,0,7707080,7101136,7053296,2108,216096
2018-05-10_17-35-41.478581823,1525966541.481160923,,2018-05-10_17-35-41.492611656,1525966541.495149642,0.69,0.28,0.13,76215626,175195150896,,,,16076,106,12072,30424073,1764,0,31,771,0,0,7707080,7101440,7053720,2108,216096
2018-05-10_17-35-41.533259579,1525966541.535786772,,2018-05-10_17-35-41.547261049,1525966541.549766699,0.69,0.28,0.13,76215686,175195150970,,,,16077,106,12077,30424090,1764,0,31,771,0,0,7707080,7101188,7053348,2108,216096
2018-05-10_17-35-41.589804036,1525966541.592328440,,2018-05-10_17-35-41.603820604,1525966541.606323062,0.69,0.28,0.13,76215746,175195151044,,,,16079,106,12081,30424105,1764,0,31,771,0,0,7707080,7100880,7053040,2108,216096
2018-05-10_17-35-41.644270464,1525966541.646888146,,2018-05-10_17-35-41.658435662,1525966541.660968641,0.69,0.28,0.13,76215806,175195151118,,,,16081,106,12085,30424121,1764,0,31,771,0,0,7707080,7100580,7052940,2108,216096
2018-05-10_17-35-41.699087112,1525966541.701631345,,2018-05-10_17-35-41.713149905,1525966541.715676912,0.69,0.28,0.13,76215866,175195151192,,,,16083,106,12090,30424137,1764,0,31,771,0,0,7707080,7100804,7052964,2108,216096
2018-05-10_17-35-41.753716318,1525966541.756293616,,2018-05-10_17-35-41.767956821,1525966541.770478292,0.69,0.28,0.13,76215926,175195151266,,,,16084,106,12094,30424152,1764,0,31,771,0,0,7707080,7101172,7053332,2108,216096
2018-05-10_17-35-41.808484066,1525966541.811023290,,2018-05-10_17-35-41.822771672,1525966541.825295423,0.69,0.28,0.13,76215986,175195151340,,,,16086,106,12099,30424168,1764,0,31,771,0,0,7707080,7101100,7053144,2108,216096
2018-05-10_17-35-41.863235088,1525966541.865737952,,2018-05-10_17-35-41.877036378,1525966541.879526884,0.69,0.28,0.13,76216046,175195151414,,,,16087,106,12103,30424184,1764,0,31,771,0,0,7707080,7101480,7053424,2108,216096
2018-05-10_17-35-41.917264950,1525966541.919766380,,2018-05-10_17-35-41.931069950,1525966541.933583959,0.69,0.28,0.13,76216106,175195151488,,,,16089,106,12107,30424199,1764,0,31,771,0,0,7707080,7101152,7053072,2108,216096
2018-05-10_17-35-41.971404159,1525966541.973919278,,2018-05-10_17-35-41.985262419,1525966541.987785736,0.69,0.28,0.13,76216166,175195151562,,,,16089,106,12112,30424215,1764,0,32,771,0,0,7707080,7100364,7052524,2108,216096
2018-05-10_17-35-42.025904443,1525966542.028462440,,2018-05-10_17-35-42.040008597,1525966542.042463207,0.69,0.28,0.13,76216226,175195151636,,,,16091,106,12117,30424230,1764,0,32,771,0,0,7707080,7101420,7053580,2108,216096
2018-05-10_17-35-42.080446624,1525966542.083007581,,2018-05-10_17-35-42.094454584,1525966542.096982217,0.69,0.28,0.13,76216286,175195151710,,,,16092,106,12122,30424246,1764,0,32,771,0,0,7707080,7101004,7053360,2108,216096
2018-05-10_17-35-42.135274377,1525966542.137796372,,2018-05-10_17-35-42.149362997,1525966542.151889460,0.69,0.28,0.13,76216346,175195151784,,,,16093,106,12127,30424262,1764,0,32,771,0,0,7707080,7101672,7053832,2108,216096
2018-05-10_17-35-42.193487226,1525966542.196027333,,2018-05-10_17-35-42.207785036,1525966542.210305062,0.69,0.28,0.13,76216406,175195151858,,,,16095,106,12131,30424279,1764,0,32,771,0,0,7707080,7101228,7053124,2108,216096
2018-05-10_17-35-42.248421420,1525966542.250943798,,2018-05-10_17-35-42.262517206,1525966542.265055428,0.69,0.28,0.13,76216466,175195151932,,,,16096,106,12136,30424294,1764,0,32,771,0,0,7707080,7100180,7052340,2108,216096
2018-05-10_17-35-42.303046752,1525966542.305559803,,2018-05-10_17-35-42.316891198,1525966542.319373048,0.69,0.28,0.13,76216526,175195152006,,,,16098,106,12140,30424310,1764,0,32,771,0,0,7707080,7101200,7053224,2108,216096
2018-05-10_17-35-42.357082019,1525966542.359556281,,2018-05-10_17-35-42.370979817,1525966542.373444079,0.69,0.28,0.13,76216586,175195152080,,,,16099,106,12145,30424325,1764,0,32,771,0,0,7707080,7100876,7053040,2108,216100
2018-05-10_17-35-42.411145193,1525966542.413612410,,2018-05-10_17-35-42.424895387,1525966542.427362831,0.69,0.28,0.13,76216646,175195152154,,,,16100,106,12149,30424341,1764,0,32,771,0,0,7707080,7101400,7053416,2108,216100
2018-05-10_17-35-42.465405440,1525966542.467954645,,2018-05-10_17-35-42.479412678,1525966542.481914062,0.69,0.28,0.13,76216706,175195152228,,,,16101,106,12154,30424356,1764,0,32,771,0,0,7707080,7100612,7053268,2108,216100
2018-05-10_17-35-42.519804776,1525966542.522311834,,2018-05-10_17-35-42.533833351,1525966542.536310677,0.69,0.28,0.13,76216766,175195152302,,,,16102,106,12159,30424372,1764,0,32,771,0,0,7707080,7100712,7052876,2108,216100
2018-05-10_17-35-42.574088358,1525966542.576597444,,2018-05-10_17-35-42.588184175,1525966542.590701685,0.69,0.28,0.13,76216826,175195152376,,,,16103,106,12164,30424388,1764,0,32,771,0,0,7707080,7100848,7053012,2108,216100
2018-05-10_17-35-42.628882351,1525966542.631384370,,2018-05-10_17-35-42.642820477,1525966542.645331215,0.69,0.28,0.13,76216886,175195152450,,,,16104,106,12169,30424403,1764,0,32,771,0,0,7707080,7100804,7052968,2108,216100
2018-05-10_17-35-42.683400523,1525966542.685958116,,2018-05-10_17-35-42.697602631,1525966542.700155288,0.69,0.28,0.13,76216946,175195152524,,,,16105,106,12174,30424419,1764,0,32,771,0,0,7707080,7101140,7053088,2108,216100
2018-05-10_17-35-42.738088768,1525966542.740625422,,2018-05-10_17-35-42.752132174,1525966542.754645885,0.69,0.28,0.13,76217006,175195152598,,,,16106,106,12178,30424435,1764,0,32,771,0,0,7707080,7101024,7052992,2108,216100
2018-05-10_17-35-42.792114051,1525966542.794606298,,2018-05-10_17-35-42.806072104,1525966542.808606807,0.69,0.28,0.13,76217066,175195152672,,,,16108,106,12182,30424450,1764,0,32,771,0,0,7707080,7100468,7052832,2108,216100
2018-05-10_17-35-42.846517992,1525966542.849035017,,2018-05-10_17-35-42.860626288,1525966542.863181804,0.69,0.28,0.13,76217126,175195152746,,,,16110,106,12186,30424466,1764,0,32,771,0,0,7707080,7100712,7052876,2108,216100
2018-05-10_17-35-42.901111629,1525966542.903648669,,2018-05-10_17-35-42.915062558,1525966542.917597892,0.69,0.28,0.13,76217186,175195152820,,,,16111,106,12191,30424481,1764,0,32,771,0,0,7707080,7100424,7052588,2108,216100
2018-05-10_17-35-42.955618995,1525966542.958182042,,2018-05-10_17-35-42.969617971,1525966542.972188941,0.69,0.28,0.13,76217246,175195152894,,,,16113,106,12195,30424497,1764,0,32,771,0,0,7707080,7100852,7053016,2108,216100
2018-05-10_17-35-43.010652144,1525966543.013171037,,2018-05-10_17-35-43.024751068,1525966543.027295258,0.69,0.28,0.13,76217306,175195152968,,,,16114,106,12200,30424513,1764,0,32,771,0,0,7707080,7100796,7052960,2108,216100
2018-05-10_17-35-43.064837927,1525966543.067313833,,2018-05-10_17-35-43.078861759,1525966543.081338791,0.69,0.28,0.13,76217366,175195153042,,,,16115,106,12204,30424528,1764,0,32,771,0,0,7707080,7101456,7053356,2108,216100
2018-05-10_17-35-43.119099263,1525966543.121591766,,2018-05-10_17-35-43.133053681,1525966543.135542587,0.69,0.28,0.13,76217426,175195153116,,,,16116,106,12208,30424544,1764,0,32,771,0,0,7707080,7100936,7053296,2108,216100
2018-05-10_17-35-43.173277571,1525966543.175764957,,2018-05-10_17-35-43.187234138,1525966543.189706622,0.69,0.28,0.13,76217486,175195153190,,,,16118,106,12213,30424560,1764,0,32,771,0,0,7707080,7101528,7053888,2108,216100
2018-05-10_17-35-43.227510706,1525966543.230056133,,2018-05-10_17-35-43.241597641,1525966543.244123515,0.69,0.28,0.13,76217546,175195153264,,,,16119,106,12217,30424575,1764,0,32,771,0,0,7707080,7101308,7053472,2108,216100
2018-05-10_17-35-43.281533397,1525966543.283993408,,2018-05-10_17-35-43.295140401,1525966543.297595289,0.69,0.28,0.13,76217606,175195153338,,,,16120,106,12222,30424590,1764,0,32,771,0,0,7707080,7101288,7053452,2108,216100
2018-05-10_17-35-43.335095423,1525966543.337556420,,2018-05-10_17-35-43.348809254,1525966543.351265669,0.69,0.28,0.13,76217666,175195153412,,,,16122,106,12226,30424606,1764,0,32,771,0,0,7707080,7101092,7053260,2108,216104
2018-05-10_17-35-43.388606933,1525966543.391055926,,2018-05-10_17-35-43.402259356,1525966543.404753184,0.69,0.28,0.13,76217726,175195153486,,,,16123,106,12230,30424621,1764,0,32,771,0,0,7707080,7101020,7053188,2108,216104
2018-05-10_17-35-43.442187347,1525966543.444614602,,2018-05-10_17-35-43.455769271,1525966543.458218750,0.69,0.28,0.13,76217786,175195153560,,,,16124,106,12235,30424636,1764,0,32,771,0,0,7707080,7100864,7053032,2108,216104
2018-05-10_17-35-43.495532319,1525966543.498002947,,2018-05-10_17-35-43.509230266,1525966543.511670919,0.69,0.28,0.13,76217846,175195153634,,,,16126,106,12239,30424652,1764,0,32,771,0,0,7707080,7101292,7053460,2108,216104
2018-05-10_17-35-43.549040601,1525966543.551477823,,2018-05-10_17-35-43.562640915,1525966543.565114193,0.69,0.28,0.13,76217906,175195153708,,,,16127,106,12244,30424667,1764,0,32,771,0,0,7707080,7100956,7053124,2108,216104
2018-05-10_17-35-43.602411637,1525966543.604867446,,2018-05-10_17-35-43.615984837,1525966543.618421353,0.69,0.28,0.13,76217966,175195153782,,,,16128,106,12248,30424682,1764,0,32,771,0,0,7707080,7100712,7052880,2108,216104
2018-05-10_17-35-43.655649129,1525966543.658133659,,2018-05-10_17-35-43.669279920,1525966543.671735696,0.69,0.28,0.13,76218026,175195153856,,,,16130,106,12252,30424698,1764,0,32,771,0,0,7707080,7100808,7053172,2108,216104
2018-05-10_17-35-43.709282250,1525966543.711816600,,2018-05-10_17-35-43.723087204,1525966543.725535333,0.69,0.28,0.13,76218086,175195153930,,,,16132,106,12256,30424713,1764,0,32,771,0,0,7707080,7101352,7053224,2108,216104
2018-05-10_17-35-43.763961722,1525966543.766487216,,2018-05-10_17-35-43.778229172,1525966543.780774067,0.69,0.28,0.13,76218146,175195154004,,,,16134,106,12260,30424728,1764,0,32,771,0,0,7707080,7100304,7052216,2108,216104
2018-05-10_17-35-43.818645416,1525966543.821163647,,2018-05-10_17-35-43.832779920,1525966543.835277114,0.69,0.28,0.13,76218206,175195154078,,,,16136,106,12264,30424744,1764,0,32,771,0,0,7707080,7100324,7052296,2108,216104
2018-05-10_17-35-43.873355034,1525966543.875934674,,2018-05-10_17-35-43.887922910,1525966543.890395142,0.69,0.28,0.13,76218266,175195154152,,,,16137,106,12269,30424759,1764,0,32,771,0,0,7707080,7100396,7052292,2108,216104
2018-05-10_17-35-43.928098090,1525966543.930574554,,2018-05-10_17-35-43.942100974,1525966543.944628968,0.71,0.29,0.14,76218326,175195154226,,,,16139,106,12273,30424775,1764,0,32,771,0,0,7707080,7100724,7052636,2108,216104
2018-05-10_17-35-43.982897485,1525966543.985387000,,2018-05-10_17-35-43.997055641,1525966543.999576783,0.71,0.29,0.14,76218386,175195154300,,,,16141,106,12277,30424791,1764,0,32,771,0,0,7707080,7100532,7052452,2108,216104
2018-05-10_17-35-44.037768645,1525966544.040286105,,2018-05-10_17-35-44.051815557,1525966544.054348697,0.71,0.29,0.14,76218446,175195154374,,,,16142,106,12282,30424807,1764,0,32,771,0,0,7707080,7100724,7052892,2108,216104
2018-05-10_17-35-44.092545257,1525966544.095067609,,2018-05-10_17-35-44.106673655,1525966544.109201566,0.71,0.29,0.14,76218506,175195154448,,,,16144,106,12285,30424822,1764,0,32,771,0,0,7707080,7100664,7052396,2108,216104
2018-05-10_17-35-44.147080364,1525966544.149619516,,2018-05-10_17-35-44.161040959,1525966544.163553438,0.71,0.29,0.14,76218566,175195154522,,,,16145,106,12290,30424838,1764,0,32,771,0,0,7707080,7099764,7052128,2108,216104
2018-05-10_17-35-44.201457351,1525966544.203989485,,2018-05-10_17-35-44.215485122,1525966544.218046600,0.71,0.29,0.14,76218626,175195154596,,,,16147,106,12294,30424853,1764,0,32,771,0,0,7707080,7100364,7052456,2108,216104
2018-05-10_17-35-44.256197232,1525966544.258715513,,2018-05-10_17-35-44.270332260,1525966544.272837137,0.71,0.29,0.14,76218686,175195154670,,,,16148,106,12299,30424869,1764,0,32,771,0,0,7707080,7100808,7052976,2108,216104
2018-05-10_17-35-44.311145439,1525966544.313692090,,2018-05-10_17-35-44.325323912,1525966544.327852587,0.71,0.29,0.14,76218746,175195154744,,,,16149,106,12304,30424885,1764,0,32,771,0,0,7707080,7100596,7052960,2108,216108
2018-05-10_17-35-44.365940761,1525966544.368449990,,2018-05-10_17-35-44.380009679,1525966544.382533131,0.71,0.29,0.14,76218806,175195154818,,,,16152,106,12308,30424901,1764,0,32,771,0,0,7707080,7101196,7053368,2108,216108
2018-05-10_17-35-44.420651883,1525966544.423190840,,2018-05-10_17-35-44.434793557,1525966544.437331574,0.71,0.29,0.14,76218866,175195154892,,,,16153,106,12312,30424916,1764,0,32,771,0,0,7707080,7101224,7053132,2108,216108
2018-05-10_17-35-44.475360806,1525966544.477881990,,2018-05-10_17-35-44.489437570,1525966544.491968816,0.71,0.29,0.14,76218926,175195154966,,,,16154,106,12318,30424932,1764,0,32,771,0,0,7707080,7100948,7053276,2108,216108
2018-05-10_17-35-44.529938116,1525966544.532424624,,2018-05-10_17-35-44.543913658,1525966544.546404465,0.71,0.29,0.14,76218986,175195155040,,,,16155,106,12322,30424947,1764,0,32,771,0,0,7707080,7101076,7053112,2108,216108
2018-05-10_17-35-44.584700463,1525966544.587233318,,2018-05-10_17-35-44.598876961,1525966544.601361700,0.71,0.29,0.14,76219046,175195155114,,,,16156,106,12327,30424963,1764,0,32,772,0,0,7707080,7100716,7053036,2108,216108
2018-05-10_17-35-44.639452328,1525966544.641979702,,2018-05-10_17-35-44.653504069,1525966544.656041981,0.71,0.29,0.14,76219106,175195155188,,,,16158,106,12332,30424979,1764,0,32,772,0,0,7707080,7100804,7052628,2108,216108
2018-05-10_17-35-44.694361748,1525966544.696902905,,2018-05-10_17-35-44.708397242,1525966544.710904550,0.71,0.29,0.14,76219166,175195155262,,,,16159,106,12337,30424995,1764,0,32,772,0,0,7707080,7100300,7052208,2108,216108
2018-05-10_17-35-44.748789520,1525966544.751276369,,2018-05-10_17-35-44.762745996,1525966544.765230729,0.71,0.29,0.14,76219226,175195155336,,,,16160,106,12342,30425010,1764,0,32,772,0,0,7707080,7100160,7052332,2108,216108
2018-05-10_17-35-44.803572978,1525966544.806180037,,2018-05-10_17-35-44.817775541,1525966544.820302649,0.71,0.29,0.14,76219286,175195155410,,,,16162,106,12346,30425026,1764,0,32,772,0,0,7707080,7100692,7052560,2108,216108
2018-05-10_17-35-44.858570604,1525966544.861155257,,2018-05-10_17-35-44.872942399,1525966544.875437939,0.71,0.29,0.14,76219346,175195155484,,,,16163,106,12351,30425042,1764,0,32,772,0,0,7707080,7100808,7052740,2108,216108
