StartTime,StartEpoch,BW,EndTime,EndEpoch,CPULoad1m,CPULoad5m,CPULoad5m,NetDevRX,NetDevTX,IRQconfig,IRQinput,IRQoutput,user,nice,system,idle,iowait,irq,softirq,steal,guest,guest_nice,MemTotal,MemFree,MemAvailable,Buffers,Cached
2018-05-10_17-46-36.186407065,1525967196.188946514,39.081932,2018-05-10_17-47-06.434169584,1525967226.436683988,0.42,0.19,0.15,76229122,175195166972,,,,26049,106,12750,30687235,1764,0,35,785,0,0,7707080,7112232,7064624,2108,216152
2018-05-10_17-47-06.476671464,1525967226.479178193,38.960640,2018-05-10_17-47-36.726651610,1525967256.729358366,0.65,0.27,0.18,76230266,175195168304,,,,29067,106,12755,30696320,1764,0,35,785,0,0,7707080,7112972,7065212,2108,216152
2018-05-10_17-47-36.768870600,1525967256.771488282,39.068819,2018-05-10_17-48-07.017409373,1525967287.020019360,0.79,0.34,0.20,76231410,175195169636,,,,32087,106,12761,30705401,1764,0,36,785,0,0,7707080,7113248,7065488,2108,216152
2018-05-10_17-48-07.058684371,1525967287.061273974,39.072064,2018-05-10_17-48-37.306122861,1525967317.308975704,0.80,0.38,0.23,76232554,175195170968,,,,35115,106,12774,30714471,1764,0,36,786,0,0,7707080,7112440,7064684,2108,216156
2018-05-10_17-48-37.353503430,1525967317.356097029,39.068815,2018-05-10_17-49-07.631959155,1525967347.635862388,0.88,0.44,0.25,76233698,175195172240,,,,38136,106,12783,30723565,1764,0,36,787,0,0,7707080,7112460,7064704,2108,216156
2018-05-10_17-49-07.685150670,1525967347.687742193,39.052426,2018-05-10_17-49-37.939438527,1525967377.942210022,0.93,0.50,0.27,76234842,175195173572,,,,41157,106,12789,30732651,1764,0,37,787,0,0,7707080,7113148,7065540,2108,216156
2018-05-10_17-49-37.982630008,1525967377.985473243,39.036028,2018-05-10_17-50-08.235002670,1525967408.237569330,0.96,0.55,0.30,76235986,175195174904,,,,44184,106,12810,30741718,1764,0,37,787,0,0,7707080,7113380,7065632,2108,216160
2018-05-10_17-50-08.295922582,1525967408.298533017,39.042597,2018-05-10_17-50-38.545145332,1525967438.547790144,0.97,0.59,0.32,76237130,175195176236,,,,47205,106,12816,30750802,1764,0,37,788,0,0,7707080,7113440,7065692,2108,216160
2018-05-10_17-50-38.587312213,1525967438.589974880,39.075375,2018-05-10_17-51-08.838006574,1525967468.840536293,0.98,0.63,0.34,76238274,175195177568,,,,50231,106,12829,30759873,1764,0,37,788,0,0,7707080,7100596,7052572,2108,216168
2018-05-10_17-51-08.879279391,1525967468.881798197,39.075375,2018-05-10_17-51-39.130319788,1525967499.132940363,0.99,0.67,0.36,76239418,175195178900,,,,53250,106,12836,30768957,1764,0,37,788,0,0,7707080,7100840,7052716,2108,216168
2018-05-10_17-51-39.172240569,1525967499.174707176,39.065456,2018-05-10_17-52-09.437588762,1525967529.440843638,0.99,0.70,0.39,76240562,175195180232,,,,56277,106,12858,30778022,1764,0,38,788,0,0,7707080,7099872,7052132,2108,216172
2018-05-10_17-52-09.487836660,1525967529.490354114,39.081900,2018-05-10_17-52-39.738907696,1525967559.741489377,1.00,0.73,0.41,76241706,175195181564,,,,59301,106,12871,30787095,1764,0,38,788,0,0,7707080,7100352,7052612,2108,216172
2018-05-10_17-52-39.781549758,1525967559.784093941,39.036005,2018-05-10_17-53-10.029970445,1525967590.032544845,1.00,0.76,0.42,76242850,175195182896,,,,62327,106,12886,30796159,1764,0,38,788,0,0,7707080,7098456,7050720,2108,216176
2018-05-10_17-53-10.071135136,1525967590.073639565,39.078646,2018-05-10_17-53-40.320817209,1525967620.323527382,1.00,0.78,0.44,76243994,175195184228,,,,65349,106,12900,30805230,1764,0,38,788,0,0,7707080,7100104,7052172,2108,216176
2018-05-10_17-53-40.365462980,1525967620.368086264,39.075375,2018-05-10_17-54-10.614306695,1525967650.616860894,1.00,0.80,0.46,76245138,175195185560,,,,68371,106,12906,30814312,1764,0,38,788,0,0,7707080,7112272,7064496,2108,216172
2018-05-10_17-54-10.656958259,1525967650.659445336,39.075378,2018-05-10_17-54-40.907374299,1525967680.909994164,1.00,0.82,0.48,76246282,175195186892,,,,71392,106,12912,30823396,1764,0,38,788,0,0,7707080,7112876,7065140,2108,216172
2018-05-10_17-54-40.949590827,1525967680.952146978,39.061918,2018-05-10_17-55-11.229355491,1525967711.232869565,1.00,0.84,0.49,76247426,175195188164,,,,74413,106,12921,30832489,1764,0,38,789,0,0,7707080,7112988,7065252,2108,216172
2018-05-10_17-55-11.278888354,1525967711.281458972,39.081927,2018-05-10_17-55-41.533157369,1525967741.535893023,1.00,0.85,0.51,76248570,175195189496,,,,77436,106,12930,30841571,1764,0,38,790,0,0,7707080,7113036,7065304,2108,216176
2018-05-10_17-55-41.575124750,1525967741.577604214,39.062260,2018-05-10_17-56-11.824037559,1525967771.826918988,1.00,0.87,0.52,76249714,175195190828,,,,80457,106,12935,30850660,1764,0,38,790,0,0,7707080,7113448,7065520,2108,216176
2018-05-10_17-56-11.884399555,1525967771.886923926,39.009794,2018-05-10_17-56-42.134146686,1525967802.136863541,1.00,0.88,0.54,76250858,175195192160,,,,83475,106,12941,30859745,1764,0,39,790,0,0,7707080,7113196,7065232,2108,216176
2018-05-10_17-56-42.178786535,1525967802.181280369,39.075367,2018-05-10_17-57-12.427443912,1525967832.430034210,1.00,0.89,0.55,76252002,175195193492,,,,86496,106,12947,30868830,1764,0,39,790,0,0,7707080,7113256,7065524,2108,216176
2018-05-10_17-57-12.470536234,1525967832.473134487,39.075377,2018-05-10_17-57-42.722256984,1525967862.724986194,1.00,0.90,0.57,76253146,175195194824,,,,89518,106,12953,30877914,1764,0,39,791,0,0,7707080,7112372,7064640,2108,216176
2018-05-10_17-57-42.764632947,1525967862.767144908,39.072072,2018-05-10_17-58-13.015257813,1525967893.017821230,1.00,0.91,0.58,76254290,175195196156,,,,92552,106,12969,30886973,1764,0,39,791,0,0,7707080,7112244,7064364,2108,216176
2018-05-10_17-58-13.056453655,1525967893.059027811,39.068483,2018-05-10_17-58-43.334708017,1525967923.338248851,1.00,0.92,0.60,76255434,175195197428,,,,95574,106,12978,30896066,1764,0,39,791,0,0,7707080,7113076,7065344,2108,216176
2018-05-10_17-58-43.387092452,1525967923.389766300,39.049146,2018-05-10_17-59-13.640880098,1525967953.643467523,1.00,0.93,0.61,76256578,175195198760,,,,98600,106,12999,30905131,1764,0,39,792,0,0,7707080,7099832,7051948,2108,216184
2018-05-10_17-59-13.683172868,1525967953.685833703,38.963910,2018-05-10_17-59-43.932650110,1525967983.935342319,1.00,0.93,0.62,76257722,175195200092,,,,101616,106,13004,30914215,1764,0,39,792,0,0,7707080,7099924,7052196,2108,216184
2018-05-10_17-59-43.975012733,1525967983.977581800,39.075370,2018-05-10_18-00-14.224283157,1525968014.227173734,1.00,0.94,0.63,76258866,175195201424,,,,104643,106,13022,30923278,1764,0,40,793,0,0,7707080,7100384,7052664,2108,216192
2018-05-10_18-00-14.267190141,1525968014.269788323,39.068813,2018-05-10_18-00-44.520001726,1525968044.522616922,1.00,0.95,0.65,76260010,175195202756,,,,107668,106,13033,30932351,1764,0,40,793,0,0,7707080,7100092,7052728,2108,216196
2018-05-10_18-00-44.562425000,1525968044.564989675,39.068821,2018-05-10_18-01-14.846994839,1525968074.850473476,1.00,0.95,0.66,76261154,175195204028,,,,110692,106,13054,30941431,1764,0,40,793,0,0,7707080,7100084,7052376,2108,216200
2018-05-10_18-01-14.896022019,1525968074.898831560,39.055637,2018-05-10_18-01-45.150262635,1525968105.152898979,0.94,0.94,0.66,76262298,175195205360,,,,113723,106,13079,30950485,1764,0,40,793,0,0,7707080,7098588,7051088,2108,216208
2018-05-10_18-01-45.198164134,1525968105.200738303,39.075343,2018-05-10_18-02-15.446082931,1525968135.448622830,0.96,0.95,0.68,76263442,175195206692,,,,116743,106,13089,30959569,1764,0,40,793,0,0,7707080,7112488,7064792,2108,216200
2018-05-10_18-02-15.506413764,1525968135.509010681,38.967189,2018-05-10_18-02-45.756341268,1525968165.759061227,0.98,0.95,0.69,76264586,175195208024,,,,119758,106,13095,30968654,1764,0,41,793,0,0,7707080,7113084,7065132,2108,216200
2018-05-10_18-02-45.798187567,1525968165.800817917,39.075375,2018-05-10_18-03-16.046703151,1525968196.049393764,0.99,0.96,0.70,76265730,175195209356,,,,122780,106,13101,30977738,1764,0,41,793,0,0,7707080,7112424,7064728,2108,216200
2018-05-10_18-03-16.090690507,1525968196.093281212,39.075375,2018-05-10_18-03-46.341807067,1525968226.344474150,0.99,0.96,0.70,76266874,175195210688,,,,125801,106,13106,30986823,1764,0,41,794,0,0,7707080,7113220,7065524,2108,216200
2018-05-10_18-03-46.385778528,1525968226.388314333,39.065202,2018-05-10_18-04-16.663747612,1525968256.669193658,1.00,0.96,0.71,76268018,175195211960,,,,128823,106,13116,30995917,1764,0,41,794,0,0,7707080,7112980,7065480,2108,216200
2018-05-10_18-04-16.715920785,1525968256.718563036,39.062240,2018-05-10_18-04-46.970401167,1525968286.973480636,1.00,0.97,0.72,76269162,175195213292,,,,131844,106,13123,31005004,1764,0,41,794,0,0,7707080,7112132,7064440,2108,216204
2018-05-10_18-04-47.019344903,1525968287.021955512,39.036031,2018-05-10_18-05-17.268387651,1525968317.271189371,1.00,0.97,0.73,76270306,175195214624,,,,134864,106,13129,31014093,1764,0,41,794,0,0,7707080,7112796,7064908,2108,216204
2018-05-10_18-05-17.328834619,1525968317.331503726,39.042585,2018-05-10_18-05-47.578121937,1525968347.580742876,1.00,0.97,0.74,76271450,175195215956,,,,137885,106,13134,31023177,1764,0,41,794,0,0,7707080,7112692,7065196,2108,216204
2018-05-10_18-05-47.621823967,1525968347.624323326,39.072098,2018-05-10_18-06-17.871537071,1525968377.874255726,1.00,0.97,0.75,76272594,175195217288,,,,140907,106,13139,31032262,1764,0,42,794,0,0,7707080,7112912,7064948,2108,216204
2018-05-10_18-06-17.912754669,1525968377.915300356,39.062263,2018-05-10_18-06-48.181839038,1525968408.185304830,1.00,0.98,0.76,76273738,175195218560,,,,143941,106,13161,31041321,1764,0,42,794,0,0,7707080,7113876,7066188,2108,216208
2018-05-10_18-06-48.230011798,1525968408.232623791,39.081922,2018-05-10_18-07-18.505051056,1525968438.507678442,1.00,0.98,0.77,76274882,175195219892,,,,146966,106,13184,31050392,1764,0,43,794,0,0,7707080,7100812,7052980,2108,216216
2018-05-10_18-07-18.548028682,1525968438.550527293,39.081930,2018-05-10_18-07-48.796571862,1525968468.799147156,0.94,0.97,0.77,76276026,175195221224,,,,149989,106,13192,31059474,1764,0,43,795,0,0,7707080,7099656,7052176,2108,216216
2018-05-10_18-07-48.843495973,1525968468.846040806,39.072094,2018-05-10_18-08-19.091290855,1525968499.093850402,0.96,0.97,0.78,76277170,175195222556,,,,153013,106,13202,31068550,1764,0,43,795,0,0,7707080,7099904,7052120,2108,216216
2018-05-10_18-08-19.133154598,1525968499.135685929,39.003257,2018-05-10_18-08-49.382085065,1525968529.384856511,0.98,0.97,0.78,76278314,175195223888,,,,156033,106,13212,31077627,1764,0,43,795,0,0,7707080,7099976,7052300,2108,216220
2018-05-10_18-08-49.424507359,1525968529.427082784,39.075358,2018-05-10_18-09-19.673084712,1525968559.675636900,0.99,0.98,0.79,76279458,175195225220,,,,159055,106,13217,31086710,1764,0,43,795,0,0,7707080,7099924,7052248,2108,216220
2018-05-10_18-09-19.713988401,1525968559.716610059,39.075349,2018-05-10_18-09-49.963356479,1525968589.965960445,0.99,0.98,0.79,76280602,175195226492,,,,162078,106,13226,31095792,1764,0,43,797,0,0,7707080,7100208,7052536,2108,216224
2018-05-10_18-09-50.020805563,1525968590.023631769,39.075371,2018-05-10_18-10-20.274330440,1525968620.276889650,1.00,0.98,0.80,76281746,175195227824,,,,165108,106,13242,31104860,1764,0,43,798,0,0,7707080,7112484,7064960,2108,216220
2018-05-10_18-10-20.317557099,1525968620.320114252,39.068496,2018-05-10_18-10-50.582950880,1525968650.587074316,1.00,0.99,0.81,76282890,175195229156,,,,168138,106,13269,31113919,1764,0,44,798,0,0,7707080,7112112,7064440,2108,216220
2018-05-10_18-10-50.633217050,1525968650.635959518,39.058979,2018-05-10_18-11-20.887332824,1525968680.890253862,1.00,0.99,0.81,76284034,175195230488,,,,171159,106,13276,31123004,1764,0,44,798,0,0,7707080,7112232,7064756,2108,216220
2018-05-10_18-11-20.929343971,1525968680.931878843,38.960628,2018-05-10_18-11-51.179031162,1525968711.181639645,1.00,0.99,0.82,76285178,175195231820,,,,174175,106,13283,31132089,1764,0,44,798,0,0,7707080,7112344,7064400,2108,216220
2018-05-10_18-11-51.223624083,1525968711.226221119,39.075376,2018-05-10_18-12-21.472525183,1525968741.475181934,1.00,0.99,0.82,76286322,175195233152,,,,177197,106,13288,31141173,1764,0,44,800,0,0,7707080,7112760,7065088,2108,216220
2018-05-10_18-12-21.514069958,1525968741.516544424,39.075378,2018-05-10_18-12-51.762481174,1525968771.765374286,1.00,0.99,0.83,76287466,175195234484,,,,180219,106,13293,31150258,1764,0,44,801,0,0,7707080,7112176,7064504,2108,216220
2018-05-10_18-12-51.809591416,1525968771.812255989,39.068822,2018-05-10_18-13-22.076497886,1525968802.079945542,1.00,0.99,0.84,76288610,175195235756,,,,183240,106,13303,31159352,1764,0,44,801,0,0,7707080,7112964,7065292,2108,216220
2018-05-10_18-13-22.143633006,1525968802.146279276,39.062168,2018-05-10_18-13-52.401544515,1525968832.404413732,1.00,0.99,0.84,76289754,175195237088,,,,186261,106,13311,31168439,1764,0,45,802,0,0,7707080,7113004,7065336,2108,216224
2018-05-10_18-13-52.444574816,1525968832.447141957,39.039299,2018-05-10_18-14-22.694305459,1525968862.696999860,1.00,0.99,0.85,76290898,175195238420,,,,189281,106,13317,31177527,1764,0,45,802,0,0,7707080,7112452,7064784,2108,216224
2018-05-10_18-14-22.754370997,1525968862.756999174,39.029500,2018-05-10_18-14-53.002938357,1525968893.005508014,1.00,0.99,0.85,76292042,175195239752,,,,192313,106,13336,31186585,1764,0,45,802,0,0,7707080,7112444,7064488,2108,216232
2018-05-10_18-14-53.046323962,1525968893.048854983,39.075370,2018-05-10_18-15-23.296951480,1525968923.299740531,1.00,0.99,0.86,76293186,175195241084,,,,195335,106,13349,31195660,1764,0,45,802,0,0,7707080,7099432,7051580,2108,216240
2018-05-10_18-15-23.338947952,1525968923.341428917,39.078652,2018-05-10_18-15-53.589111936,1525968953.591685097,1.00,0.99,0.86,76294330,175195242416,,,,198360,106,13361,31204731,1764,0,45,802,0,0,7707080,7099924,7052236,2108,216244
2018-05-10_18-15-53.631361409,1525968953.633958812,39.068597,2018-05-10_18-16-23.904655064,1525968983.908319952,1.00,0.99,0.87,76295474,175195243688,,,,201382,106,13374,31213816,1764,0,45,802,0,0,7707080,7099932,7051984,2108,216244
2018-05-10_18-16-23.953571993,1525968983.956147212,39.062209,2018-05-10_18-16-54.206864315,1525969014.209451482,1.00,0.99,0.87,76296618,175195245020,,,,204405,106,13388,31222888,1764,0,45,802,0,0,7707080,7099832,7052180,2108,216244
2018-05-10_18-16-54.249960411,1525969014.252474123,38.963929,2018-05-10_18-17-24.498673572,1525969044.501236935,1.00,0.99,0.87,76297762,175195246352,,,,207423,106,13398,31231963,1764,0,45,802,0,0,7707080,7099912,7052268,2108,216248
2018-05-10_18-17-24.540058456,1525969044.542515743,39.081933,2018-05-10_18-17-54.788332410,1525969074.790903113,0.95,0.97,0.87,76298906,175195247684,,,,210444,106,13403,31241047,1764,0,46,803,0,0,7707080,7099704,7052060,2108,216248
2018-05-10_18-17-54.831513228,1525969074.834065245,39.072074,2018-05-10_18-18-25.079508463,1525969105.082078216,0.97,0.97,0.87,76300050,175195249016,,,,213465,106,13409,31250130,1764,0,46,803,0,0,7707080,7112072,7064152,2108,216240
2018-05-10_18-18-25.120578330,1525969105.123073212,39.078647,2018-05-10_18-18-55.370864125,1525969135.373509844,0.98,0.98,0.88,76301194,175195250288,,,,216494,106,13422,31259197,1764,0,46,803,0,0,7707080,7112072,7064428,2108,216244
2018-05-10_18-18-55.413890135,1525969135.416377201,39.062116,2018-05-10_18-19-25.693905278,1525969165.697850663,0.99,0.98,0.88,76302338,175195251560,,,,219515,106,13432,31268290,1764,0,46,804,0,0,7707080,7113088,7065364,2108,216244
2018-05-10_18-19-25.744373205,1525969165.747061329,39.055634,2018-05-10_18-19-56.000047926,1525969196.002648030,0.99,0.98,0.88,76303482,175195252892,,,,222535,106,13439,31277375,1764,0,46,804,0,0,7707080,7112780,7065136,2108,216244
2018-05-10_18-19-56.042132091,1525969196.044827887,38.996693,2018-05-10_18-20-26.296323193,1525969226.299149176,1.00,0.99,0.89,76304626,175195254224,,,,225561,106,13457,31286439,1764,0,46,804,0,0,7707080,7112504,7064864,2108,216248
2018-05-10_18-20-26.340415113,1525969226.342997230,39.042601,2018-05-10_18-20-56.589532191,1525969256.592245369,1.00,0.99,0.89,76305770,175195255556,,,,228580,106,13463,31295523,1764,0,46,805,0,0,7707080,7112988,7065348,2108,216248
2018-05-10_18-20-56.631116767,1525969256.633647832,39.075375,2018-05-10_18-21-26.879650286,1525969286.882260183,1.00,0.99,0.89,76306914,175195256888,,,,231601,106,13469,31304607,1764,0,46,805,0,0,7707080,7112436,7064796,2108,216248
2018-05-10_18-21-26.921424114,1525969286.923947742,39.075377,2018-05-10_18-21-57.171901364,1525969317.174567494,1.00,0.99,0.89,76308058,175195258220,,,,234623,106,13475,31313692,1764,0,46,805,0,0,7707080,7112748,7065108,2108,216248
2018-05-10_18-21-57.215519269,1525969317.218052450,39.075035,2018-05-10_18-22-27.490422595,1525969347.494003723,1.00,0.99,0.90,76309202,175195259492,,,,237645,106,13487,31322780,1764,0,46,805,0,0,7707080,7112448,7064812,2108,216252
2018-05-10_18-22-27.542471175,1525969347.544985962,39.062255,2018-05-10_18-22-57.796047718,1525969377.798646996,1.00,0.99,0.90,76310346,175195260824,,,,240676,106,13508,31331839,1764,0,46,806,0,0,7707080,7112104,7064392,2108,216252
2018-05-10_18-22-57.839959053,1525969377.842650044,39.003262,2018-05-10_18-23-28.090710244,1525969408.093543699,1.00,0.99,0.90,76311490,175195262156,,,,243695,106,13521,31340913,1764,0,47,806,0,0,7707080,7099980,7052068,2108,216260
2018-05-10_18-23-28.132792424,1525969408.135472217,39.075346,2018-05-10_18-23-58.382262312,1525969438.384949071,1.00,0.99,0.91,76312634,175195263488,,,,246718,106,13531,31349989,1764,0,47,806,0,0,7707080,7099124,7051496,2108,216264
2018-05-10_18-23-58.425129744,1525969438.427673877,39.075376,2018-05-10_18-24-28.677495868,1525969468.680197926,1.00,0.99,0.91,76313778,175195264820,,,,249740,106,13536,31359073,1764,0,47,806,0,0,7707080,7099460,7051832,2108,216264
2018-05-10_18-24-28.719287023,1525969468.721798631,39.072088,2018-05-10_18-24-58.996869925,1525969499.000242218,1.00,0.99,0.91,76314922,175195266092,,,,252767,106,13550,31368153,1764,0,47,806,0,0,7707080,7099780,7051948,2108,216268
2018-05-10_18-24-59.046975007,1525969499.049646221,39.065541,2018-05-10_18-25-29.300511654,1525969529.303399356,1.00,0.99,0.92,76316066,175195267364,,,,255793,106,13566,31377222,1764,0,47,807,0,0,7707080,7099628,7052004,2108,216268
2018-05-10_18-25-29.342427322,1525969529.344941846,39.036026,2018-05-10_18-25-59.592212283,1525969559.594956035,1.00,0.99,0.92,76317210,175195268696,,,,258809,106,13572,31386305,1764,0,47,807,0,0,7707080,7099528,7052100,2108,216268
2018-05-10_18-25-59.634225166,1525969559.636820406,39.075371,2018-05-10_18-26-29.882795262,1525969589.885294201,1.23,1.04,0.94,76318354,175195270028,,,,261838,106,13588,31395369,1764,0,47,807,0,0,7707080,7110988,7062868,2108,216260
2018-05-10_18-26-29.924410001,1525969589.926913616,39.075373,2018-05-10_18-27-00.173307973,1525969620.176042881,1.14,1.03,0.94,76319498,175195271360,,,,264858,106,13595,31404453,1764,0,47,808,0,0,7707080,7112812,7065188,2108,216264
2018-05-10_18-27-00.216665106,1525969620.219378502,39.072097,2018-05-10_18-27-30.484471064,1525969650.487682382,1.09,1.03,0.94,76320642,175195272632,,,,267880,106,13602,31413543,1764,0,47,808,0,0,7707080,7112156,7064532,2108,216264
2018-05-10_18-27-30.534294325,1525969650.536834550,39.075309,2018-05-10_18-28-00.800539428,1525969680.803615731,1.05,1.03,0.95,76321786,175195273964,,,,270902,106,13611,31422633,1764,0,47,808,0,0,7707080,7112568,7064944,2108,216264
2018-05-10_18-28-00.847709215,1525969680.850308127,39.032744,2018-05-10_18-28-31.098055572,1525969711.100746651,1.03,1.02,0.95,76322930,175195275296,,,,273921,106,13618,31431716,1764,0,48,809,0,0,7707080,7112612,7064988,2108,216264
2018-05-10_18-28-31.140373348,1525969711.143010228,39.042596,2018-05-10_18-29-01.389801519,1525969741.392557634,1.02,1.02,0.95,76324074,175195276628,,,,276940,106,13623,31440800,1764,0,48,810,0,0,7707080,7112584,7064960,2108,216264
2018-05-10_18-29-01.431746583,1525969741.434367783,39.075347,2018-05-10_18-29-31.681227580,1525969771.683915427,1.01,1.02,0.95,76325218,175195277960,,,,279963,106,13627,31449885,1764,0,48,810,0,0,7707080,7112496,7065032,2108,216264
2018-05-10_18-29-31.725220049,1525969771.727785325,39.075376,2018-05-10_18-30-01.975657398,1525969801.978378346,1.01,1.01,0.95,76326362,175195279292,,,,282994,106,13644,31458948,1764,0,48,810,0,0,7707080,7112132,7064516,2108,216272
2018-05-10_18-30-02.017667678,1525969802.020175182,39.068661,2018-05-10_18-30-32.275858327,1525969832.279063441,1.00,1.01,0.95,76327506,175195280624,,,,286028,106,13671,31468001,1764,0,48,810,0,0,7707080,7109132,7061712,2108,216272
2018-05-10_18-30-32.319249492,1525969832.321785460,39.058980,2018-05-10_18-31-02.569873544,1525969862.573043327,1.00,1.01,0.95,76328650,175195281956,,,,289049,106,13678,31477084,1764,0,48,810,0,0,7707080,7112108,7064492,2108,216272
2018-05-10_18-31-02.612419562,1525969862.614939404,39.081929,2018-05-10_18-31-32.860141879,1525969892.862807036,1.00,1.01,0.95,76329794,175195283288,,,,292075,106,13689,31486157,1764,0,48,811,0,0,7707080,7099492,7051888,2108,216288
2018-05-10_18-31-32.903394580,1525969892.905904083,38.999972,2018-05-10_18-32-03.153867696,1525969923.156442571,1.00,1.01,0.95,76330938,175195284620,,,,295092,106,13700,31495234,1764,0,48,811,0,0,7707080,7099916,7051860,2108,216288
2018-05-10_18-32-03.197482241,1525969923.200026567,39.075353,2018-05-10_18-32-33.445996045,1525969953.448594866,1.00,1.01,0.95,76332082,175195285952,,,,298114,106,13705,31504317,1764,0,49,811,0,0,7707080,7100044,7051996,2108,216288
2018-05-10_18-32-33.488833058,1525969953.491357596,39.075364,2018-05-10_18-33-03.737128075,1525969983.739760231,1.00,1.01,0.95,76333226,175195287284,,,,301138,106,13715,31513394,1764,0,49,811,0,0,7707080,7099124,7051720,2108,216292
2018-05-10_18-33-03.782998972,1525969983.785548658,39.068815,2018-05-10_18-33-34.065766637,1525970014.069270232,1.00,1.01,0.95,76334370,175195288556,,,,304164,106,13729,31522477,1764,0,49,812,0,0,7707080,7098760,7051164,2108,216296
2018-05-10_18-33-34.116556858,1525970014.119397862,39.062202,2018-05-10_18-34-04.371240205,1525970044.373792784,1.00,1.01,0.95,76335514,175195289888,,,,307185,106,13736,31531561,1764,0,49,812,0,0,7707080,7099348,7051752,2108,216296
2018-05-10_18-34-04.413945480,1525970044.416505970,39.081928,2018-05-10_18-34-34.662449310,1525970074.665049380,1.00,1.01,0.95,76336658,175195291220,,,,310208,106,13746,31540639,1764,0,49,812,0,0,7707080,7111828,7063980,2108,216288
2018-05-10_18-34-34.705814696,1525970074.708442629,39.081930,2018-05-10_18-35-04.953515682,1525970104.956089477,1.00,1.01,0.95,76337802,175195292552,,,,313239,106,13762,31549704,1764,0,49,813,0,0,7707080,7112004,7064436,2108,216288
2018-05-10_18-35-04.995882773,1525970104.998458997,39.003246,2018-05-10_18-35-35.245334070,1525970135.248090025,1.00,1.01,0.95,76338946,175195293884,,,,316254,106,13767,31558788,1764,0,49,813,0,0,7707080,7112172,7064308,2108,216288
2018-05-10_18-35-35.287484746,1525970135.290057026,39.075358,2018-05-10_18-36-05.535866760,1525970165.538428330,1.00,1.01,0.95,76340090,175195295216,,,,319277,106,13772,31567872,1764,0,49,813,0,0,7707080,7112356,7064756,2108,216288
2018-05-10_18-36-05.577066016,1525970165.579591510,39.081931,2018-05-10_18-36-35.824797332,1525970195.827365893,1.00,1.01,0.95,76341234,175195296548,,,,322299,106,13778,31576956,1764,0,50,813,0,0,7707080,7112396,7064796,2108,216288
2018-05-10_18-36-35.867802310,1525970195.870385932,39.075278,2018-05-10_18-37-06.118611064,1525970226.121357633,1.00,1.01,0.95,76342378,175195297880,,,,325321,106,13783,31586041,1764,0,50,813,0,0,7707080,7112736,7065136,2108,216288
2018-05-10_18-37-06.162268290,1525970226.164784965,39.068603,2018-05-10_18-37-36.442505992,1525970256.446039519,1.00,1.01,0.95,76343522,175195299152,,,,328342,106,13793,31595135,1764,0,50,813,0,0,7707080,7112468,7064868,2108,216288
2018-05-10_18-37-36.496146593,1525970256.498762924,39.045873,2018-05-10_18-38-06.750660605,1525970286.753463778,1.00,1.01,0.95,76344666,175195300484,,,,331364,106,13800,31604222,1764,0,50,813,0,0,7707080,7112584,7064828,2108,216288
2018-05-10_18-38-06.795541418,1525970286.798090689,39.039275,2018-05-10_18-38-37.044058479,1525970317.046711171,1.00,1.01,0.95,76345810,175195301816,,,,334385,106,13806,31613311,1764,0,50,814,0,0,7707080,7112488,7064888,2108,216288
2018-05-10_18-38-37.104663603,1525970317.107227951,39.081928,2018-05-10_18-39-07.352758137,1525970347.355327643,1.00,1.01,0.95,76346954,175195303148,,,,337421,106,13834,31622357,1764,0,50,815,0,0,7707080,7099060,7051468,2108,216300
2018-05-10_18-39-07.394244183,1525970347.396772225,39.045872,2018-05-10_18-39-37.642880127,1525970377.645512509,1.00,1.01,0.95,76348098,175195304480,,,,340438,106,13839,31631441,1764,0,50,815,0,0,7707080,7099236,7051792,2108,216300
2018-05-10_18-39-37.686894802,1525970377.689476197,39.075368,2018-05-10_18-40-07.935742248,1525970407.938598404,1.00,1.01,0.95,76349242,175195305812,,,,343463,106,13856,31640507,1764,0,50,816,0,0,7707080,7099600,7052020,2108,216312
2018-05-10_18-40-07.978773888,1525970407.981373665,39.075377,2018-05-10_18-40-38.230978647,1525970438.233632643,1.00,1.01,0.95,76350386,175195307144,,,,346487,106,13869,31649580,1764,0,51,816,0,0,7707080,7099552,7051976,2108,216316
2018-05-10_18-40-38.275966611,1525970438.278451540,39.068611,2018-05-10_18-41-08.549186193,1525970468.552204128,1.00,1.01,0.95,76351530,175195308416,,,,349509,106,13881,31658667,1764,0,51,816,0,0,7707080,7099404,7051612,2108,216316
2018-05-10_18-41-08.598326272,1525970468.600841606,39.062255,2018-05-10_18-41-38.851032061,1525970498.853687562,1.00,1.01,0.95,76352674,175195309748,,,,352533,106,13896,31667737,1764,0,51,816,0,0,7707080,7099060,7051488,2108,216320
2018-05-10_18-41-38.895303690,1525970498.897846596,38.963920,2018-05-10_18-42-09.144575885,1525970529.147278579,1.00,1.01,0.95,76353818,175195311080,,,,355550,106,13903,31676820,1764,0,51,816,0,0,7707080,7111756,7064180,2108,216312
2018-05-10_18-42-09.187181691,1525970529.189705134,39.075350,2018-05-10_18-42-39.438535241,1525970559.441146980,1.00,1.01,0.95,76354962,175195312412,,,,358569,106,13909,31685904,1764,0,51,816,0,0,7707080,7111848,7064568,2108,216312
2018-05-10_18-42-39.480083629,1525970559.482622306,39.075373,2018-05-10_18-43-09.728920937,1525970589.731478370,0.95,1.00,0.95,76356106,175195313744,,,,361598,106,13924,31694971,1764,0,51,817,0,0,7707080,7112312,7064596,2108,216320
2018-05-10_18-43-09.772321161,1525970589.774887845,39.075378,2018-05-10_18-43-40.022702743,1525970620.025476247,0.92,0.98,0.95,76357250,175195315076,,,,364620,106,13929,31704056,1764,0,51,818,0,0,7707080,7112216,7064648,2108,216320
2018-05-10_18-43-40.064569670,1525970620.067146626,39.065326,2018-05-10_18-44-10.342746151,1525970650.346505557,0.95,0.99,0.95,76358394,175195316348,,,,367641,106,13938,31713148,1764,0,51,819,0,0,7707080,7111868,7064496,2108,216320
2018-05-10_18-44-10.394130558,1525970650.397000614,39.075278,2018-05-10_18-44-40.648395952,1525970680.651016066,0.97,0.99,0.95,76359538,175195317680,,,,370664,106,13945,31722234,1764,0,51,819,0,0,7707080,7112200,7064632,2108,216320
2018-05-10_18-44-40.692940669,1525970680.695468193,39.058975,2018-05-10_18-45-10.941484559,1525970710.944061502,0.98,0.99,0.95,76360682,175195319012,,,,373684,106,13951,31731318,1764,0,51,819,0,0,7707080,7112360,7064792,2108,216320
2018-05-10_18-45-10.984039972,1525970710.986583199,38.999962,2018-05-10_18-45-41.233454768,1525970741.236225916,0.99,0.99,0.95,76361826,175195320344,,,,376701,106,13956,31740403,1764,0,51,819,0,0,7707080,7112816,7064960,2108,216320
2018-05-10_18-45-41.276073380,1525970741.278690491,39.075369,2018-05-10_18-46-11.524465733,1525970771.527151547,0.99,0.99,0.95,76362970,175195321676,,,,379722,106,13962,31749488,1764,0,51,819,0,0,7707080,7112652,7064836,2108,216320
2018-05-10_18-46-11.568433711,1525970771.570964789,39.072096,2018-05-10_18-46-41.819772266,1525970801.822470503,1.00,0.99,0.95,76364114,175195323008,,,,382743,106,13968,31758573,1764,0,51,819,0,0,7707080,7112360,7064988,2108,216320
2018-05-10_18-46-41.861905175,1525970801.864415554,39.058781,2018-05-10_18-47-12.121479955,1525970832.124684473,1.00,0.99,0.95,76365258,175195324340,,,,385773,106,13996,31767628,1764,0,51,821,0,0,7707080,7099964,7052400,2108,216328
2018-05-10_18-47-12.167363777,1525970832.170165387,39.081920,2018-05-10_18-47-42.417602788,1525970862.420210330,0.94,0.97,0.95,76366402,175195325672,,,,388802,106,14012,31776694,1764,0,51,821,0,0,7707080,7099264,7051504,2108,216328
2018-05-10_18-47-42.461827312,1525970862.464334219,39.055700,2018-05-10_18-48-12.710495238,1525970892.713025097,0.96,0.97,0.95,76367546,175195327004,,,,391824,106,14022,31785770,1764,0,51,821,0,0,7707080,7099136,7051500,2108,216332
2018-05-10_18-48-12.754598400,1525970892.757159691,38.999966,2018-05-10_18-48-43.003908560,1525970923.006490400,0.98,0.98,0.95,76368690,175195328336,,,,394840,106,14033,31794846,1764,0,51,822,0,0,7707080,7099404,7051848,2108,216336
2018-05-10_18-48-43.046169609,1525970923.048790701,39.075367,2018-05-10_18-49-13.294896675,1525970953.297440348,0.99,0.98,0.95,76369834,175195329668,,,,397860,106,14039,31803931,1764,0,51,824,0,0,7707080,7099240,7051688,2108,216340
2018-05-10_18-49-13.338341299,1525970953.340875611,39.075366,2018-05-10_18-49-43.586717154,1525970983.589345854,0.99,0.98,0.95,76370978,175195331000,,,,400884,106,14049,31813007,1764,0,51,824,0,0,7707080,7099324,7051772,2108,216340
2018-05-10_18-49-43.632929598,1525970983.635505185,39.068819,2018-05-10_18-50-13.915234758,1525971013.918806918,1.00,0.99,0.95,76372122,175195332272,,,,403910,106,14068,31822090,1764,0,52,824,0,0,7707080,7111800,7064248,2108,216340
2018-05-10_18-50-13.981707090,1525971013.984694165,39.062172,2018-05-10_18-50-44.244300074,1525971044.247304785,1.00,0.99,0.95,76373266,175195333604,,,,406929,106,14077,31831180,1764,0,52,824,0,0,7707080,7112012,7064464,2108,216340
2018-05-10_18-50-44.290746960,1525971044.293252755,39.075370,2018-05-10_18-51-14.539919570,1525971074.542981890,1.00,0.99,0.95,76374410,175195334936,,,,409948,106,14084,31840269,1764,0,52,824,0,0,7707080,7112056,7064508,2108,216340
2018-05-10_18-51-14.600475023,1525971074.602999064,39.081902,2018-05-10_18-51-44.849557973,1525971104.852285651,1.00,0.99,0.95,76375554,175195336268,,,,412979,106,14101,31849330,1764,0,52,825,0,0,7707080,7111944,7064396,2108,216340
2018-05-10_18-51-44.891796390,1525971104.894309169,39.042597,2018-05-10_18-52-15.139858666,1525971135.142500807,1.00,0.99,0.95,76376698,175195337600,,,,415999,106,14106,31858414,1764,0,52,825,0,0,7707080,7112496,7064948,2108,216340
2018-05-10_18-52-15.181317057,1525971135.183888626,39.075370,2018-05-10_18-52-45.429340082,1525971165.431961459,1.00,0.99,0.95,76377842,175195338932,,,,419021,106,14112,31867498,1764,0,52,825,0,0,7707080,7112348,7064996,2108,216340
2018-05-10_18-52-45.472513297,1525971165.475431625,39.075373,2018-05-10_18-53-15.727308796,1525971195.729989158,1.00,0.99,0.95,76378986,175195340264,,,,422042,106,14117,31876585,1764,0,52,826,0,0,7707080,7112580,7065032,2108,216340
2018-05-10_18-53-15.769436908,1525971195.771932619,39.061954,2018-05-10_18-53-46.046230325,1525971226.049427838,1.00,0.99,0.95,76380130,175195341536,,,,425064,106,14127,31885677,1764,0,52,826,0,0,7707080,7112548,7065000,2108,216340
2018-05-10_18-53-46.096074365,1525971226.098605480,39.052397,2018-05-10_18-54-16.351527146,1525971256.354158263,1.00,0.99,0.95,76381274,175195342868,,,,428085,106,14134,31894763,1764,0,52,826,0,0,7707080,7112640,7065288,2108,216340
2018-05-10_18-54-16.394065779,1525971256.396655702,38.999971,2018-05-10_18-54-46.644539229,1525971286.647288409,1.00,0.99,0.95,76382418,175195344200,,,,431102,106,14140,31903848,1764,0,52,826,0,0,7707080,7112856,7065020,2108,216340
2018-05-10_18-54-46.687377952,1525971286.689909405,39.065537,2018-05-10_18-55-16.936963742,1525971316.939547246,1.00,0.99,0.95,76383562,175195345532,,,,434129,106,14160,31912910,1764,0,52,826,0,0,7707080,7099136,7051592,2108,216348
2018-05-10_18-55-16.980124619,1525971316.982757086,39.075371,2018-05-10_18-55-47.229847510,1525971347.232415709,1.00,0.99,0.95,76384706,175195346864,,,,437158,106,14175,31921975,1764,0,53,827,0,0,7707080,7098196,7050660,2108,216356
2018-05-10_18-55-47.271055131,1525971347.273658030,39.068812,2018-05-10_18-56-17.524634485,1525971377.527282062,1.00,0.99,0.95,76385850,175195348196,,,,440183,106,14189,31931055,1764,0,53,827,0,0,7707080,7099200,7051664,2108,216356
2018-05-10_18-56-17.595404622,1525971377.598744541,39.071973,2018-05-10_18-56-47.869415949,1525971407.872270326,1.00,0.99,0.95,76386994,175195349528,,,,443206,106,14211,31940127,1764,0,53,827,0,0,7707080,7099116,7051584,2108,216360
2018-05-10_18-56-47.916582182,1525971407.919544179,39.072090,2018-05-10_18-57-18.167216039,1525971438.169890960,1.00,0.99,0.95,76388138,175195350860,,,,446226,106,14217,31949211,1764,0,53,828,0,0,7707080,7099412,7052076,2108,216360
2018-05-10_18-57-18.208186049,1525971438.210925873,39.042593,2018-05-10_18-57-48.459049177,1525971468.461882308,1.00,0.99,0.95,76389282,175195352192,,,,449242,106,14226,31958289,1764,0,53,828,0,0,7707080,7099172,7051644,2108,216364
2018-05-10_18-57-48.501311715,1525971468.503925556,39.075351,2018-05-10_18-58-18.750756221,1525971498.753501579,1.00,0.99,0.95,76390426,175195353524,,,,452263,106,14233,31967371,1764,0,54,828,0,0,7707080,7111896,7064368,2108,216360
