StartTime,StartEpoch,BW,EndTime,EndEpoch,CPULoad1m,CPULoad5m,CPULoad5m,NetDevRX,NetDevTX,IRQconfig,IRQinput,IRQoutput,user,nice,system,idle,iowait,irq,softirq,steal,guest,guest_nice,MemTotal,MemFree,MemAvailable,Buffers,Cached
2018-05-09_13-06-22.097375123,1525863982.099515894,24372329660,2018-05-09_13-06-52.144766191,1525864012.146917228,0.38,0.38,0.45,19849647338,19307867948998,,,,5697,6,320953,3204920,1025,0,7721,177,0,0,7707424,7232452,7145500,948,150492
2018-05-09_13-06-52.180119232,1525864012.182167796,23606988911,2018-05-09_13-07-22.246085852,1525864042.248977565,0.34,0.37,0.44,19955110604,19396930935058,,,,5711,6,322509,3213926,1025,0,7736,177,0,0,7707424,7232932,7145532,948,150492
2018-05-09_13-07-22.287117136,1525864042.289591068,23744063862,2018-05-09_13-07-52.335370399,1525864072.337481162,0.54,0.42,0.46,20060206070,19486508709174,,,,5723,6,323906,3223002,1025,0,7780,177,0,0,7707424,7232892,7145936,948,150492
2018-05-09_13-07-52.369243895,1525864072.371776647,23848766256,2018-05-09_13-08-22.415124958,1525864102.417423695,0.51,0.42,0.46,20168225816,19576481680886,,,,5748,6,325353,3231958,1025,0,7808,178,0,0,7707424,7220244,7133112,948,150504
2018-05-09_13-08-22.449187407,1525864102.451282314,23753196694,2018-05-09_13-08-52.493000650,1525864132.495126102,0.63,0.46,0.47,20274094622,19666095717152,,,,5765,6,326864,3240968,1025,0,7854,178,0,0,7707424,7220012,7132620,948,150504
2018-05-09_13-08-52.526601209,1525864132.528639159,24504383311,2018-05-09_13-09-22.570128102,1525864162.572355154,0.49,0.45,0.47,20385373748,19758542675278,,,,5776,6,328517,3249947,1025,0,7901,178,0,0,7707424,7219348,7132424,948,150504
2018-05-09_13-09-22.604819897,1525864162.606950221,23702916494,2018-05-09_13-09-52.648258013,1525864192.650419780,0.52,0.45,0.47,20490426254,19847964720404,,,,5793,6,330041,3258993,1025,0,7946,178,0,0,7707424,7220072,7132936,948,150508
2018-05-09_13-09-52.682330556,1525864192.684494952,23723017595,2018-05-09_13-10-22.729052734,1525864222.731174401,0.45,0.44,0.46,20595886100,19937464170652,,,,5817,6,331510,3268025,1025,0,8000,178,0,0,7707424,7220216,7132888,948,150516
2018-05-09_13-10-22.763403192,1525864222.765451946,24313513739,2018-05-09_13-10-52.830312614,1525864252.832967979,0.52,0.46,0.47,20703773846,20029194459350,,,,5832,6,333134,3277037,1025,0,8048,178,0,0,7707424,7220676,7133540,948,150516
2018-05-09_13-10-52.870464134,1525864252.872528865,23644797003,2018-05-09_13-11-22.918499901,1525864282.920583930,0.57,0.48,0.48,20808564812,20118397223914,,,,5845,6,334486,3286064,1025,0,8101,179,0,0,7707424,7232388,7145452,948,150508
2018-05-09_13-11-22.953969084,1525864282.956091681,23661992275,2018-05-09_13-11-52.998513198,1525864313.000620005,0.53,0.48,0.48,20913106118,20207667100378,,,,5859,6,335976,3295104,1025,0,8148,179,0,0,7707424,7233228,7146096,948,150508
2018-05-09_13-11-53.032872704,1525864313.034963506,23758685872,2018-05-09_13-12-23.082148778,1525864343.084271420,0.54,0.49,0.48,21020148764,20297302103560,,,,5880,6,337484,3304100,1025,0,8182,179,0,0,7707424,7231964,7144840,948,150508
2018-05-09_13-12-23.116374614,1525864343.118485130,23697884526,2018-05-09_13-12-53.160076257,1525864373.162256421,0.78,0.55,0.50,21125217050,20386705951778,,,,5894,6,338941,3313118,1025,0,8192,179,0,0,7707424,7232648,7145532,948,150508
2018-05-09_13-12-53.194680631,1525864373.196791477,24332908863,2018-05-09_13-13-23.238864148,1525864403.241048748,0.80,0.58,0.51,21233199596,20478507973268,,,,5909,6,340580,3322077,1025,0,8207,179,0,0,7707424,7232836,7145724,948,150508
2018-05-09_13-13-23.273015455,1525864403.275094483,23680877868,2018-05-09_13-13-53.317102917,1525864433.319298676,0.70,0.57,0.51,21337581302,20567847604834,,,,5922,6,342034,3331121,1025,0,8214,179,0,0,7707424,7232728,7145752,948,150508
2018-05-09_13-13-53.351293090,1525864433.353416927,23633056951,2018-05-09_13-14-23.419086180,1525864463.421852576,0.69,0.58,0.52,21442152608,20657008563614,,,,5935,6,343464,3340173,1025,0,8223,179,0,0,7707424,7232720,7145592,948,150508
2018-05-09_13-14-23.461814127,1525864463.464251239,24449751315,2018-05-09_13-14-53.511809057,1525864493.514090216,0.65,0.59,0.52,21551840234,20749251399670,,,,5949,6,345089,3349154,1025,0,8237,180,0,0,7707424,7232632,7145680,948,150508
2018-05-09_13-14-53.548282464,1525864493.550384176,23782404741,2018-05-09_13-15-23.593623628,1525864523.595762702,0.59,0.58,0.52,21658720880,20838975144966,,,,5964,6,346583,3358141,1025,0,8254,180,0,0,7707424,7232896,7145936,948,150512
2018-05-09_13-15-23.629486983,1525864523.631558471,23630152834,2018-05-09_13-15-53.675967435,1525864553.678081296,0.48,0.55,0.51,21763656506,20928125164506,,,,5984,6,348154,3367141,1025,0,8272,180,0,0,7707424,7220168,7133044,948,150524
2018-05-09_13-15-53.710768062,1525864553.712785913,24312444831,2018-05-09_13-16-23.755109733,1525864583.757160160,0.56,0.57,0.51,21872475032,21019850310238,,,,5998,6,349744,3376126,1025,0,8285,180,0,0,7707424,7220036,7132656,948,150524
2018-05-09_13-16-23.789437507,1525864583.791507986,23808187436,2018-05-09_13-16-53.833675589,1525864613.835943111,0.59,0.57,0.52,21977549018,21109672424710,,,,6014,6,351244,3385213,1025,0,8307,180,0,0,7707424,7220472,7133080,948,150524
2018-05-09_13-16-53.870177244,1525864613.873166668,23675021599,2018-05-09_13-17-23.916919055,1525864643.918995578,0.60,0.58,0.52,22082643962,21198990301902,,,,6036,6,352682,3394261,1025,0,8334,181,0,0,7707424,7219840,7132436,948,150528
2018-05-09_13-17-23.950830779,1525864643.952928315,24317672470,2018-05-09_13-17-54.017090739,1525864674.019817028,0.71,0.61,0.53,22190722628,21290735755410,,,,6052,6,354360,3403245,1025,0,8355,181,0,0,7707424,7219580,7132464,948,150528
2018-05-09_13-17-54.061600941,1525864674.063899814,23650140854,2018-05-09_13-18-24.110166075,1525864704.112381083,0.70,0.61,0.54,22296472154,21379962251120,,,,6068,6,355930,3412247,1025,0,8386,181,0,0,7707424,7220128,7132764,948,150532
2018-05-09_13-18-24.145857002,1525864704.147941300,23746680107,2018-05-09_13-18-54.189386374,1525864734.191567702,0.61,0.60,0.53,22401201440,21469550310520,,,,6081,6,357456,3421301,1025,0,8404,182,0,0,7707424,7232048,7144884,948,150524
2018-05-09_13-18-54.223399236,1525864734.225654588,23696773166,2018-05-09_13-19-24.268594468,1525864764.270799320,0.55,0.59,0.53,22506478046,21558951521584,,,,6095,6,358952,3430376,1025,0,8422,182,0,0,7707424,7232448,7145328,948,150524
2018-05-09_13-19-24.303103633,1525864764.305604754,23695137556,2018-05-09_13-19-54.348323739,1525864794.350395906,0.40,0.55,0.52,22612346372,21648346535166,,,,6107,6,360325,3439408,1025,0,8439,183,0,0,7707424,7233040,7145940,948,150524
2018-05-09_13-19-54.382543715,1525864794.384554528,24373960644,2018-05-09_13-20-24.427970290,1525864824.430103842,0.41,0.54,0.52,22721352878,21740300595704,,,,6126,6,361950,3448417,1025,0,8457,183,0,0,7707424,7232784,7145680,948,150532
2018-05-09_13-20-24.462021235,1525864824.464022768,23730215136,2018-05-09_13-20-54.507843147,1525864854.509894390,0.44,0.54,0.52,22826587544,21829827076038,,,,6145,6,363461,3457449,1025,0,8484,183,0,0,7707424,7232672,7145272,948,150540
2018-05-09_13-20-54.542701155,1525864854.544768253,23697828420,2018-05-09_13-21-24.602445571,1525864884.605264131,0.53,0.55,0.52,22931056250,21919232506462,,,,6159,6,364928,3466524,1025,0,8498,183,0,0,7707424,7233056,7146120,948,150540
2018-05-09_13-21-24.644115604,1525864884.646262360,24496444238,2018-05-09_13-21-54.700196453,1525864914.702494024,0.60,0.56,0.53,23041632596,22011651641806,,,,6172,6,366517,3475491,1025,0,8509,184,0,0,7707424,7233344,7146056,948,150540
2018-05-09_13-21-54.736850842,1525864914.739000619,23749339387,2018-05-09_13-22-24.781853255,1525864944.784014523,0.57,0.56,0.52,23148463382,22101249459178,,,,6185,6,368005,3484507,1025,0,8524,185,0,0,7707424,7232812,7145612,948,150540
2018-05-09_13-22-24.816945313,1525864944.819153134,23730142958,2018-05-09_13-22-54.861264154,1525864974.863334611,0.61,0.57,0.53,23253954848,22190776466500,,,,6197,6,369576,3493550,1025,0,8535,185,0,0,7707424,7233192,7146060,948,150540
2018-05-09_13-22-54.895398008,1525864974.897502927,23794808990,2018-05-09_13-23-24.939061251,1525865004.941371253,0.44,0.53,0.52,23359196174,22280547945790,,,,6210,6,371122,3502572,1025,0,8539,185,0,0,7707424,7232784,7145656,948,150540
2018-05-09_13-23-24.973504706,1525865004.975536368,23636132749,2018-05-09_13-23-55.016930111,1525865035.019050775,0.67,0.58,0.53,23464628960,22369719460584,,,,6226,6,372706,3511560,1025,0,8547,185,0,0,7707424,7220048,7132924,948,150552
2018-05-09_13-23-55.051509840,1525865035.053543331,23725316489,2018-05-09_13-24-25.095486208,1525865065.097680780,0.67,0.58,0.53,23568708086,22459228270836,,,,6240,6,374231,3520626,1025,0,8559,186,0,0,7707424,7219892,7132768,948,150552
2018-05-09_13-24-25.130059205,1525865065.132120587,24341394117,2018-05-09_13-24-55.188558610,1525865095.191118611,0.68,0.59,0.54,23676957092,22551061150338,,,,6265,6,375828,3529637,1025,0,8581,187,0,0,7707424,7219716,7132604,948,150556
2018-05-09_13-24-55.229441131,1525865095.231678767,23656456571,2018-05-09_13-25-25.277505014,1525865125.279639253,0.53,0.57,0.53,23782553198,22640309404904,,,,6284,6,377376,3538663,1025,0,8603,218,0,0,7707424,7220460,7133340,948,150560
2018-05-09_13-25-25.312154929,1525865125.314387907,23807251653,2018-05-09_13-25-55.356607982,1525865155.358931122,0.37,0.53,0.52,23889506804,22730127827166,,,,6299,6,379022,3547647,1025,0,8644,218,0,0,7707424,7219912,7132792,948,150560
2018-05-09_13-25-55.391374360,1525865155.393435648,23684759633,2018-05-09_13-26-25.435126629,1525865185.437206733,0.38,0.51,0.51,23993652530,22819481435902,,,,6313,6,380542,3556705,1025,0,8671,218,0,0,7707424,7220228,7133016,948,150560
2018-05-09_13-26-25.468704044,1525865185.470784199,23718056405,2018-05-09_13-26-55.512931782,1525865215.515073438,0.56,0.54,0.52,24099085556,22908960577456,,,,6328,6,382074,3565750,1025,0,8684,219,0,0,7707424,7233088,7145756,948,150556
2018-05-09_13-26-55.546508949,1525865215.548659738,24436224397,2018-05-09_13-27-25.589800502,1525865245.591936539,0.45,0.52,0.51,24207064982,23001150932414,,,,6342,6,383716,3574781,1025,0,8695,219,0,0,7707424,7232260,7145224,948,150556
2018-05-09_13-27-25.623911522,1525865245.625982210,23749247247,2018-05-09_13-27-55.669984032,1525865275.672219534,0.59,0.55,0.52,24312636608,23090749276936,,,,6355,6,385272,3583830,1025,0,8705,219,0,0,7707424,7233556,7146412,948,150556
2018-05-09_13-27-55.704607454,1525865275.706670923,23629944602,2018-05-09_13-28-25.771149588,1525865305.774324248,0.54,0.54,0.52,24416873654,23179899159086,,,,6371,6,386912,3592863,1025,0,8717,220,0,0,7707424,7233356,7146212,948,150556
2018-05-09_13-28-25.813992776,1525865305.815999944,24402424639,2018-05-09_13-28-55.861903938,1525865335.864052605,0.52,0.54,0.52,24525872180,23271961220560,,,,6393,6,388594,3601841,1025,0,8768,220,0,0,7707424,7232604,7145460,948,150556
2018-05-09_13-28-55.896145094,1525865335.898278287,23746454847,2018-05-09_13-29-25.941915057,1525865365.944194248,0.45,0.52,0.51,24632169266,23361550466574,,,,6407,6,390193,3610854,1025,0,8808,220,0,0,7707424,7232644,7145500,948,150556
2018-05-09_13-29-25.976471315,1525865365.978557490,23687578457,2018-05-09_13-29-56.020209791,1525865396.022317050,0.54,0.54,0.52,24737992412,23450915942962,,,,6420,6,391708,3619877,1025,0,8849,220,0,0,7707424,7232820,7145676,948,150556
2018-05-09_13-29-56.054228775,1525865396.056311086,23734411768,2018-05-09_13-30-26.098772005,1525865426.101038930,0.58,0.55,0.52,24842762198,23540460491886,,,,6439,6,393324,3628920,1025,0,8867,220,0,0,7707424,7232592,7145564,948,150564
2018-05-09_13-30-26.132586679,1525865426.134718889,23715923064,2018-05-09_13-30-56.178853897,1525865456.180892495,0.59,0.56,0.53,24947676464,23629933699776,,,,6453,6,394838,3637967,1025,0,8878,221,0,0,7707424,7232464,7145436,948,150564
2018-05-09_13-30-56.212677652,1525865456.214742306,24396115498,2018-05-09_13-31-26.257722694,1525865486.259913790,0.81,0.62,0.55,25055593730,23721971094780,,,,6468,6,396500,3646976,1025,0,8886,221,0,0,7707424,7232372,7145232,948,150564
2018-05-09_13-31-26.292600384,1525865486.294771916,24346969105,2018-05-09_13-31-56.345369510,1525865516.347958290,0.76,0.63,0.55,25162590596,23813824544472,,,,6489,6,398140,3655987,1025,0,8922,221,0,0,7707424,7220672,7133536,948,150572
2018-05-09_13-31-56.384809555,1525865516.386922066,23664647744,2018-05-09_13-32-26.434326795,1525865546.436682112,0.72,0.63,0.56,25267064702,23903104838102,,,,6504,6,399636,3665027,1025,0,8949,222,0,0,7707424,7220368,7133232,948,150572
2018-05-09_13-32-26.470784043,1525865546.473006590,23729601764,2018-05-09_13-32-56.513996269,1525865576.516092867,0.56,0.60,0.55,25370831708,23992627494992,,,,6523,6,401142,3674087,1025,0,8977,222,0,0,7707424,7219764,7132480,948,150580
2018-05-09_13-32-56.548399721,1525865576.550449642,23680512812,2018-05-09_13-33-26.591517682,1525865606.593648860,0.59,0.61,0.55,25476696794,24081965017148,,,,6548,6,402633,3683105,1025,0,9005,223,0,0,7707424,7219536,7132612,948,150584
2018-05-09_13-33-26.625896258,1525865606.627919693,23782710738,2018-05-09_13-33-56.669059407,1525865636.671381607,0.72,0.64,0.57,25583481200,24171688762768,,,,6561,6,404215,3692164,1025,0,9047,223,0,0,7707424,7220628,7133496,948,150584
2018-05-09_13-33-56.703463183,1525865636.705558135,24386777546,2018-05-09_13-34-26.746859661,1525865666.749047022,0.83,0.68,0.58,25692370346,24263690686914,,,,6581,6,405956,3701148,1025,0,9096,223,0,0,7707424,7220352,7133224,948,150588
2018-05-09_13-34-26.780475335,1525865666.782548022,23721068059,2018-05-09_13-34-56.824555456,1525865696.826727589,0.68,0.66,0.58,25796650712,24353183278110,,,,6595,6,407525,3710183,1025,0,9141,223,0,0,7707424,7232400,7145472,948,150580
2018-05-09_13-34-56.858726185,1525865696.860880447,23682049615,2018-05-09_13-35-26.917121342,1525865726.919819861,0.47,0.61,0.57,25901529998,24442528316190,,,,6611,6,409151,3719242,1025,0,9160,223,0,0,7707424,7232972,7146036,948,150580
2018-05-09_13-35-26.957963401,1525865726.960053495,24490267392,2018-05-09_13-35-57.014362844,1525865757.016721591,0.54,0.62,0.57,26011885064,24534924376288,,,,6626,6,410813,3728193,1025,0,9178,223,0,0,7707424,7233260,7145812,948,150580
2018-05-09_13-35-57.051380505,1525865757.053838016,23824849448,2018-05-09_13-36-27.096835984,1525865787.099084074,0.72,0.65,0.59,26120112350,24624806619556,,,,6640,6,412409,3737154,1025,0,9193,223,0,0,7707424,7232608,7145192,948,150580
2018-05-09_13-36-27.131983341,1525865787.134135437,23747231936,2018-05-09_13-36-57.177338679,1525865817.179614938,0.49,0.61,0.58,26225899196,24714399030360,,,,6652,6,413913,3746198,1025,0,9208,224,0,0,7707424,7232844,7145708,948,150580
2018-05-09_13-36-57.212277355,1525865817.214360510,23871171001,2018-05-09_13-37-27.256977955,1525865847.259116986,0.48,0.59,0.57,26333369462,24804457314282,,,,6676,6,415411,3755216,1025,0,9235,224,0,0,7707424,7232568,7145432,948,150572
2018-05-09_13-37-27.291105380,1525865847.293170155,23776342159,2018-05-09_13-37-57.334051321,1525865877.336204398,0.34,0.55,0.56,26440414808,24894156796908,,,,6690,6,416817,3764281,1025,0,9249,224,0,0,7707424,7232796,7145656,948,150572
2018-05-09_13-37-57.368066674,1525865877.370123354,24431621407,2018-05-09_13-38-27.413903087,1525865907.416043978,0.45,0.56,0.57,26549108714,24986328031622,,,,6705,6,418385,3773323,1025,0,9263,224,0,0,7707424,7232556,7145420,948,150572
2018-05-09_13-38-27.448294027,1525865907.450329772,23636294750,2018-05-09_13-38-57.515171547,1525865937.517824529,0.47,0.56,0.56,26653936940,25075502308432,,,,6718,6,419878,3782393,1025,0,9304,225,0,0,7707424,7233324,7146188,948,150572
2018-05-09_13-38-57.557389951,1525865937.559816419,23902199677,2018-05-09_13-39-27.607373273,1525865967.609416097,0.62,0.58,0.57,26762017166,25165679395950,,,,6732,6,421478,3791382,1025,0,9355,225,0,0,7707424,7233028,7145628,948,150572
2018-05-09_13-39-27.641586867,1525865967.643635634,23722000991,2018-05-09_13-39-57.685635202,1525865997.687802226,0.45,0.54,0.56,26868160592,25255175159010,,,,6749,6,423049,3800421,1025,0,9406,225,0,0,7707424,7220224,7133092,948,150584
2018-05-09_13-39-57.720510795,1525865997.722581508,23749064262,2018-05-09_13-40-27.764018492,1525866027.766155407,0.59,0.57,0.57,26972725478,25344773372892,,,,6768,6,424527,3809493,1025,0,9427,226,0,0,7707424,7220104,7132992,948,150588
2018-05-09_13-40-27.797753531,1525866027.799824612,23684344946,2018-05-09_13-40-57.844339214,1525866057.846434951,0.68,0.60,0.58,27077971244,25434128300448,,,,6785,6,426251,3818494,1025,0,9449,227,0,0,7707424,7219900,7132796,948,150588
2018-05-09_13-40-57.877674002,1525866057.879736665,24397633412,2018-05-09_13-41-27.924178052,1525866087.926384042,0.73,0.62,0.59,27186757670,25526175058156,,,,6808,6,427932,3827489,1025,0,9475,227,0,0,7707424,7218660,7131480,948,150596
2018-05-09_13-41-27.958492809,1525866087.960662116,23663992942,2018-05-09_13-41-58.031422569,1525866118.034128905,0.70,0.62,0.59,27292609616,25615452320336,,,,6826,6,429426,3836552,1025,0,9491,227,0,0,7707424,7219428,7132480,948,150600
2018-05-09_13-41-58.072197524,1525866118.074249610,23711357495,2018-05-09_13-42-28.118884542,1525866148.121044327,0.50,0.58,0.58,27397388522,25704907995048,,,,6844,6,430950,3845609,1025,0,9512,228,0,0,7707424,7219648,7132536,948,150600
2018-05-09_13-42-28.154087232,1525866148.156200862,24418480621,2018-05-09_13-42-58.197717415,1525866178.200042557,0.56,0.59,0.58,27504886508,25797030572810,,,,6861,6,432601,3854634,1025,0,9546,228,0,0,7707424,7233160,7145836,948,150592
2018-05-09_13-42-58.232320212,1525866178.234400114,23742485204,2018-05-09_13-43-28.276076823,1525866208.278111882,0.47,0.56,0.58,27611076374,25886602940682,,,,6878,6,434019,3863684,1025,0,9563,228,0,0,7707424,7233144,7146076,948,150592
2018-05-09_13-43-28.309705823,1525866208.311727453,23804947230,2018-05-09_13-43-58.352993107,1525866238.355034405,0.47,0.56,0.57,27716808260,25976409890830,,,,6895,6,435587,3872748,1025,0,9579,229,0,0,7707424,7232780,7145628,948,150592
2018-05-09_13-43-58.386786622,1525866238.388827001,23762904982,2018-05-09_13-44-28.431035097,1525866268.433084399,0.50,0.55,0.57,27822303266,26066060189084,,,,6911,6,437153,3881824,1025,0,9598,229,0,0,7707424,7233436,7146120,948,150592
2018-05-09_13-44-28.464517919,1525866268.466544988,23728375834,2018-05-09_13-44-58.509669066,1525866298.511974958,0.49,0.55,0.57,27928329152,26155579416502,,,,6927,6,438732,3890862,1025,0,9614,229,0,0,7707424,7231916,7145192,948,150592
2018-05-09_13-44-58.544636763,1525866298.546738565,24276043344,2018-05-09_13-45-28.594762545,1525866328.597035934,0.57,0.56,0.58,28037026538,26247167569776,,,,6950,6,440328,3899840,1025,0,9641,229,0,0,7707424,7231472,7144492,948,150600
2018-05-09_13-45-28.631605472,1525866328.633892254,23716205217,2018-05-09_13-45-58.677384294,1525866358.679465829,0.47,0.54,0.57,28142533304,26336641964658,,,,6964,6,441694,3908908,1025,0,9656,229,0,0,7707424,7232492,7145396,948,150600
2018-05-09_13-45-58.712182356,1525866358.714219412,23883197647,2018-05-09_13-46-28.755837814,1525866388.758210647,0.42,0.52,0.56,28249850090,26426744153784,,,,6978,6,443204,3917887,1025,0,9668,229,0,0,7707424,7232292,7145188,948,150600
2018-05-09_13-46-28.790719443,1525866388.792879411,24414550076,2018-05-09_13-46-58.835101277,1525866418.837373134,0.45,0.51,0.56,28358681036,26518853413786,,,,6993,6,444751,3926914,1025,0,9676,230,0,0,7707424,7232440,7145076,948,150600
2018-05-09_13-46-58.869284403,1525866418.871374841,23895231473,2018-05-09_13-47-28.913993681,1525866448.916048162,0.48,0.51,0.56,28467274142,26609004523736,,,,7007,6,446240,3935888,1025,0,9689,230,0,0,7707424,7231868,7144780,948,150600
2018-05-09_13-47-28.947283596,1525866448.949281991,23747482843,2018-05-09_13-47-58.990886496,1525866478.992974004,0.55,0.53,0.56,28573448168,26698595220614,,,,7026,6,447685,3944923,1025,0,9711,231,0,0,7707424,7220528,7133168,948,150608
2018-05-09_13-47-59.025973194,1525866479.027987295,24372353313,2018-05-09_13-48-29.089538201,1525866509.092333069,0.47,0.51,0.56,28682023994,26790546511036,,,,7042,6,449255,3953953,1025,0,9727,231,0,0,7707424,7220280,7133224,948,150608
2018-05-09_13-48-29.130806775,1525866509.133147191,23871821997,2018-05-09_13-48-59.179993004,1525866539.182116737,0.68,0.56,0.57,28789683260,26880608090604,,,,7061,6,450616,3962918,1025,0,9774,231,0,0,7707424,7219808,7132724,948,150612
2018-05-09_13-48-59.214251090,1525866539.216299561,23691450331,2018-05-09_13-49-29.259266771,1525866569.261387761,0.67,0.57,0.57,28895248106,26969986754436,,,,7083,6,451818,3971946,1025,0,9822,232,0,0,7707424,7219264,7132208,948,150616
2018-05-09_13-49-29.292845091,1525866569.294848361,24340921878,2018-05-09_13-49-59.335988903,1525866599.338040716,0.54,0.55,0.57,29004074732,27061816203116,,,,7096,6,453270,3980948,1025,0,9842,232,0,0,7707424,7220136,7133088,948,150620
2018-05-09_13-49-59.369410179,1525866599.371525428,23671848452,2018-05-09_13-50-29.416662956,1525866629.418923740,0.63,0.57,0.58,29109530378,27151122737376,,,,7120,6,454579,3989964,1025,0,9869,232,0,0,7707424,7219444,7132412,948,150624
2018-05-09_13-50-29.450809505,1525866629.452870728,23747889848,2018-05-09_13-50-59.494514113,1525866659.496592275,0.52,0.55,0.57,29215140824,27240715280008,,,,7133,6,455925,3999055,1025,0,9888,232,0,0,7707424,7231688,7144864,948,150620
2018-05-09_13-50-59.528908570,1525866659.530980596,23645575975,2018-05-09_13-51-29.595184836,1525866689.598072792,0.58,0.56,0.57,29321014010,27329925028486,,,,7146,6,457128,4008107,1025,0,9911,233,0,0,7707424,7232280,7145108,948,150620
2018-05-09_13-51-29.639479128,1525866689.641636592,23705131725,2018-05-09_13-51-59.688481567,1525866719.690611442,0.49,0.54,0.57,29427620456,27419357491102,,,,7157,6,458505,4017141,1025,0,9934,233,0,0,7707424,7232064,7145044,948,150620
2018-05-09_13-51-59.722946110,1525866719.725346510,24378411896,2018-05-09_13-52-29.769551119,1525866749.771936697,0.38,0.50,0.55,29535668882,27511330010422,,,,7168,6,460030,4026177,1025,0,9953,233,0,0,7707424,7232072,7145264,948,150620
2018-05-09_13-52-29.804934111,1525866749.806973479,23800205652,2018-05-09_13-52-59.848162677,1525866779.850276039,0.38,0.49,0.55,29640949328,27601119159470,,,,7182,6,461462,4035285,1025,0,9982,233,0,0,7707424,7232472,7145604,948,150620
2018-05-09_13-52-59.882637332,1525866779.884949032,23763953928,2018-05-09_13-53-29.927737983,1525866809.929906361,0.50,0.51,0.55,29746875194,27690772892920,,,,7206,6,462893,4044354,1025,0,10038,233,0,0,7707424,7231596,7144576,948,150620
2018-05-09_13-53-29.964100024,1525866809.966201863,24427879658,2018-05-09_13-54-00.008671967,1525866840.010801270,0.52,0.51,0.55,29854710860,27782932261440,,,,7222,6,464375,4053392,1025,0,10093,234,0,0,7707424,7232228,7144728,948,150620
2018-05-09_13-54-00.042948245,1525866840.045125276,23665072252,2018-05-09_13-54-30.110671995,1525866870.113764971,0.43,0.49,0.54,29960393666,27872213478298,,,,7237,6,465878,4062422,1025,0,10122,234,0,0,7707424,7231636,7144772,948,150620
2018-05-09_13-54-30.152839090,1525866870.155181817,23696932323,2018-05-09_13-55-00.202844534,1525866900.204996185,0.43,0.49,0.54,30064813892,27961615481140,,,,7251,6,467251,4071505,1025,0,10143,235,0,0,7707424,7231984,7144964,948,150620
2018-05-09_13-55-00.238082705,1525866900.240317140,23869405447,2018-05-09_13-55-30.283358776,1525866930.285501863,0.47,0.49,0.54,30173341958,28051666376376,,,,7264,6,468753,4080523,1025,0,10160,236,0,0,7707424,7232124,7145056,948,150620
2018-05-09_13-55-30.318514171,1525866930.320882510,23654936581,2018-05-09_13-56-00.363207441,1525866960.365359409,0.43,0.48,0.53,30278523224,28140908302118,,,,7284,6,470119,4089527,1025,0,10176,236,0,0,7707424,7219396,7132388,948,150632
2018-05-09_13-56-00.397992979,1525866960.400140847,23772934340,2018-05-09_13-56-30.441894448,1525866990.443938220,0.37,0.46,0.53,30385019750,28230596180964,,,,7296,6,471649,4098570,1025,0,10186,236,0,0,7707424,7219640,7132824,948,150632
2018-05-09_13-56-30.475279957,1525866990.477333515,24384835687,2018-05-09_13-57-00.520658251,1525867020.522790172,0.49,0.48,0.53,30493721456,28322595204462,,,,7314,6,473234,4107579,1025,0,10210,237,0,0,7707424,7219428,7132412,948,150632
2018-05-09_13-57-00.555820861,1525867020.557881073,23626418392,2018-05-09_13-57-30.604518156,1525867050.607119743,0.50,0.48,0.53,30599415782,28411729670026,,,,7339,6,474699,4116591,1025,0,10242,237,0,0,7707424,7218848,7131848,948,150636
