StartTime,StartEpoch,BW,EndTime,EndEpoch,CPULoad1m,CPULoad5m,CPULoad5m,NetDevRX,NetDevTX,IRQconfig,IRQinput,IRQoutput,user,nice,system,idle,iowait,irq,softirq,steal,guest,guest_nice,MemTotal,MemFree,MemAvailable,Buffers,Cached
2018-05-10_20-20-01.940130100,1525976401.942803627,36.558797,2018-05-10_20-20-32.191708278,1525976432.194241365,0.62,0.84,0.91,76524746,175195509666,,,,801446,106,15584,33589184,1764,0,72,875,0,0,7707080,7143824,7096528,2108,216584
2018-05-10_20-20-32.238265485,1525976432.240809209,36.555543,2018-05-10_20-21-02.516396203,1525976462.519473641,0.77,0.86,0.91,76525890,175195510938,,,,804467,106,15596,33598275,1764,0,72,875,0,0,7707080,7143028,7095732,2108,216584
2018-05-10_20-21-02.566260409,1525976462.568755282,36.568657,2018-05-10_20-21-32.819662582,1525976492.822312611,0.86,0.87,0.91,76527034,175195512270,,,,807488,106,15602,33607359,1764,0,72,875,0,0,7707080,7144100,7096532,2108,216584
2018-05-10_20-21-32.861613464,1525976492.864202021,36.545692,2018-05-10_20-22-03.110289913,1525976523.112821777,0.91,0.88,0.92,76528178,175195513602,,,,810509,106,15607,33616444,1764,0,72,876,0,0,7707080,7144108,7096812,2108,216584
2018-05-10_20-22-03.153108539,1525976523.155585200,36.558797,2018-05-10_20-22-33.400714782,1525976553.403349029,0.88,0.88,0.91,76529322,175195514934,,,,813531,106,15616,33625529,1764,0,72,876,0,0,7707080,7143700,7096404,2108,216584
2018-05-10_20-22-33.461168241,1525976553.463662631,36.499797,2018-05-10_20-23-03.710824429,1525976583.713424125,0.93,0.89,0.92,76530466,175195516266,,,,816548,106,15621,33634614,1764,0,72,876,0,0,7707080,7143792,7096496,2108,216584
2018-05-10_20-23-03.752356760,1525976583.755038850,36.568654,2018-05-10_20-23-34.000534896,1525976614.003012917,0.90,0.88,0.91,76531610,175195517598,,,,819574,106,15637,33643681,1764,0,73,876,0,0,7707080,7131584,7084292,2108,216592
2018-05-10_20-23-34.043600157,1525976614.046195541,36.562094,2018-05-10_20-24-04.292564813,1525976644.295166813,0.94,0.90,0.92,76532754,175195518930,,,,822597,106,15647,33652758,1764,0,73,877,0,0,7707080,7131208,7083920,2108,216596
2018-05-10_20-24-04.335802982,1525976644.338361698,36.552264,2018-05-10_20-24-34.586263116,1525976674.588863229,0.96,0.91,0.92,76533898,175195520262,,,,825628,106,15664,33661820,1764,0,73,877,0,0,7707080,7130548,7083264,2108,216600
2018-05-10_20-24-34.627144643,1525976674.629669464,36.555291,2018-05-10_20-25-04.895208148,1525976704.898813658,0.98,0.91,0.92,76535042,175195521594,,,,828654,106,15681,33670892,1764,0,73,877,0,0,7707080,7131772,7084292,2108,216600
2018-05-10_20-25-04.945007551,1525976704.947766503,36.548985,2018-05-10_20-25-35.197897788,1525976735.200584511,0.99,0.92,0.93,76536186,175195522926,,,,831676,106,15696,33679967,1764,0,74,877,0,0,7707080,7131484,7083940,2108,216604
2018-05-10_20-25-35.257444526,1525976735.260086722,36.532598,2018-05-10_20-26-05.506621245,1525976765.509503105,0.99,0.93,0.93,76537330,175195524258,,,,834693,106,15703,33689051,1764,0,74,877,0,0,7707080,7130956,7083676,2108,216604
2018-05-10_20-26-05.548002232,1525976765.550444865,36.555524,2018-05-10_20-26-35.796053585,1525976795.798699760,0.99,0.94,0.93,76538474,175195525590,,,,837713,106,15710,33698133,1764,0,74,877,0,0,7707080,7143200,7096112,2108,216596
2018-05-10_20-26-35.838979595,1525976795.841523686,36.558818,2018-05-10_20-27-06.087870596,1525976826.090510359,1.00,0.94,0.93,76539618,175195526922,,,,840734,106,15715,33707218,1764,0,74,877,0,0,7707080,7143208,7095924,2108,216596
2018-05-10_20-27-06.133440805,1525976826.136102263,36.558822,2018-05-10_20-27-36.401756449,1525976856.405125694,1.00,0.95,0.94,76540762,175195528194,,,,843756,106,15723,33716308,1764,0,74,877,0,0,7707080,7143852,7096568,2108,216596
2018-05-10_20-27-36.449593157,1525976856.452067230,36.545672,2018-05-10_20-28-06.715058618,1525976886.719029160,1.00,0.95,0.94,76541906,175195529526,,,,846776,106,15733,33725398,1764,0,74,877,0,0,7707080,7143928,7096448,2108,216596
2018-05-10_20-28-06.764148746,1525976886.766951192,36.480150,2018-05-10_20-28-37.015582328,1525976917.018377013,1.00,0.96,0.94,76543050,175195530858,,,,849806,106,15755,33734454,1764,0,75,877,0,0,7707080,7143544,7096460,2108,216600
2018-05-10_20-28-37.057946794,1525976917.060472857,36.558801,2018-05-10_20-29-07.306816726,1525976947.309389061,1.00,0.96,0.95,76544194,175195532190,,,,852826,106,15761,33743538,1764,0,75,877,0,0,7707080,7144256,7096980,2108,216604
2018-05-10_20-29-07.347807117,1525976947.350305093,36.558821,2018-05-10_20-29-37.595970349,1525976977.598589270,1.00,0.96,0.95,76545338,175195533522,,,,855847,106,15766,33752621,1764,0,75,877,0,0,7707080,7143948,7096672,2108,216604
2018-05-10_20-29-37.637421682,1525976977.639929335,36.558822,2018-05-10_20-30-07.889105040,1525977007.891645065,1.00,0.97,0.95,76546482,175195534854,,,,858875,106,15781,33761690,1764,0,75,879,0,0,7707080,7143976,7096424,2108,216608
2018-05-10_20-30-07.930004406,1525977007.932476966,36.558487,2018-05-10_20-30-38.208972861,1525977038.212469245,1.00,0.97,0.95,76547626,175195536126,,,,861896,106,15791,33770781,1764,0,75,879,0,0,7707080,7143644,7096372,2108,216608
2018-05-10_20-30-38.258678716,1525977038.261611972,36.558817,2018-05-10_20-31-08.514422334,1525977068.517297661,1.00,0.97,0.95,76548770,175195537458,,,,864925,106,15811,33779846,1764,0,76,880,0,0,7707080,7130348,7083080,2108,216616
2018-05-10_20-31-08.556227460,1525977068.558694440,36.493255,2018-05-10_20-31-38.805220369,1525977098.807788102,1.00,0.98,0.95,76549914,175195538790,,,,867939,106,15817,33788929,1764,0,76,880,0,0,7707080,7130856,7083588,2108,216616
2018-05-10_20-31-38.846623339,1525977098.849200968,36.562081,2018-05-10_20-32-09.095363777,1525977129.097945644,1.00,0.98,0.95,76551058,175195540122,,,,870963,106,15827,33798004,1764,0,76,880,0,0,7707080,7131132,7083600,2108,216616
2018-05-10_20-32-09.136541918,1525977129.139004605,36.555530,2018-05-10_20-32-39.384758863,1525977159.387218140,1.00,0.98,0.95,76552202,175195541454,,,,873994,106,15848,33807058,1764,0,76,881,0,0,7707080,7131048,7083788,2108,216624
2018-05-10_20-32-39.427353244,1525977159.429832850,36.555540,2018-05-10_20-33-09.693388016,1525977189.696639452,1.00,0.98,0.95,76553346,175195542726,,,,877016,106,15857,33816145,1764,0,76,881,0,0,7707080,7130724,7083468,2108,216628
2018-05-10_20-33-09.743315308,1525977189.745978771,36.555513,2018-05-10_20-33-39.998511841,1525977220.001091514,1.00,0.99,0.95,76554490,175195544058,,,,880039,106,15879,33825206,1764,0,76,881,0,0,7707080,7130944,7083540,2108,216628
2018-05-10_20-33-40.041498049,1525977220.043918263,36.522748,2018-05-10_20-34-10.290130474,1525977250.292704084,1.00,0.99,0.95,76555634,175195545390,,,,883057,106,15886,33834287,1764,0,76,881,0,0,7707080,7143592,7096628,2108,216620
2018-05-10_20-34-10.331690925,1525977250.334144821,36.526033,2018-05-10_20-34-40.580447149,1525977280.583027149,1.00,0.99,0.95,76556778,175195546722,,,,886074,106,15891,33843371,1764,0,77,883,0,0,7707080,7144208,7096692,2108,216620
2018-05-10_20-34-40.622018539,1525977280.624557629,36.562094,2018-05-10_20-35-10.870531291,1525977310.873162767,1.00,0.99,0.95,76557922,175195548054,,,,889095,106,15897,33852455,1764,0,77,883,0,0,7707080,7144204,7096672,2108,216620
2018-05-10_20-35-10.914084471,1525977310.916559879,36.558824,2018-05-10_20-35-41.164382357,1525977341.167015590,1.00,0.99,0.95,76559066,175195549386,,,,892117,106,15902,33861540,1764,0,77,884,0,0,7707080,7143904,7096356,2108,216620
2018-05-10_20-35-41.209846686,1525977341.212344081,36.565110,2018-05-10_20-36-11.486149813,1525977371.489546496,1.00,0.99,0.95,76560210,175195550658,,,,895139,106,15913,33870631,1764,0,77,884,0,0,7707080,7144060,7096800,2108,216620
2018-05-10_20-36-11.537611314,1525977371.540171675,36.552257,2018-05-10_20-36-41.790497607,1525977401.793023800,1.00,0.99,0.95,76561354,175195551990,,,,898170,106,15934,33879688,1764,0,77,885,0,0,7707080,7140420,7093156,2108,216616
2018-05-10_20-36-41.834332255,1525977401.836845200,36.499803,2018-05-10_20-37-12.083609593,1525977432.086316298,1.00,0.99,0.95,76562498,175195553322,,,,901188,106,15942,33888775,1764,0,77,886,0,0,7707080,7143684,7096716,2108,216616
2018-05-10_20-37-12.140911265,1525977432.143414657,36.558819,2018-05-10_20-37-42.389576105,1525977462.392222174,1.00,0.99,0.95,76563642,175195554654,,,,904209,106,15947,33897859,1764,0,77,887,0,0,7707080,7144276,7097012,2108,216616
2018-05-10_20-37-42.430771449,1525977462.433245885,36.558816,2018-05-10_20-38-12.680864212,1525977492.683595402,1.00,0.99,0.95,76564786,175195555986,,,,907230,106,15953,33906943,1764,0,77,887,0,0,7707080,7144392,7096900,2108,216620
2018-05-10_20-38-12.722822210,1525977492.725331426,36.555543,2018-05-10_20-38-42.994159584,1525977522.997508399,1.00,0.99,0.95,76565930,175195557258,,,,910253,106,15961,33916035,1764,0,77,888,0,0,7707080,7143768,7096508,2108,216620
2018-05-10_20-38-43.043336207,1525977523.046010392,36.565350,2018-05-10_20-39-13.299809143,1525977553.302529860,1.00,0.99,0.95,76567074,175195558590,,,,913284,106,15985,33925093,1764,0,78,890,0,0,7707080,7131348,7084092,2108,216628
2018-05-10_20-39-13.342792454,1525977553.345485965,36.555539,2018-05-10_20-39-43.592290064,1525977583.594915482,1.00,0.99,0.95,76568218,175195559922,,,,916302,106,15991,33934177,1764,0,78,890,0,0,7707080,7131372,7083884,2108,216628
2018-05-10_20-39-43.634289034,1525977583.636759124,36.499803,2018-05-10_20-40-13.883074692,1525977613.885640348,1.00,0.99,0.95,76569362,175195561254,,,,919328,106,16009,33943237,1764,0,78,890,0,0,7707080,7130764,7083516,2108,216636
2018-05-10_20-40-13.925543041,1525977613.928063461,36.562092,2018-05-10_20-40-44.175023212,1525977644.177579791,1.00,0.99,0.95,76570506,175195562586,,,,922351,106,16019,33952313,1764,0,78,890,0,0,7707080,7131364,7084116,2108,216636
2018-05-10_20-40-44.216221540,1525977644.218767075,36.558803,2018-05-10_20-41-14.466869584,1525977674.469397958,0.92,0.97,0.95,76571650,175195563918,,,,925380,106,16035,33961379,1764,0,78,890,0,0,7707080,7129296,7082252,2108,216640
2018-05-10_20-41-14.507859801,1525977674.510361130,36.552259,2018-05-10_20-41-44.783353531,1525977704.786838412,0.95,0.97,0.95,76572794,175195565190,,,,928406,106,16052,33970456,1764,0,78,890,0,0,7707080,7131188,7083800,2108,216640
2018-05-10_20-41-44.833791866,1525977704.836457601,36.552259,2018-05-10_20-42-15.086980994,1525977735.089546660,0.97,0.97,0.95,76573938,175195566522,,,,931427,106,16064,33979535,1764,0,79,890,0,0,7707080,7143484,7095948,2108,216636
2018-05-10_20-42-15.132270397,1525977735.134836539,36.519471,2018-05-10_20-42-45.380965497,1525977765.383518942,0.98,0.98,0.95,76575082,175195567854,,,,934445,106,16070,33988619,1764,0,79,891,0,0,7707080,7143460,7096220,2108,216636
2018-05-10_20-42-45.422523664,1525977765.425039142,36.529321,2018-05-10_20-43-15.671417443,1525977795.674159474,0.99,0.98,0.95,76576226,175195569186,,,,937463,106,16075,33997704,1764,0,79,891,0,0,7707080,7143024,7095832,2108,216636
2018-05-10_20-43-15.713495961,1525977795.716091538,36.568652,2018-05-10_20-43-45.961358660,1525977825.963960854,0.99,0.98,0.95,76577370,175195570518,,,,940488,106,16087,34006778,1764,0,79,891,0,0,7707080,7143544,7096108,2108,216636
2018-05-10_20-43-46.002628411,1525977826.005172183,36.562002,2018-05-10_20-44-16.251217747,1525977856.253748043,1.00,0.99,0.95,76578514,175195571850,,,,943510,106,16093,34015861,1764,0,79,891,0,0,7707080,7143504,7096264,2108,216636
2018-05-10_20-44-16.295300884,1525977856.297899708,36.558823,2018-05-10_20-44-46.545583032,1525977886.548253023,1.00,0.99,0.95,76579658,175195573182,,,,946532,106,16099,34024947,1764,0,79,891,0,0,7707080,7143420,7096180,2108,216636
2018-05-10_20-44-46.589347902,1525977886.592036178,36.561832,2018-05-10_20-45-16.864744459,1525977916.868255313,1.00,0.99,0.95,76580802,175195574454,,,,949554,106,16113,34034033,1764,0,80,891,0,0,7707080,7144028,7097144,2108,216636
2018-05-10_20-45-16.915029706,1525977916.917706485,36.555541,2018-05-10_20-45-47.167519973,1525977947.170123331,1.00,0.99,0.95,76581946,175195575786,,,,952576,106,16119,34043119,1764,0,80,891,0,0,7707080,7143020,7095780,2108,216636
2018-05-10_20-45-47.211206203,1525977947.213695007,36.535832,2018-05-10_20-46-17.459545419,1525977977.462085903,1.00,0.99,0.95,76583090,175195577118,,,,955603,106,16140,34052176,1764,0,80,891,0,0,7707080,7143112,7095872,2108,216636
2018-05-10_20-46-17.502541866,1525977977.505092295,36.568655,2018-05-10_20-46-47.750460020,1525978007.752919080,1.00,0.99,0.95,76584234,175195578450,,,,958626,106,16144,34061260,1764,0,80,891,0,0,7707080,7144100,7096864,2108,216640
2018-05-10_20-46-47.791151803,1525978007.793659899,36.558795,2018-05-10_20-47-18.040212297,1525978038.042696885,0.93,0.97,0.95,76585378,175195579782,,,,961649,106,16156,34070333,1764,0,80,892,0,0,7707080,7131236,7084008,2108,216652
2018-05-10_20-47-18.081577359,1525978038.084056728,36.562098,2018-05-10_20-47-48.329546026,1525978068.332291010,0.96,0.97,0.95,76586522,175195581114,,,,964670,106,16162,34079417,1764,0,80,892,0,0,7707080,7130788,7083860,2108,216652
2018-05-10_20-47-48.370715285,1525978068.373220418,36.568564,2018-05-10_20-48-18.618677184,1525978098.621194059,0.92,0.96,0.95,76587666,175195582446,,,,967694,106,16173,34088490,1764,0,80,892,0,0,7707080,7130672,7083444,2108,216652
2018-05-10_20-48-18.659249245,1525978098.661752167,36.555542,2018-05-10_20-48-48.928365853,1525978128.931650867,0.95,0.96,0.95,76588810,175195583718,,,,970720,106,16184,34097571,1764,0,80,892,0,0,7707080,7130696,7083324,2108,216656
2018-05-10_20-48-48.977604869,1525978128.980382729,36.571846,2018-05-10_20-49-19.241905320,1525978159.244822275,0.91,0.95,0.95,76589954,175195585050,,,,973742,106,16194,34106656,1764,0,80,893,0,0,7707080,7130804,7083432,2108,216656
2018-05-10_20-49-19.286953873,1525978159.289598487,36.545689,2018-05-10_20-49-49.536247579,1525978189.538848493,0.95,0.96,0.95,76591098,175195586382,,,,976764,106,16211,34115725,1764,0,80,894,0,0,7707080,7130808,7083744,2108,216656
2018-05-10_20-49-49.578228672,1525978189.580682338,36.486711,2018-05-10_20-50-19.828087206,1525978219.830544472,0.97,0.96,0.95,76592242,175195587714,,,,979795,106,16236,34124771,1764,0,81,894,0,0,7707080,7142712,7095496,2108,216660
2018-05-10_20-50-19.868911937,1525978219.871370493,36.529322,2018-05-10_20-50-50.117860860,1525978250.120511481,0.98,0.96,0.95,76593386,175195589046,,,,982813,106,16242,34133855,1764,0,81,895,0,0,7707080,7143504,7096288,2108,216660
2018-05-10_20-50-50.158990609,1525978250.161500875,36.558802,2018-05-10_20-51-20.407473060,1525978280.410038267,0.99,0.96,0.95,76594530,175195590378,,,,985835,106,16247,34142939,1764,0,81,895,0,0,7707080,7143456,7096240,2108,216660
2018-05-10_20-51-20.448675009,1525978280.451211495,36.555546,2018-05-10_20-51-50.698740311,1525978310.701432252,0.99,0.97,0.95,76595674,175195591650,,,,988858,106,16251,34152024,1764,0,81,895,0,0,7707080,7143468,7095956,2108,216660
2018-05-10_20-51-50.744230918,1525978310.746792628,36.545273,2018-05-10_20-52-21.019333567,1525978341.022740809,1.00,0.97,0.95,76596818,175195592922,,,,991880,106,16264,34161110,1764,0,81,895,0,0,7707080,7143552,7096188,2108,216660
2018-05-10_20-52-21.073233978,1525978341.075890374,36.542409,2018-05-10_20-52-51.326361634,1525978371.328871754,1.00,0.97,0.95,76597962,175195594254,,,,994901,106,16271,34170197,1764,0,81,895,0,0,7707080,7143324,7096156,2108,216660
2018-05-10_20-52-51.371878615,1525978371.374397487,36.457206,2018-05-10_20-53-21.621226663,1525978401.623962478,1.00,0.98,0.95,76599106,175195595586,,,,997918,106,16277,34179286,1764,0,81,895,0,0,7707080,7143540,7096324,2108,216660
2018-05-10_20-53-21.679351671,1525978401.681901733,36.558811,2018-05-10_20-53-51.928013604,1525978431.930594639,1.00,0.98,0.95,76600250,175195596918,,,,1000940,106,16283,34188371,1764,0,81,895,0,0,7707080,7143568,7096172,2108,216660
2018-05-10_20-53-51.971358916,1525978431.973846187,36.562100,2018-05-10_20-54-22.219565352,1525978462.222247615,1.00,0.98,0.95,76601394,175195598250,,,,1003962,106,16288,34197455,1764,0,82,897,0,0,7707080,7143740,7096524,2108,216660
2018-05-10_20-54-22.261005793,1525978462.263475068,36.568640,2018-05-10_20-54-52.510956159,1525978492.513551932,1.00,0.99,0.95,76602538,175195599582,,,,1006993,106,16308,34206514,1764,0,82,897,0,0,7707080,7143060,7096044,2108,216664
2018-05-10_20-54-52.552357192,1525978492.554878400,36.538870,2018-05-10_20-55-22.825885274,1525978522.828882250,1.00,0.99,0.95,76603682,175195600854,,,,1010017,106,16327,34215591,1764,0,82,897,0,0,7707080,7130688,7083408,2108,216672
2018-05-10_20-55-22.879542306,1525978522.882299583,36.539152,2018-05-10_20-55-53.138179193,1525978553.141024039,1.00,0.99,0.95,76604826,175195602186,,,,1013040,106,16345,34224663,1764,0,82,897,0,0,7707080,7130080,7082876,2108,216676
2018-05-10_20-55-53.181690769,1525978553.184259938,36.457203,2018-05-10_20-56-23.446359922,1525978583.449059051,1.00,0.99,0.95,76605970,175195603518,,,,1016057,106,16350,34233750,1764,0,82,897,0,0,7707080,7130560,7082908,2108,216680
2018-05-10_20-56-23.488112652,1525978583.490688316,36.565355,2018-05-10_20-56-53.736537660,1525978613.739326289,1.00,0.99,0.95,76607114,175195604850,,,,1019080,106,16361,34242825,1764,0,82,897,0,0,7707080,7130220,7083020,2108,216680
2018-05-10_20-56-53.777486843,1525978613.779936541,36.565355,2018-05-10_20-57-24.025596436,1525978644.028249940,1.00,0.99,0.95,76608258,175195606182,,,,1022103,106,16370,34251901,1764,0,83,897,0,0,7707080,7130688,7083296,2108,216684
2018-05-10_20-57-24.067283964,1525978644.069852228,36.558823,2018-05-10_20-57-54.317931920,1525978674.320592127,1.00,0.99,0.95,76609402,175195607514,,,,1025124,106,16376,34260984,1764,0,83,897,0,0,7707080,7130208,7082764,2108,216684
2018-05-10_20-57-54.359561646,1525978674.362144728,36.552001,2018-05-10_20-58-24.638323355,1525978704.641712236,1.00,0.99,0.95,76610546,175195608786,,,,1028147,106,16389,34270071,1764,0,83,897,0,0,7707080,7142908,7095904,2108,216676
2018-05-10_20-58-24.688881484,1525978704.691676604,36.568628,2018-05-10_20-58-54.943411472,1525978734.945965151,1.00,0.99,0.95,76611690,175195610118,,,,1031178,106,16410,34279132,1764,0,83,897,0,0,7707080,7143440,7096096,2108,216676
2018-05-10_20-58-54.984204221,1525978734.986703041,36.542439,2018-05-10_20-59-25.234778544,1525978765.237297434,1.00,0.99,0.95,76612834,175195611450,,,,1034197,106,16418,34288211,1764,0,84,897,0,0,7707080,7143880,7096684,2108,216676
2018-05-10_20-59-25.276579753,1525978765.279103993,36.568651,2018-05-10_20-59-55.523994724,1525978795.526517840,1.00,0.99,0.95,76613978,175195612782,,,,1037217,106,16424,34297300,1764,0,84,897,0,0,7707080,7143484,7096288,2108,216676
2018-05-10_20-59-55.583513361,1525978795.586144969,36.532572,2018-05-10_21-00-25.831961004,1525978825.834744142,0.92,0.97,0.95,76615122,175195614114,,,,1040242,106,16436,34306374,1764,0,84,898,0,0,7707080,7144052,7096620,2108,216688
2018-05-10_21-00-25.877123613,1525978825.879687359,36.558664,2018-05-10_21-00-56.127305324,1525978856.130025638,0.95,0.97,0.95,76616266,175195615446,,,,1043264,106,16442,34315459,1764,0,84,898,0,0,7707080,7143892,7096512,2108,216688
2018-05-10_21-00-56.171468253,1525978856.174066716,36.555542,2018-05-10_21-01-26.422212133,1525978886.424843884,0.97,0.97,0.95,76617410,175195616778,,,,1046289,106,16454,34324533,1764,0,85,899,0,0,7707080,7143648,7096468,2108,216688
2018-05-10_21-01-26.463398700,1525978886.466010444,36.568527,2018-05-10_21-01-56.742025905,1525978916.745628886,0.98,0.98,0.95,76618554,175195618050,,,,1049311,106,16467,34333624,1764,0,85,899,0,0,7707080,7143684,7096700,2108,216688
2018-05-10_21-01-56.800225671,1525978916.803001393,36.558793,2018-05-10_21-02-27.054059964,1525978947.056737244,0.99,0.98,0.95,76619698,175195619382,,,,1052332,106,16475,34342710,1764,0,85,899,0,0,7707080,7143104,7096120,2108,216688
2018-05-10_21-02-27.099380804,1525978947.102166958,36.522745,2018-05-10_21-02-57.348085440,1525978977.350774675,0.99,0.98,0.95,76620842,175195620714,,,,1055351,106,16481,34351800,1764,0,85,899,0,0,7707080,7143776,7096596,2108,216688
2018-05-10_21-02-57.407636293,1525978977.410346737,36.562068,2018-05-10_21-03-27.660286966,1525979007.662783093,1.00,0.99,0.95,76621986,175195622046,,,,1058388,106,16509,34360846,1764,0,85,900,0,0,7707080,7131364,7084188,2108,216696
2018-05-10_21-03-27.701334303,1525979007.703781754,36.558747,2018-05-10_21-03-57.949105895,1525979037.951620793,0.92,0.97,0.95,76623130,175195623378,,,,1061412,106,16519,34369921,1764,0,85,900,0,0,7707080,7131144,7084168,2108,216700
2018-05-10_21-03-57.990057019,1525979037.992560712,36.562075,2018-05-10_21-04-28.238082500,1525979068.240596977,0.84,0.94,0.94,76624274,175195624710,,,,1064434,106,16525,34379005,1764,0,85,901,0,0,7707080,7130600,7083428,2108,216700
2018-05-10_21-04-28.281014723,1525979068.283545974,36.558811,2018-05-10_21-04-58.531582582,1525979098.534318026,0.90,0.95,0.94,76625418,175195626042,,,,1067459,106,16535,34388079,1764,0,85,901,0,0,7707080,7131284,7084316,2108,216708
2018-05-10_21-04-58.573231105,1525979098.575757507,36.555442,2018-05-10_21-05-28.831836245,1525979128.834782608,0.94,0.95,0.95,76626562,175195627374,,,,1070488,106,16557,34397140,1764,0,85,901,0,0,7707080,7131192,7084028,2108,216708
2018-05-10_21-05-28.878694724,1525979128.881252605,36.539147,2018-05-10_21-05-59.129462955,1525979159.132023861,0.96,0.96,0.95,76627706,175195628706,,,,1073508,106,16563,34406225,1764,0,85,901,0,0,7707080,7131728,7084564,2108,216708
2018-05-10_21-05-59.171690375,1525979159.174250429,36.457194,2018-05-10_21-06-29.421222869,1525979189.423868389,0.98,0.96,0.95,76628850,175195630038,,,,1076523,106,16569,34415308,1764,0,85,902,0,0,7707080,7143864,7096400,2108,216700
2018-05-10_21-06-29.463006404,1525979189.465550200,36.558816,2018-05-10_21-06-59.711786259,1525979219.714331106,0.99,0.96,0.95,76629994,175195631370,,,,1079543,106,16575,34424392,1764,0,85,903,0,0,7707080,7143784,7096616,2108,216700
2018-05-10_21-06-59.753864701,1525979219.756441760,36.558818,2018-05-10_21-07-30.002555328,1525979250.005100314,0.99,0.97,0.95,76631138,175195632702,,,,1082564,106,16582,34433475,1764,0,85,903,0,0,7707080,7144568,7097204,2108,216700
2018-05-10_21-07-30.043997563,1525979250.046535918,36.555540,2018-05-10_21-08-00.312760642,1525979280.316181445,1.00,0.97,0.95,76632282,175195633974,,,,1085586,106,16589,34442567,1764,0,85,903,0,0,7707080,7143564,7096592,2108,216700
2018-05-10_21-08-00.363472226,1525979280.366023371,36.565327,2018-05-10_21-08-30.619960865,1525979310.622558921,1.00,0.97,0.95,76633426,175195635306,,,,1088620,106,16617,34451618,1764,0,85,904,0,0,7707080,7143128,7096160,2108,216704
2018-05-10_21-08-30.662612502,1525979310.665472930,36.521201,2018-05-10_21-09-00.913396352,1525979340.916028054,1.00,0.97,0.95,76634570,175195636638,,,,1091637,106,16623,34460703,1764,0,85,904,0,0,7707080,7144004,7096644,2108,216704
2018-05-10_21-09-00.954805230,1525979340.957329300,36.529317,2018-05-10_21-09-31.203823917,1525979371.206569290,1.00,0.98,0.95,76635714,175195637970,,,,1094656,106,16629,34469787,1764,0,85,905,0,0,7707080,7143972,7096808,2108,216704
2018-05-10_21-09-31.248013421,1525979371.250621844,36.561938,2018-05-10_21-10-01.496375532,1525979401.499043159,1.00,0.98,0.95,76636858,175195639302,,,,1097683,106,16641,34478860,1764,0,86,906,0,0,7707080,7143968,7096268,2108,216704
2018-05-10_21-10-01.540761844,1525979401.543325056,36.568651,2018-05-10_21-10-31.788796353,1525979431.791369624,0.95,0.97,0.95,76638002,175195640634,,,,1100705,106,16646,34487944,1764,0,86,906,0,0,7707080,7144064,7096628,2108,216712
2018-05-10_21-10-31.830072580,1525979431.832626698,36.555542,2018-05-10_21-11-02.080027111,1525979462.082756480,0.97,0.97,0.95,76639146,175195641966,,,,1103730,106,16653,34497035,1764,0,86,906,0,0,7707080,7143540,7096384,2108,216712
2018-05-10_21-11-02.151884328,1525979462.154857151,36.565340,2018-05-10_21-11-32.420647022,1525979492.423836733,0.98,0.97,0.95,76640290,175195643298,,,,1106757,106,16678,34506100,1764,0,86,907,0,0,7707080,7130852,7084144,2108,216720
2018-05-10_21-11-32.468139029,1525979492.470930075,36.562090,2018-05-10_21-12-02.718456128,1525979522.720999440,0.99,0.98,0.95,76641434,175195644630,,,,1109781,106,16690,34515182,1764,0,86,908,0,0,7707080,7130752,7083804,2108,216724
2018-05-10_21-12-02.783194921,1525979522.785788014,36.568612,2018-05-10_21-12-33.031577451,1525979553.034094222,0.99,0.98,0.95,76642578,175195645962,,,,1112801,106,16697,34524269,1764,0,86,909,0,0,7707080,7130656,7083508,2108,216724
