StartTime,StartEpoch,BW,EndTime,EndEpoch,CPULoad1m,CPULoad5m,CPULoad5m,NetDevRX,NetDevTX,IRQconfig,IRQinput,IRQoutput,user,nice,system,idle,iowait,irq,softirq,steal,guest,guest_nice,MemTotal,MemFree,MemAvailable,Buffers,Cached
2018-05-09_12-06-14.651088859,1525860374.653127356,24436046380,2018-05-09_12-06-44.696612665,1525860404.698803070,0.20,0.29,0.32,10438053056,9371159718800,,,,3899,6,161058,2066815,1025,0,5082,151,0,0,7707424,7219920,7132528,948,150332
2018-05-09_12-06-44.731040336,1525860404.733072663,16979223117,2018-05-09_12-07-14.774978803,1525860434.777088464,0.28,0.29,0.32,10462375682,9435219827052,,,,3910,6,162096,2077221,1025,0,5089,152,0,0,7707424,7233268,7146068,948,150328
2018-05-09_12-07-14.809550896,1525860434.811630913,24307260876,2018-05-09_12-07-44.871389925,1525860464.873906599,0.35,0.31,0.33,10559917748,9526924667384,,,,3923,6,163384,2086319,1025,0,5105,152,0,0,7707424,7232588,7145392,948,150328
2018-05-09_12-07-44.913775389,1525860464.916196390,24474082961,2018-05-09_12-08-14.962451467,1525860494.964546529,0.54,0.36,0.34,10671940574,9619258491652,,,,3937,6,164893,2095331,1025,0,5117,152,0,0,7707424,7233176,7145692,948,150328
2018-05-09_12-08-14.996324394,1525860494.998755975,24795530966,2018-05-09_12-08-45.042275613,1525860525.044426032,0.45,0.36,0.34,10768331900,9712802541104,,,,3950,6,166104,2104483,1025,0,5128,153,0,0,7707424,7233104,7145912,948,150328
2018-05-09_12-08-45.076994452,1525860525.079161380,16935984180,2018-05-09_12-09-15.121192918,1525860555.123299819,0.40,0.36,0.34,10792738706,9776699923060,,,,3958,6,167062,2114909,1025,0,5133,153,0,0,7707424,7233048,7145848,948,150328
2018-05-09_12-09-15.157483780,1525860555.160116403,24364030875,2018-05-09_12-09-45.202115208,1525860585.204244641,0.48,0.38,0.35,10890107312,9868616136866,,,,3971,6,168400,2124010,1025,0,5146,153,0,0,7707424,7233248,7146048,948,150328
2018-05-09_12-09-45.236408757,1525860585.238459769,24321505480,2018-05-09_12-10-15.279605466,1525860615.281832198,0.35,0.36,0.34,10987636598,9960372273140,,,,3992,6,169914,2133060,1025,0,5162,153,0,0,7707424,7233044,7146048,948,150332
2018-05-09_12-10-15.314481019,1525860615.316580646,17011362929,2018-05-09_12-10-45.359625656,1525860645.361897803,0.48,0.39,0.35,11011921124,10024553971898,,,,4009,6,170884,2143458,1025,0,5170,154,0,0,7707424,7232416,7145228,948,150336
2018-05-09_12-10-45.394237711,1525860645.396329142,24744268831,2018-05-09_12-11-15.452758103,1525860675.455061656,0.34,0.37,0.34,11109900350,10117905906590,,,,4026,6,172282,2152565,1025,0,5191,154,0,0,7707424,7233708,7146288,948,150336
2018-05-09_12-11-15.493232571,1525860675.495484635,24403540455,2018-05-09_12-11-45.539223716,1525860705.541418298,0.48,0.40,0.35,11205697196,10209973234272,,,,4041,6,173532,2161678,1025,0,5200,154,0,0,7707424,7232380,7145348,948,150336
2018-05-09_12-11-45.574277183,1525860705.576370296,24397938354,2018-05-09_12-12-15.618814364,1525860735.620981860,0.54,0.42,0.36,11301065642,10302020123862,,,,4059,6,174910,2170787,1025,0,5213,154,0,0,7707424,7220132,7132948,948,150348
2018-05-09_12-12-15.653597829,1525860735.655655872,16985799505,2018-05-09_12-12-45.698105009,1525860765.700330062,0.53,0.43,0.37,11325410528,10366105269120,,,,4073,6,175852,2181172,1025,0,5228,154,0,0,7707424,7220616,7133444,948,150348
2018-05-09_12-12-45.732369453,1525860765.734423441,24503223789,2018-05-09_12-13-15.775855907,1525860795.778075498,0.52,0.44,0.37,11434486634,10458549458102,,,,4086,6,177456,2190227,1025,0,5265,154,0,0,7707424,7219996,7132820,948,150348
2018-05-09_12-13-15.810824415,1525860795.812897709,24783331760,2018-05-09_12-13-45.854955991,1525860825.857249006,0.54,0.44,0.38,11531652440,10552047487918,,,,4104,6,178562,2199360,1025,0,5294,155,0,0,7707424,7220216,7133228,948,150352
2018-05-09_12-13-45.889712726,1525860825.891783251,24340039213,2018-05-09_12-14-15.934363746,1525860855.936621872,0.45,0.43,0.38,11627490086,10643873772132,,,,4124,6,179919,2208453,1025,0,5336,155,0,0,7707424,7220056,7132876,948,150352
2018-05-09_12-14-15.969275437,1525860855.971480772,16938912321,2018-05-09_12-14-46.031895610,1525860886.034668938,0.32,0.41,0.37,11651686592,10707783408368,,,,4136,6,180870,2218856,1025,0,5348,155,0,0,7707424,7220684,7133504,948,150352
2018-05-09_12-14-46.072494588,1525860886.074743729,24754291840,2018-05-09_12-15-16.121348834,1525860916.123486863,0.25,0.38,0.36,11749818218,10801173584142,,,,4159,6,182265,2227935,1025,0,5376,155,0,0,7707424,7232868,7145700,948,150352
2018-05-09_12-15-16.155300930,1525860916.157374619,24336132479,2018-05-09_12-15-46.200861336,1525860946.203038939,0.48,0.43,0.38,11846942684,10892987737426,,,,4174,6,183679,2237015,1025,0,5396,156,0,0,7707424,7232944,7145768,948,150352
2018-05-09_12-15-46.235457798,1525860946.237499115,24426252700,2018-05-09_12-16-16.279069364,1525860976.281207286,0.63,0.47,0.39,11943441770,10985140247812,,,,4185,6,184921,2246146,1025,0,5416,156,0,0,7707424,7232668,7145500,948,150352
2018-05-09_12-16-16.313488115,1525860976.315549507,16915363588,2018-05-09_12-16-46.356836464,1525861006.358942449,0.50,0.45,0.39,11967835856,11048959979674,,,,4193,6,185835,2256549,1025,0,5424,157,0,0,7707424,7232692,7145528,948,150352
2018-05-09_12-16-46.391736743,1525861006.393825985,24428427237,2018-05-09_12-17-16.437176679,1525861036.439339099,0.63,0.49,0.41,12064301642,11141121984160,,,,4204,6,187177,2265665,1025,0,5473,157,0,0,7707424,7232900,7145724,948,150352
2018-05-09_12-17-16.471585098,1525861036.473627065,24778204687,2018-05-09_12-17-46.516740317,1525861066.518877535,0.58,0.49,0.41,12179051408,11234601553088,,,,4217,6,188775,2274677,1025,0,5519,157,0,0,7707424,7233140,7145976,948,150352
2018-05-09_12-17-46.551896113,1525861066.554046174,24297413289,2018-05-09_12-18-16.618245285,1525861096.620967210,0.55,0.49,0.41,12275403674,11326270657826,,,,4235,6,190281,2283768,1025,0,5557,157,0,0,7707424,7233572,7145988,948,150352
2018-05-09_12-18-16.660715721,1525861096.662797576,24747027652,2018-05-09_12-18-46.708289290,1525861126.710557056,0.47,0.48,0.41,12390198740,11419633397122,,,,4250,6,191980,2292751,1025,0,5600,157,0,0,7707424,7232988,7145568,948,150352
2018-05-09_12-18-46.744204466,1525861126.746276630,24457638779,2018-05-09_12-19-16.788815461,1525861156.791243672,0.62,0.51,0.42,12502345526,11511904056716,,,,4264,6,193595,2301758,1025,0,5616,157,0,0,7707424,7233000,7145836,948,150352
2018-05-09_12-19-16.823626762,1525861156.825677403,16966649812,2018-05-09_12-19-46.868219076,1525861186.870375763,0.51,0.49,0.42,12526593212,11575918156132,,,,4274,6,194538,2312167,1025,0,5629,157,0,0,7707424,7232980,7145724,948,150352
2018-05-09_12-19-46.902664238,1525861186.904738503,24779222606,2018-05-09_12-20-16.946009410,1525861216.948143221,0.44,0.48,0.41,12624668738,11669402482640,,,,4300,6,196021,2321242,1025,0,5672,158,0,0,7707424,7219780,7132624,948,150368
2018-05-09_12-20-16.981345357,1525861216.983463218,24399550181,2018-05-09_12-20-47.028615218,1525861247.030668837,0.38,0.46,0.41,12721174604,11761455437506,,,,4317,6,197503,2330319,1025,0,5694,158,0,0,7707424,7220404,7133048,948,150372
2018-05-09_12-20-47.062126697,1525861247.064141857,24477446301,2018-05-09_12-21-17.107018565,1525861277.109139035,0.29,0.43,0.40,12816906410,11853801257420,,,,4329,6,198855,2339470,1025,0,5712,158,0,0,7707424,7219836,7133068,948,150372
2018-05-09_12-21-17.141826883,1525861277.143981766,16963883447,2018-05-09_12-21-47.217593456,1525861307.220854576,0.25,0.41,0.40,12841075616,11917805051464,,,,4344,6,199784,2349890,1025,0,5722,158,0,0,7707424,7220096,7132936,948,150372
2018-05-09_12-21-47.259049113,1525861307.261221780,24380550472,2018-05-09_12-22-17.306323330,1525861337.308378337,0.36,0.42,0.40,12936914762,12009786143222,,,,4361,6,201244,2358992,1025,0,5743,159,0,0,7707424,7220396,7133088,948,150376
2018-05-09_12-22-17.340951312,1525861337.343109486,24850098042,2018-05-09_12-22-47.386801314,1525861367.389014521,0.46,0.44,0.41,13034952308,12103537875342,,,,4374,6,202622,2368150,1025,0,5760,161,0,0,7707424,7220476,7133320,948,150376
2018-05-09_12-22-47.421260198,1525861367.423338669,24355531000,2018-05-09_12-23-17.465389505,1525861397.467509367,0.53,0.46,0.42,13132140434,12195422178672,,,,4388,6,204099,2377233,1025,0,5775,161,0,0,7707424,7232376,7145264,948,150368
2018-05-09_12-23-17.499611458,1525861397.501670279,16899099787,2018-05-09_12-23-47.543045046,1525861427.545202589,0.54,0.47,0.42,13156354880,12259181230666,,,,4399,6,205032,2387642,1025,0,5782,161,0,0,7707424,7232812,7145804,948,150372
2018-05-09_12-23-47.577038300,1525861427.579091477,24778971780,2018-05-09_12-24-17.620964456,1525861457.623037872,0.54,0.47,0.42,13253825846,12352665678526,,,,4411,6,206520,2396737,1025,0,5821,161,0,0,7707424,7232916,7145756,948,150372
2018-05-09_12-24-17.655050944,1525861457.657094987,24391054699,2018-05-09_12-24-47.702345583,1525861487.704434188,0.60,0.49,0.43,13350893852,12444684482218,,,,4432,6,207967,2405810,1025,0,5865,161,0,0,7707424,7232000,7144988,948,150376
2018-05-09_12-24-47.736167401,1525861487.738244323,24400395133,2018-05-09_12-25-17.782628818,1525861517.784934872,0.61,0.51,0.43,13447920458,12536737964720,,,,4447,6,209368,2414918,1025,0,5911,162,0,0,7707424,7233168,7145996,948,150376
2018-05-09_12-25-17.818650063,1525861517.820714330,16915126780,2018-05-09_12-25-47.879756281,1525861547.882311044,0.59,0.51,0.43,13472082104,12600557660510,,,,4457,6,210317,2425336,1025,0,5935,162,0,0,7707424,7233092,7145916,948,150376
2018-05-09_12-25-47.921675224,1525861547.923933684,16905712811,2018-05-09_12-26-17.969591567,1525861577.971838856,0.36,0.46,0.42,13496357630,12664340208074,,,,4468,6,211264,2435750,1025,0,5958,162,0,0,7707424,7233372,7145916,948,150376
2018-05-09_12-26-18.004848800,1525861578.006932963,24357962826,2018-05-09_12-26-48.051009330,1525861608.053268715,0.40,0.46,0.42,13593726116,12756235719430,,,,4483,6,212753,2444845,1025,0,5997,162,0,0,7707424,7233016,7145836,948,150376
2018-05-09_12-26-48.086917128,1525861608.088980943,24447305905,2018-05-09_12-27-18.131146719,1525861638.133296718,0.43,0.46,0.42,13690558022,12848468797406,,,,4497,6,214192,2453946,1025,0,6020,162,0,0,7707424,7232976,7146000,948,150376
2018-05-09_12-27-18.165958130,1525861638.168030964,24808858845,2018-05-09_12-27-48.210181065,1525861668.212465984,0.34,0.44,0.41,13788756428,12942063745480,,,,4512,6,215732,2463053,1025,0,6064,162,0,0,7707424,7233260,7145820,948,150376
2018-05-09_12-27-48.244437374,1525861668.246494834,16892009637,2018-05-09_12-28-18.288842104,1525861698.290998754,0.29,0.41,0.41,13813026014,13005795902078,,,,4529,6,216682,2473440,1025,0,6085,162,0,0,7707424,7220608,7133540,948,150384
2018-05-09_12-28-18.323284720,1525861698.325540333,24488671216,2018-05-09_12-28-48.368353605,1525861728.370453376,0.29,0.40,0.40,13925800340,13098184313398,,,,4547,6,218292,2482444,1025,0,6140,162,0,0,7707424,7219872,7132696,948,150384
2018-05-09_12-28-48.403304709,1525861728.405369089,24714143344,2018-05-09_12-29-18.453635292,1525861758.455904726,0.57,0.46,0.42,14022818786,13191425896174,,,,4571,6,219837,2491518,1025,0,6168,162,0,0,7707424,7218992,7131824,948,150388
2018-05-09_12-29-18.493589069,1525861758.495680976,24359496931,2018-05-09_12-29-48.538335074,1525861788.540454802,0.74,0.51,0.44,14119581992,13283328264746,,,,4591,6,221370,2500592,1025,0,6184,163,0,0,7707424,7220948,7133704,948,150396
2018-05-09_12-29-48.572902947,1525861788.575071582,16922727550,2018-05-09_12-30-18.621090559,1525861818.623241778,0.58,0.49,0.44,14143733618,13347177022420,,,,4607,6,222331,2511013,1025,0,6196,163,0,0,7707424,7220112,7133048,948,150400
2018-05-09_12-30-18.655998436,1525861818.658104073,24343944949,2018-05-09_12-30-48.701199339,1525861848.703305945,0.56,0.49,0.44,14240154104,13439019921012,,,,4620,6,223800,2520118,1025,0,6214,163,0,0,7707424,7220240,7133068,948,150400
2018-05-09_12-30-48.734901915,1525861848.736902082,24432680429,2018-05-09_12-31-18.781124173,1525861878.783204489,0.47,0.48,0.43,14337170330,13531195375626,,,,4635,6,225293,2529242,1025,0,6235,164,0,0,7707424,7233200,7145868,948,150392
2018-05-09_12-31-18.815095515,1525861878.817143591,24822338164,2018-05-09_12-31-48.858971365,1525861908.861009034,0.56,0.50,0.44,14435154116,13624841354312,,,,4649,6,226799,2538360,1025,0,6250,164,0,0,7707424,7232844,7145672,948,150392
2018-05-09_12-31-48.892510188,1525861908.894524647,16856190340,2018-05-09_12-32-18.937670632,1525861938.939900364,0.42,0.47,0.43,14459925482,13688438419070,,,,4660,6,227782,2548757,1025,0,6257,164,0,0,7707424,7232744,7145572,948,150392
2018-05-09_12-32-18.972891437,1525861938.975052573,24324463836,2018-05-09_12-32-49.038732421,1525861969.041586800,0.50,0.48,0.44,14555636048,13780208793632,,,,4675,6,229213,2557890,1025,0,6273,164,0,0,7707424,7232888,7145652,948,150396
2018-05-09_12-32-49.078640976,1525861969.082113216,24753624361,2018-05-09_12-33-19.128997660,1525861999.131322082,0.36,0.45,0.43,14653029074,13873597509740,,,,4690,6,230746,2566977,1025,0,6290,164,0,0,7707424,7232760,7145504,948,150396
2018-05-09_12-33-19.164339100,1525861999.166334024,24329598667,2018-05-09_12-33-49.208248198,1525862029.210368797,0.54,0.49,0.44,14749037780,13965383711222,,,,4711,6,232238,2576033,1025,0,6314,164,0,0,7707424,7231740,7144568,948,150400
2018-05-09_12-33-49.241957584,1525862029.243978564,24791092537,2018-05-09_12-34-19.286460451,1525862059.288567118,0.39,0.46,0.43,14846895206,14058913519686,,,,4725,6,233737,2585134,1025,0,6329,164,0,0,7707424,7232892,7145464,948,150400
2018-05-09_12-34-19.320501718,1525862059.322566522,24388454367,2018-05-09_12-34-49.365179180,1525862089.367270274,0.43,0.46,0.43,14944376072,14150924278684,,,,4739,6,235281,2594192,1025,0,6370,164,0,0,7707424,7232352,7145232,948,150400
2018-05-09_12-34-49.399000774,1525862089.401057897,24451521219,2018-05-09_12-35-19.442885536,1525862119.444949954,0.52,0.48,0.44,15058181078,14243174366900,,,,4753,6,236877,2603179,1025,0,6408,164,0,0,7707424,7232888,7145724,948,150400
2018-05-09_12-35-19.476555972,1525862119.478593651,16891500824,2018-05-09_12-35-49.520896138,1525862149.522999463,0.57,0.50,0.45,15082789724,14306905390020,,,,4764,6,237914,2613594,1025,0,6421,164,0,0,7707424,7233364,7146352,948,150400
2018-05-09_12-35-49.555605891,1525862149.557636624,24300631349,2018-05-09_12-36-19.623713821,1525862179.626511838,0.60,0.52,0.45,15179924870,14398585044076,,,,4784,6,239490,2622667,1025,0,6466,164,0,0,7707424,7220700,7133472,948,150408
2018-05-09_12-36-19.666022780,1525862179.668296618,24750694286,2018-05-09_12-36-49.713026472,1525862209.715256529,0.62,0.53,0.46,15293106716,14491961636868,,,,4804,6,241213,2631674,1025,0,6491,164,0,0,7707424,7220240,7133092,948,150412
2018-05-09_12-36-49.748210711,1525862209.750311135,24371887324,2018-05-09_12-37-19.792618400,1525862239.794799600,0.66,0.54,0.47,15390242462,14583909497494,,,,4816,6,242783,2640749,1025,0,6502,165,0,0,7707424,7219776,7132628,948,150412
2018-05-09_12-37-19.827074686,1525862239.829187590,16937295678,2018-05-09_12-37-49.871316513,1525862269.873756126,0.47,0.51,0.46,15414503228,14647812677560,,,,4833,6,243857,2651133,1025,0,6512,165,0,0,7707424,7219900,7132772,948,150416
2018-05-09_12-37-49.906429310,1525862269.908448921,24769546488,2018-05-09_12-38-19.949024753,1525862299.951102475,0.56,0.52,0.46,15512008094,14741259150964,,,,4858,6,245487,2660215,1025,0,6552,166,0,0,7707424,7219956,7133016,948,150424
2018-05-09_12-38-19.982921879,1525862299.984987730,24415828382,2018-05-09_12-38-50.025917885,1525862330.027985329,0.58,0.54,0.47,15608982680,14833371575324,,,,4871,6,247025,2669334,1025,0,6567,166,0,0,7707424,7220020,7132904,948,150424
2018-05-09_12-38-50.059875532,1525862330.061927882,24413817235,2018-05-09_12-39-20.104653186,1525862360.106819736,0.47,0.52,0.47,15705825146,14925477011072,,,,4886,6,248571,2678448,1025,0,6585,166,0,0,7707424,7232488,7145076,948,150416
2018-05-09_12-39-20.139128832,1525862360.141248307,16921234832,2018-05-09_12-39-50.184286477,1525862390.186502787,0.42,0.50,0.46,15729970052,14989319830870,,,,4898,6,249663,2688867,1025,0,6606,166,0,0,7707424,7232768,7145632,948,150416
2018-05-09_12-39-50.219491595,1525862390.221718766,24314460337,2018-05-09_12-40-20.270983777,1525862420.273277966,0.53,0.52,0.47,15837490418,15081052242208,,,,4917,6,251348,2697886,1025,0,6645,166,0,0,7707424,7233012,7145812,948,150424
2018-05-09_12-40-20.308609258,1525862420.310803187,24815712609,2018-05-09_12-40-50.355363765,1525862450.357903168,0.53,0.51,0.47,15934252604,15174674485914,,,,4931,6,252807,2707034,1025,0,6684,166,0,0,7707424,7233144,7146016,948,150424
2018-05-09_12-40-50.390488017,1525862450.392570393,24391794313,2018-05-09_12-41-20.434848703,1525862480.437105198,0.53,0.51,0.47,16030357910,15266697112240,,,,4947,6,254464,2716126,1025,0,6723,166,0,0,7707424,7232548,7145812,948,150428
2018-05-09_12-41-20.469741175,1525862480.471817154,16957023360,2018-05-09_12-41-50.514207678,1525862510.516484972,0.47,0.50,0.47,16054598156,15330675074908,,,,4958,6,255587,2726529,1025,0,6737,166,0,0,7707424,7232796,7145680,948,150428
2018-05-09_12-41-50.548514676,1525862510.550548723,16898950828,2018-05-09_12-42-20.592105689,1525862540.594342665,0.37,0.47,0.46,16079224682,15394432991642,,,,4976,6,256761,2736893,1025,0,6750,167,0,0,7707424,7231800,7144688,948,150428
2018-05-09_12-42-20.626310665,1525862540.628387558,24430044575,2018-05-09_12-42-50.680614233,1525862570.682984401,0.22,0.43,0.45,16175966228,15486601457536,,,,4988,6,258237,2746015,1025,0,6766,167,0,0,7707424,7233280,7146180,948,150428
2018-05-09_12-42-50.715466506,1525862570.717544665,24769107803,2018-05-09_12-43-20.760745364,1525862600.762835629,0.41,0.45,0.46,16273502054,15580047797384,,,,5002,6,259793,2755125,1025,0,6782,167,0,0,7707424,7233644,7146528,948,150428
2018-05-09_12-43-20.795824921,1525862600.798015913,24317818335,2018-05-09_12-43-50.860189767,1525862630.862774581,0.55,0.47,0.46,16369518800,15671794306218,,,,5017,6,261258,2764242,1025,0,6795,168,0,0,7707424,7233136,7146212,948,150428
2018-05-09_12-43-50.901286916,1525862630.903562222,16939110213,2018-05-09_12-44-20.949670242,1525862660.951879625,0.47,0.46,0.46,16393726886,15735703298596,,,,5035,6,262394,2774644,1025,0,6818,168,0,0,7707424,7220644,7133544,948,150440
2018-05-09_12-44-20.984858732,1525862660.986938457,24328184680,2018-05-09_12-44-51.029643102,1525862691.031743133,0.48,0.46,0.46,16490880152,15827484749572,,,,5052,6,263883,2783738,1025,0,6864,168,0,0,7707424,7220828,7133688,948,150440
2018-05-09_12-44-51.063806606,1525862691.065820833,24414750002,2018-05-09_12-45-21.107100862,1525862721.109191302,0.65,0.50,0.47,16588364438,15919592295216,,,,5067,6,265337,2792842,1025,0,6909,169,0,0,7707424,7220588,7133440,948,150440
2018-05-09_12-45-21.142132396,1525862721.144295870,24803267700,2018-05-09_12-45-51.186478554,1525862751.188591760,0.59,0.50,0.47,16698104624,16013165881862,,,,5085,6,266877,2801947,1025,0,6932,169,0,0,7707424,7220540,7133600,948,150444
2018-05-09_12-45-51.220975203,1525862751.223072080,16919104606,2018-05-09_12-46-21.264838800,1525862781.266900039,0.41,0.47,0.46,16722649550,16076999483744,,,,5106,6,268050,2812327,1025,0,6950,169,0,0,7707424,7216504,7129376,948,150448
2018-05-09_12-46-21.298774433,1525862781.300827206,24379850486,2018-05-09_12-46-51.343362149,1525862811.345556449,0.50,0.49,0.47,16820988296,16168975562798,,,,5121,6,269602,2821419,1025,0,6972,169,0,0,7707424,7219932,7132792,948,150448
2018-05-09_12-46-51.377455172,1525862811.379517046,24785638876,2018-05-09_12-47-21.437756936,1525862841.440405776,0.56,0.50,0.48,16919212922,16262487174408,,,,5137,6,271181,2830526,1025,0,6989,169,0,0,7707424,7232428,7145304,948,150440
2018-05-09_12-47-21.477813256,1525862841.480149483,24435818391,2018-05-09_12-47-51.534951824,1525862871.537521923,0.42,0.47,0.47,17032847108,16354676738830,,,,5151,6,272904,2839519,1025,0,7007,169,0,0,7707424,7233368,7145984,948,150440
2018-05-09_12-47-51.572165482,1525862871.574456593,16982048861,2018-05-09_12-48-21.617387541,1525862901.619473494,0.45,0.47,0.47,17057121254,16418748345710,,,,5164,6,274162,2849922,1025,0,7015,169,0,0,7707424,7233092,7145960,948,150440
2018-05-09_12-48-21.653857103,1525862901.655920111,24374522364,2018-05-09_12-48-51.698839788,1525862931.700962958,0.47,0.48,0.47,17170309220,16510704909198,,,,5178,6,275794,2858890,1025,0,7030,169,0,0,7707424,7233280,7146136,948,150440
2018-05-09_12-48-51.733710491,1525862931.735844548,24438010780,2018-05-09_12-49-21.778357347,1525862961.780653035,0.49,0.48,0.47,17267792306,16602902384596,,,,5192,6,277370,2868007,1025,0,7045,170,0,0,7707424,7233384,7146256,948,150440
2018-05-09_12-49-21.813210646,1525862961.815313474,24832067855,2018-05-09_12-49-51.856995948,1525862991.859188145,0.41,0.46,0.47,17366626472,16696586603446,,,,5207,6,278894,2877138,1025,0,7059,170,0,0,7707424,7232972,7145832,948,150444
2018-05-09_12-49-51.891377121,1525862991.893425230,24372843852,2018-05-09_12-50-21.935567521,1525863021.937817089,0.44,0.47,0.47,17464322318,16788536842160,,,,5225,6,280448,2886228,1025,0,7080,170,0,0,7707424,7233304,7146144,948,150448
2018-05-09_12-50-21.969986065,1525863021.972035111,24765806882,2018-05-09_12-50-52.017395037,1525863052.019775598,0.54,0.49,0.48,17561372384,16881969338556,,,,5244,6,281893,2895317,1025,0,7105,170,0,0,7707424,7231696,7144528,948,150452
2018-05-09_12-50-52.052353801,1525863052.054470792,16910459643,2018-05-09_12-51-22.117016971,1525863082.119860870,0.48,0.47,0.47,17585510990,16945771886662,,,,5255,6,283141,2905737,1025,0,7112,170,0,0,7707424,7233720,7146584,948,150452
2018-05-09_12-51-22.158186057,1525863082.160353877,24318921734,2018-05-09_12-51-52.207287336,1525863112.209668058,0.53,0.49,0.48,17683221356,17037520899580,,,,5270,6,284599,2914827,1025,0,7127,170,0,0,7707424,7233296,7146128,948,150452
2018-05-09_12-51-52.243291333,1525863112.245355178,24709154780,2018-05-09_12-52-22.288264945,1525863142.290425807,0.58,0.51,0.49,17782088702,17130740704168,,,,5289,6,286157,2923886,1025,0,7145,170,0,0,7707424,7220492,7133328,948,150460
2018-05-09_12-52-22.324160261,1525863142.326245334,24454974105,2018-05-09_12-52-52.369122087,1525863172.371244639,0.64,0.54,0.50,17895271988,17223002659982,,,,5303,6,287675,2932881,1025,0,7176,171,0,0,7707424,7220996,7133536,948,150464
2018-05-09_12-52-52.403317374,1525863172.405357290,16915055760,2018-05-09_12-53-22.447302416,1525863202.449537730,0.66,0.55,0.50,17919688094,17286821884134,,,,5317,6,288925,2943299,1025,0,7182,171,0,0,7707424,7220708,7133544,948,150464
2018-05-09_12-53-22.481655368,1525863202.483740013,24445299526,2018-05-09_12-53-52.526964384,1525863232.529179824,0.52,0.53,0.50,18017026880,17379046655056,,,,5332,6,290212,2952443,1025,0,7201,171,0,0,7707424,7219992,7132828,948,150464
2018-05-09_12-53-52.565582748,1525863232.567643211,24404999864,2018-05-09_12-54-22.610004788,1525863262.612161245,0.43,0.51,0.49,18113995226,17471117674894,,,,5351,6,291630,2961523,1025,0,7220,172,0,0,7707424,7219864,7132816,948,150468
2018-05-09_12-54-22.644959756,1525863262.647117951,24702371156,2018-05-09_12-54-52.709170089,1525863292.711791361,0.32,0.48,0.48,18212025752,17564313477444,,,,5367,6,293256,2970593,1025,0,7258,172,0,0,7707424,7220180,7133016,948,150468
2018-05-09_12-54-52.750211802,1525863292.752528161,16961156143,2018-05-09_12-55-22.797770413,1525863322.799881601,0.46,0.49,0.49,18236232998,17628306192536,,,,5388,6,294541,2980972,1025,0,7271,172,0,0,7707424,7233008,7145852,948,150468
2018-05-09_12-55-22.832504956,1525863322.834655390,24377969768,2018-05-09_12-55-52.878796189,1525863352.880935396,0.48,0.49,0.49,18348914804,17720277656368,,,,5404,6,296121,2989945,1025,0,7282,172,0,0,7707424,7233012,7145648,948,150468
2018-05-09_12-55-52.913801714,1525863352.915927838,24791354795,2018-05-09_12-56-22.962286898,1525863382.964524510,0.62,0.53,0.50,18447395630,17813808519780,,,,5424,6,297529,2999055,1025,0,7294,172,0,0,7707424,7233116,7146156,948,150468
2018-05-09_12-56-22.996952178,1525863382.999070232,24447268207,2018-05-09_12-56-53.041072758,1525863413.043149384,0.55,0.52,0.50,18543624296,17906039488022,,,,5440,6,298884,3008189,1025,0,7311,173,0,0,7707424,7233632,7146620,948,150468
2018-05-09_12-56-53.075800324,1525863413.077879861,16911478859,2018-05-09_12-57-23.119159494,1525863443.121237540,0.38,0.49,0.49,18568591802,17969845595578,,,,5453,6,300000,3018593,1025,0,7339,173,0,0,7707424,7233112,7146164,948,150468
2018-05-09_12-57-23.153070066,1525863443.155110040,24465926325,2018-05-09_12-57-53.198030507,1525863473.200165317,0.48,0.50,0.50,18665812508,18062146714352,,,,5464,6,301334,3027743,1025,0,7384,173,0,0,7707424,7233156,7145956,948,150468
2018-05-09_12-57-53.232706114,1525863473.234806844,24272018968,2018-05-09_12-58-23.300032222,1525863503.302732773,0.36,0.47,0.49,18762616934,18153718241152,,,,5478,6,302763,3036823,1025,0,7425,174,0,0,7707424,7232764,7145732,948,150468
2018-05-09_12-58-23.343079363,1525863503.345307768,16978409730,2018-05-09_12-58-53.390600361,1525863533.392761932,0.42,0.48,0.49,18786912500,18217775169926,,,,5491,6,303924,3047220,1025,0,7441,174,0,0,7707424,7233276,7146120,948,150472
2018-05-09_12-58-53.427031043,1525863533.429116001,24386056550,2018-05-09_12-59-23.472328699,1525863563.474569158,0.52,0.49,0.50,18882412946,18309774591878,,,,5512,6,305344,3056340,1025,0,7490,174,0,0,7707424,7231752,7144596,948,150472
2018-05-09_12-59-23.507038256,1525863563.509107718,24762434426,2018-05-09_12-59-53.553795776,1525863593.555876681,0.44,0.48,0.49,18980164412,18403194559376,,,,5526,6,306632,3065435,1025,0,7513,174,0,0,7707424,7220784,7133628,948,150472
2018-05-09_12-59-53.588059295,1525863593.590131137,24383578208,2018-05-09_13-00-23.633601524,1525863623.635800818,0.38,0.46,0.49,19077090218,18495185673140,,,,5544,6,307900,3074524,1025,0,7533,174,0,0,7707424,7220116,7132976,948,150480
2018-05-09_13-00-23.667665669,1525863623.669748217,16971688165,2018-05-09_13-00-53.722470541,1525863653.724550531,0.37,0.45,0.48,19101358664,18559218492132,,,,5561,6,309110,3084922,1025,0,7544,174,0,0,7707424,7220424,7133116,948,150484
2018-05-09_13-00-53.755752509,1525863653.757812970,24808524650,2018-05-09_13-01-23.800720661,1525863683.802830307,0.33,0.44,0.48,19198004390,18652812385420,,,,5582,6,310352,3094031,1025,0,7570,175,0,0,7707424,7219672,7132312,948,150492
2018-05-09_13-01-23.836091488,1525863683.838200227,24312610542,2018-05-09_13-01-53.899375257,1525863713.901661586,0.32,0.43,0.48,19294948376,18744537007404,,,,5598,6,312018,3103126,1025,0,7587,175,0,0,7707424,7219900,7132764,948,150492
2018-05-09_13-01-53.941095395,1525863713.943338063,24341520941,2018-05-09_13-02-23.989098717,1525863743.991188208,0.31,0.42,0.47,19392607982,18836370416918,,,,5615,6,313448,3112188,1025,0,7632,175,0,0,7707424,7220424,7133280,948,150492
2018-05-09_13-02-24.023588330,1525863744.026919912,16929351085,2018-05-09_13-02-54.068919106,1525863774.071096146,0.39,0.43,0.47,19417260548,18900243137048,,,,5627,6,314588,3122578,1025,0,7640,175,0,0,7707424,7232780,7145640,948,150492
2018-05-09_13-02-54.102483294,1525863774.104765211,24435643442,2018-05-09_13-03-24.146374201,1525863804.148545516,0.55,0.46,0.49,19514304254,18992429404204,,,,5641,6,316027,3131697,1025,0,7659,176,0,0,7707424,7232664,7145520,948,150488
2018-05-09_13-03-24.181360981,1525863804.183489875,24744854143,2018-05-09_13-03-54.225128921,1525863834.227264958,0.48,0.45,0.48,19628803640,19085782254024,,,,5659,6,317422,3140676,1025,0,7684,176,0,0,7707424,7231764,7144468,948,150488
2018-05-09_13-03-54.259539969,1525863834.261593757,24407097690,2018-05-09_13-04-24.302882498,1525863864.305022246,0.50,0.46,0.48,19726754606,19177861712906,,,,5672,6,318648,3149810,1025,0,7698,176,0,0,7707424,7232964,7145820,948,150488
