StartTime,StartEpoch,BW,EndTime,EndEpoch,CPULoad1m,CPULoad5m,CPULoad5m,NetDevRX,NetDevTX,IRQ0,IRQ1,IRQ2,user,nice,system,idle,iowait,irq,softirq,steal,guest,guest_nice,CTXT,MemTotal,MemFree,MemAvailable,Buffers,Cached
2018-05-21_20-09-42.816158081,1526926182.818373493,11895901306,2018-05-21_20-10-12.863662604,1526926212.866284734,0.10,0.13,0.21,9400865442,7198102519968,0,15801352,2135,3547,6,210630,2918781,2253,0,6678,87,0,0,8587468,7707080,7317484,7228608,2108,146776
2018-05-21_20-10-12.906372657,1526926212.908842966,12107479825,2018-05-21_20-10-42.950782245,1526926242.953007115,0.32,0.18,0.22,9486779148,7243562072792,0,15914003,2151,3562,6,212229,2928807,2253,0,6787,87,0,0,8622255,7707080,7317572,7228696,2108,146776
2018-05-21_20-10-42.989895149,1526926242.992093657,12112129144,2018-05-21_20-11-13.039152938,1526926273.041682733,0.39,0.21,0.23,9573399654,7289047700422,0,16024741,2167,3578,6,214002,2938659,2253,0,6938,87,0,0,8651981,7707080,7317992,7229020,2108,146776
2018-05-21_20-11-13.082143997,1526926273.084519845,11918742326,2018-05-21_20-11-43.127852743,1526926303.130140243,0.50,0.25,0.24,9658374240,7333798719664,0,16131503,2182,3590,6,215447,2948844,2253,0,7035,88,0,0,8690230,7707080,7317684,7228724,2108,146776
2018-05-21_20-11-43.168063245,1526926303.170305580,12255500965,2018-05-21_20-12-13.212066976,1526926333.214304602,0.57,0.29,0.26,9732869526,7379814489240,0,16236281,2198,3608,6,217026,2958919,2253,0,7140,88,0,0,8727060,7707080,7316484,7227576,2108,146780
2018-05-21_20-12-13.251298478,1526926333.253497625,12386541858,2018-05-21_20-12-43.297618459,1526926363.299993410,0.41,0.28,0.25,9820303452,7426322792088,0,16348841,2214,3623,6,218663,2968909,2253,0,7260,88,0,0,8762102,7707080,7317540,7229060,2108,146780
2018-05-21_20-12-43.338939840,1526926363.341266876,12120091283,2018-05-21_20-13-13.384486363,1526926393.386848443,0.45,0.30,0.26,9906845478,7471831803078,0,16460632,2230,3638,6,220348,2978866,2253,0,7372,88,0,0,8795213,7707080,7317744,7228584,2108,146780
2018-05-21_20-13-13.425654717,1526926393.427963227,11812006918,2018-05-21_20-13-43.470741346,1526926423.472975122,0.49,0.32,0.27,9991907064,7516184493124,0,16565103,2246,3652,6,221703,2989134,2253,0,7452,88,0,0,8835477,7707080,7317432,7228496,2108,146780
2018-05-21_20-13-43.510092770,1526926423.512294488,12032009616,2018-05-21_20-14-13.554034252,1526926453.556274646,0.43,0.32,0.27,10078496130,7561361271116,0,16676560,2261,3664,6,223239,2999221,2253,0,7559,88,0,0,8871669,7707080,7317324,7228648,2108,146780
2018-05-21_20-14-13.593416212,1526926453.595596540,12333468591,2018-05-21_20-14-43.640154379,1526926483.642499888,0.59,0.37,0.29,10167441216,7607670313662,0,16782560,2277,3679,6,224911,3009153,2253,0,7704,88,0,0,8905050,7707080,7317672,7228592,2108,146780
2018-05-21_20-14-43.680385566,1526926483.682602504,12151562751,2018-05-21_20-15-13.725664818,1526926513.728054637,0.36,0.34,0.28,10239805962,7653295989060,0,16888583,2293,3695,6,226255,3019469,2253,0,7779,88,0,0,8946864,7707080,7317828,7229348,2108,146780
2018-05-21_20-15-13.766762580,1526926513.769076126,12215849254,2018-05-21_20-15-43.810979471,1526926543.813196978,0.55,0.38,0.30,10327250568,7699162192120,0,16993609,2309,3708,6,227813,3029530,2253,0,7893,88,0,0,8983451,7707080,7318000,7228980,2108,146780
2018-05-21_20-15-43.850373504,1526926543.852593989,7662772668,2018-05-21_20-16-13.894283359,1526926573.896641506,0.44,0.38,0.30,10382138874,7727933164568,0,17060419,2319,3718,6,228732,3040320,2253,0,7922,88,0,0,9018976,7707080,7317420,7228744,2108,146780
2018-05-21_20-16-13.935102793,1526926573.937405234,7014855225,2018-05-21_20-16-43.978713580,1526926603.980938768,0.32,0.36,0.30,10431478020,7754266393168,0,17116012,2327,3729,6,229428,3051251,2253,0,7945,89,0,0,9053943,7707080,7316836,7227964,2108,146780
2018-05-21_20-16-44.017925229,1526926604.020126219,6995135256,2018-05-21_20-17-14.062993670,1526926634.065217814,0.33,0.35,0.30,10480888266,7780526841342,0,17170435,2334,3739,6,230174,3062182,2253,0,7973,89,0,0,9088338,7707080,7317580,7228904,2108,146780
2018-05-21_20-17-14.102497588,1526926634.104693701,6933838858,2018-05-21_20-17-44.149043599,1526926664.151743743,0.33,0.35,0.30,10523646072,7806561636326,0,17228183,2343,3748,6,230975,3073141,2253,0,7990,89,0,0,9122473,7707080,7317764,7228892,2108,146780
2018-05-21_20-17-44.191782908,1526926664.194127304,7084560629,2018-05-21_20-18-14.235530131,1526926694.238031172,0.33,0.35,0.30,10571729718,7833155254366,0,17283504,2351,3758,6,231618,3084154,2253,0,8010,89,0,0,9157198,7707080,7317896,7229024,2108,146784
2018-05-21_20-18-14.278521206,1526926694.280987643,7009142255,2018-05-21_20-18-44.323055594,1526926724.325567653,0.47,0.38,0.31,10621218504,7859469269844,0,17339679,2359,3767,6,232406,3095035,2253,0,8026,89,0,0,9191685,7707080,7317572,7228568,2108,146784
2018-05-21_20-18-44.366233177,1526926724.368654295,6910531133,2018-05-21_20-19-14.411834556,1526926754.414120214,0.37,0.36,0.31,10670017830,7885416235604,0,17397284,2368,3777,6,233188,3105974,2253,0,8045,89,0,0,9225924,7707080,7317892,7229020,2108,146784
2018-05-21_20-19-14.451105902,1526926754.453294998,6953690284,2018-05-21_20-19-44.495921856,1526926784.498436090,0.41,0.37,0.32,10719259176,7911522675330,0,17454482,2376,3786,6,233917,3116949,2253,0,8067,89,0,0,9260296,7707080,7317564,7228888,2108,146784
2018-05-21_20-19-44.538769813,1526926784.541173677,6907924144,2018-05-21_20-20-14.582374879,1526926814.584660552,0.58,0.42,0.33,10768140042,7937456510392,0,17511647,2384,3798,6,234660,3127909,2253,0,8086,90,0,0,9294972,7707080,7317920,7229052,2108,146788
2018-05-21_20-20-14.621667074,1526926814.623883125,6962344406,2018-05-21_20-20-44.669752245,1526926844.672077834,0.40,0.39,0.33,10816928808,7963594320652,0,17567340,2392,3818,6,235448,3138734,2253,0,8109,90,0,0,9329427,7707080,7309096,7220424,2108,146788
2018-05-21_20-20-44.709781742,1526926844.712008408,7031538508,2018-05-21_20-21-14.756393724,1526926874.758680385,0.30,0.37,0.32,10865788734,7989991287256,0,17625873,2400,3830,6,236163,3149707,2253,0,8131,91,0,0,9364597,7707080,7313680,7224960,2108,146788
2018-05-21_20-21-14.799134778,1526926874.801534515,6577613412,2018-05-21_20-21-44.843296073,1526926904.845659817,0.18,0.34,0.31,10912439400,8014685330960,0,17680214,2408,3851,6,236851,3160718,2253,0,8151,91,0,0,9398087,7707080,7309380,7220656,2108,146788
2018-05-21_20-21-44.885031402,1526926904.887387073,7184324656,2018-05-21_20-22-14.929723565,1526926934.932143091,0.31,0.35,0.32,10962685866,8041659621430,0,17742873,2417,3862,6,237557,3171731,2253,0,8169,91,0,0,9432660,7707080,7309396,7220260,2108,146788
2018-05-21_20-22-14.971322802,1526926934.973608058,6933297941,2018-05-21_20-22-45.017948023,1526926965.020385252,0.32,0.35,0.32,11012359632,8067691061996,0,17797279,2426,3872,6,238435,3182518,2253,0,8191,91,0,0,9466834,7707080,7309336,7220168,2108,146792
2018-05-21_20-22-45.058866801,1526926965.061091673,6937403893,2018-05-21_20-23-15.102022642,1526926995.104286571,0.19,0.32,0.31,11061817338,8093738419372,0,17855323,2435,3880,6,239288,3193410,2253,0,8209,91,0,0,9500996,7707080,7309032,7220544,2108,146792
2018-05-21_20-23-15.141294018,1526926995.143520678,6903819037,2018-05-21_20-23-45.186845852,1526927025.189258012,0.12,0.29,0.30,11099664984,8119654887004,0,17909852,2442,3889,6,240041,3204385,2253,0,8226,91,0,0,9535073,7707080,7309520,7220640,2108,146792
2018-05-21_20-23-45.228615133,1526927025.231067924,7004339326,2018-05-21_20-24-15.274640613,1526927055.277243603,0.14,0.27,0.30,11148704610,8145946719578,0,17966651,2449,3898,6,240630,3215446,2253,0,8246,91,0,0,9570021,7707080,7309980,7221068,2108,146792
2018-05-21_20-24-15.318156063,1526927055.320572166,6991860864,2018-05-21_20-24-45.364992713,1526927085.367519208,0.37,0.31,0.31,11198286516,8172198199764,0,18020765,2458,3907,6,241464,3226285,2253,0,8268,91,0,0,9604361,7707080,7309776,7220748,2108,146792
2018-05-21_20-24-45.407562126,1526927085.409956845,6895147874,2018-05-21_20-25-15.454683861,1526927115.457138632,0.53,0.36,0.33,11237448582,8198084815956,0,18080774,2466,3917,6,242213,3237266,2253,0,8285,91,0,0,9638462,7707080,7309944,7220628,2108,146792
2018-05-21_20-25-15.497372053,1526927115.499832992,6798345551,2018-05-21_20-25-45.541715476,1526927145.544027461,0.50,0.37,0.33,11286150048,8223606738318,0,18138745,2473,3927,6,242963,3248186,2253,0,8306,91,0,0,9672171,7707080,7310008,7220656,2108,146792
2018-05-21_20-25-45.581374063,1526927145.583596814,6930921419,2018-05-21_20-26-15.628440541,1526927175.630812231,0.45,0.37,0.33,11335584594,8249629463492,0,18197643,2482,3939,6,243809,3259060,2253,0,8325,92,0,0,9706804,7707080,7309060,7220224,2108,146800
2018-05-21_20-26-15.669635985,1526927175.671979051,7054928157,2018-05-21_20-26-45.714395862,1526927205.716773445,0.35,0.35,0.32,11385527460,8276117163700,0,18255523,2491,3948,6,244622,3269946,2253,0,8346,92,0,0,9741233,7707080,7309552,7220824,2108,146800
2018-05-21_20-26-45.755803312,1526927205.758213550,6782866821,2018-05-21_20-27-15.801928525,1526927235.804397009,0.34,0.35,0.32,11433864486,8301580949964,0,18315565,2499,3956,6,245309,3280962,2253,0,8365,92,0,0,9775218,7707080,7309236,7219956,2108,146800
2018-05-21_20-27-15.843853451,1526927235.846285374,6775970670,2018-05-21_20-27-45.888087818,1526927265.890313787,0.36,0.35,0.32,11481577692,8327022243376,0,18371651,2507,3965,6,246155,3291839,2253,0,8388,92,0,0,9808845,7707080,7308924,7220196,2108,146800
2018-05-21_20-27-45.927572747,1526927265.929785417,6984354151,2018-05-21_20-28-15.971445165,1526927295.973925495,0.22,0.31,0.31,11530484358,8353243293004,0,18428639,2516,3974,6,246940,3302767,2253,0,8406,92,0,0,9843463,7707080,7316808,7227932,2108,146796
2018-05-21_20-28-16.014124680,1526927296.016591949,6994694295,2018-05-21_20-28-46.058980639,1526927326.061257211,0.32,0.33,0.32,11579805144,8379504250200,0,18483966,2524,3983,6,247729,3313672,2253,0,8424,92,0,0,9877985,7707080,7316616,7227936,2108,146796
2018-05-21_20-28-46.098336611,1526927326.100553765,6991397241,2018-05-21_20-29-16.142336271,1526927356.144635630,0.19,0.30,0.31,11620439550,8405752126144,0,18540355,2533,3992,6,248533,3324592,2253,0,8441,92,0,0,9912607,7707080,7317140,7228264,2108,146796
2018-05-21_20-29-16.183793560,1526927356.186226854,6997924974,2018-05-21_20-29-46.230224208,1526927386.232767592,0.19,0.29,0.31,11670360456,8432021666038,0,18595019,2540,4002,6,249268,3335523,2253,0,8466,92,0,0,9947048,7707080,7317268,7228168,2108,146796
2018-05-21_20-29-46.273177450,1526927386.275548759,6966449981,2018-05-21_20-30-16.323380499,1526927416.325920211,0.11,0.26,0.30,11718697302,8458175305718,0,18653185,2548,4016,6,250019,3346428,2253,0,8487,92,0,0,9981953,7707080,7316792,7227916,2108,146800
2018-05-21_20-30-16.365295634,1526927416.367564499,6961540267,2018-05-21_20-30-46.412872179,1526927446.415362123,0.07,0.24,0.29,11767625328,8484311592304,0,18709676,2556,4024,6,250824,3357290,2253,0,8508,92,0,0,10016157,7707080,7317664,7228448,2108,146800
2018-05-21_20-30-46.453912028,1526927446.456180328,6921722366,2018-05-21_20-31-16.498796617,1526927476.501034573,0.04,0.21,0.28,11817074574,8510299227552,0,18764381,2564,4033,6,251648,3368172,2253,0,8528,93,0,0,10050372,7707080,7317464,7228588,2108,146800
2018-05-21_20-31-16.538201297,1526927476.540401009,7054864986,2018-05-21_20-31-46.581776667,1526927506.584026229,0.17,0.23,0.28,11866258320,8536783355700,0,18817632,2572,4042,6,252385,3379110,2253,0,8547,93,0,0,10085039,7707080,7317452,7228516,2108,146800
2018-05-21_20-31-46.620940535,1526927506.623109006,6948649708,2018-05-21_20-32-16.666896698,1526927536.669391328,0.10,0.20,0.27,11916082026,8562874130038,0,18875027,2581,4052,6,253220,3390010,2253,0,8564,93,0,0,10119417,7707080,7317828,7228744,2108,146800
2018-05-21_20-32-16.709889454,1526927536.712291857,6844905245,2018-05-21_20-32-46.755932207,1526927566.758148834,0.23,0.23,0.28,11964341652,8588574108686,0,18929826,2590,4061,6,254055,3400892,2253,0,8583,93,0,0,10153257,7707080,7317476,7228560,2108,146800
2018-05-21_20-32-46.795339277,1526927566.797542494,6908091332,2018-05-21_20-33-16.841802078,1526927596.844114375,0.34,0.26,0.29,12012551538,8614510913242,0,18984175,2598,4070,6,254897,3411744,2253,0,8602,93,0,0,10187410,7707080,7317352,7228476,2108,146800
2018-05-21_20-33-16.882012246,1526927596.884215232,6956042700,2018-05-21_20-33-46.927607459,1526927626.929950165,0.27,0.25,0.28,12061871484,8640625693020,0,19041249,2606,4079,6,255678,3422645,2253,0,8621,93,0,0,10221573,7707080,7317444,7228764,2108,146800
2018-05-21_20-33-46.967332849,1526927626.969515166,6963395262,2018-05-21_20-34-17.012059683,1526927657.014297113,0.24,0.24,0.28,12111435210,8666769665100,0,19098374,2615,4091,6,256448,3433586,2253,0,8639,93,0,0,10255876,7707080,7317560,7228480,2108,146804
2018-05-21_20-34-17.051336399,1526927657.053583582,6939566764,2018-05-21_20-34-47.097580185,1526927687.100013729,0.14,0.22,0.27,12159962436,8692824001040,0,19155320,2623,4099,6,257169,3444561,2253,0,8657,93,0,0,10290099,7707080,7317296,7228168,2108,146804
2018-05-21_20-34-47.140574035,1526927687.142988960,6930805940,2018-05-21_20-35-17.186595130,1526927717.189072911,0.15,0.21,0.27,12209930502,8718846310858,0,19210717,2632,4113,6,258016,3455426,2253,0,8676,93,0,0,10324798,7707080,7317208,7228532,2108,146808
2018-05-21_20-35-17.227449119,1526927717.229741060,6984618258,2018-05-21_20-35-47.273960072,1526927747.276422033,0.14,0.21,0.26,12249863388,8745068443664,0,19269873,2640,4122,6,258782,3466382,2253,0,8691,94,0,0,10359043,7707080,7317240,7228564,2108,146808
2018-05-21_20-35-47.316954937,1526927747.319368068,6921064770,2018-05-21_20-36-17.364939398,1526927777.367298915,0.09,0.19,0.26,12298483374,8771054995194,0,19326107,2648,4131,6,259603,3477290,2253,0,8708,94,0,0,10393138,7707080,7317236,7228364,2108,146808
2018-05-21_20-36-17.404947102,1526927777.407151729,6813877659,2018-05-21_20-36-47.450302663,1526927807.452618410,0.05,0.17,0.25,12346883280,8796635764522,0,19383140,2656,4139,6,260356,3488220,2253,0,8733,94,0,0,10426816,7707080,7317408,7228736,2108,146808
2018-05-21_20-36-47.491211898,1526927807.493568774,6899383047,2018-05-21_20-37-17.537461708,1526927837.539806661,0.09,0.17,0.24,12396475866,8822542281058,0,19440769,2665,4148,6,261211,3499104,2253,0,8751,94,0,0,10460976,7707080,7317692,7229016,2108,146808
2018-05-21_20-37-17.578766521,1526927837.581182422,6581594090,2018-05-21_20-37-47.623863658,1526927867.626294208,0.13,0.17,0.24,12437509452,8847255028830,0,19493412,2674,4157,6,262028,3510051,2253,0,8768,94,0,0,10493775,7707080,7317540,7228668,2108,146808
2018-05-21_20-37-47.663068981,1526927867.665509747,6757611374,2018-05-21_20-38-17.708196350,1526927897.710664237,0.13,0.17,0.24,12485258958,8872627120402,0,19549175,2682,4164,6,262830,3520988,2253,0,8784,94,0,0,10527253,7707080,7317144,7228244,2108,146808
2018-05-21_20-38-17.749234979,1526927897.751439061,6645943115,2018-05-21_20-38-47.793757865,1526927927.796216429,0.20,0.18,0.24,12532186704,8897577514936,0,19605383,2690,4177,6,263604,3531900,2253,0,8804,94,0,0,10560700,7707080,7316100,7227624,2108,146812
2018-05-21_20-38-47.833404407,1526927927.835604765,6989393327,2018-05-21_20-39-17.879324089,1526927957.881778316,0.31,0.21,0.25,12580547850,8923814756766,0,19661617,2697,4185,6,264346,3542810,2253,0,8826,94,0,0,10595292,7707080,7316920,7228200,2108,146812
2018-05-21_20-39-17.921190881,1526927957.923567852,6925930818,2018-05-21_20-39-47.967025593,1526927987.969275230,0.25,0.21,0.24,12628638156,8949815335808,0,19716354,2705,4193,6,265046,3553796,2253,0,8846,94,0,0,10629680,7707080,7317464,7228792,2108,146812
2018-05-21_20-39-48.006582348,1526927988.008804198,6881888280,2018-05-21_20-40-18.051924296,1526928018.054271522,0.36,0.24,0.25,12677904642,8975655438032,0,19771665,2714,4204,6,265904,3564672,2253,0,8865,95,0,0,10664054,7707080,7317168,7228300,2108,146816
2018-05-21_20-40-18.092895336,1526928018.095214389,6706889094,2018-05-21_20-40-48.140362053,1526928048.142991755,0.27,0.23,0.25,12726026448,9000835602484,0,19829572,2722,4213,6,266688,3575578,2253,0,8884,95,0,0,10697466,7707080,7317168,7228300,2108,146816
2018-05-21_20-40-48.183033528,1526928048.185429716,7103618485,2018-05-21_20-41-18.227885314,1526928078.230162481,0.23,0.22,0.24,12775489974,9027502838568,0,19885277,2730,4221,6,267311,3586634,2253,0,8904,95,0,0,10732442,7707080,7317132,7228244,2108,146816
2018-05-21_20-41-18.267637614,1526928078.269853976,7047955031,2018-05-21_20-41-48.311455612,1526928108.313819073,0.22,0.22,0.24,12824170500,9053960458004,0,19938511,2737,4232,6,268031,3597594,2253,0,8921,95,0,0,10767097,7707080,7317220,7228488,2108,146816
2018-05-21_20-41-48.352056242,1526928108.354358710,6876450009,2018-05-21_20-42-18.398985262,1526928138.401525905,0.13,0.20,0.23,12872080206,9079774088428,0,19994424,2745,4243,6,268715,3608587,2253,0,8944,95,0,0,10801256,7707080,7317196,7228528,2108,146820
2018-05-21_20-42-18.442566667,1526928138.445031801,6810915318,2018-05-21_20-42-48.487050044,1526928168.489554833,0.27,0.23,0.24,12919624872,9105341858870,0,20050903,2752,4256,6,269398,3619558,2253,0,8965,95,0,0,10835771,7707080,7317188,7228472,2108,146824
2018-05-21_20-42-48.529932142,1526928168.532390908,6989490323,2018-05-21_20-43-18.574937635,1526928198.577350873,0.30,0.24,0.24,12959692818,9131584275460,0,20106131,2761,4264,6,270200,3630487,2253,0,8983,95,0,0,10870351,7707080,7317288,7228144,2108,146824
2018-05-21_20-43-18.614344231,1526928198.616549652,6994579041,2018-05-21_20-43-48.659369505,1526928228.661795896,0.30,0.25,0.24,13009174524,9157845512432,0,20162497,2769,4273,6,270984,3641410,2253,0,9000,95,0,0,10904875,7707080,7317188,7228480,2108,146824
2018-05-21_20-43-48.701806249,1526928228.704201840,6929129242,2018-05-21_20-44-18.746809353,1526928258.749209361,0.25,0.24,0.24,13058955570,9183862482406,0,20219222,2778,4285,6,271855,3652272,2253,0,9019,95,0,0,10939103,7707080,7317236,7228716,2108,146824
2018-05-21_20-44-18.789500628,1526928258.791911826,6901058213,2018-05-21_20-44-48.833916404,1526928288.836155782,0.27,0.25,0.24,13108205316,9209774282484,0,20277174,2787,4293,6,272687,3663185,2253,0,9038,96,0,0,10973193,7707080,7317608,7228636,2108,146824
2018-05-21_20-44-48.873117276,1526928288.875316684,6770756329,2018-05-21_20-45-18.920328600,1526928318.923044802,0.24,0.24,0.24,13156906122,9235194496638,0,20329883,2795,4303,6,273498,3674068,2253,0,9058,96,0,0,11006826,7707080,7317144,7228236,2108,146824
2018-05-21_20-45-18.964369486,1526928318.966846828,7049634997,2018-05-21_20-45-49.010570032,1526928349.012999965,0.28,0.25,0.24,13194537108,9261659047014,0,20383556,2803,4311,6,274194,3685077,2253,0,9074,96,0,0,11041529,7707080,7317392,7228380,2108,146824
2018-05-21_20-45-49.053320258,1526928349.055731862,6922260832,2018-05-21_20-46-19.098771211,1526928379.101213102,0.17,0.23,0.23,13243476534,9287648642846,0,20438999,2812,4320,6,275026,3695958,2253,0,9092,96,0,0,11075628,7707080,7317824,7228916,2108,146824
2018-05-21_20-46-19.141441291,1526928379.143865071,7013752566,2018-05-21_20-46-49.187282258,1526928409.189598116,0.30,0.25,0.24,13292743080,9313981387500,0,20498728,2820,4333,6,275758,3706927,2253,0,9113,96,0,0,11110541,7707080,7317252,7228328,2108,146828
2018-05-21_20-46-49.228249501,1526928409.230469284,6951915977,2018-05-21_20-47-19.274617954,1526928439.276980888,0.18,0.23,0.23,13341062346,9340080709330,0,20555644,2828,4341,6,276482,3717869,2253,0,9135,96,0,0,11144730,7707080,7317396,7228264,2108,146828
2018-05-21_20-47-19.316133824,1526928439.318576243,7047930990,2018-05-21_20-47-49.360412605,1526928469.362754281,0.11,0.21,0.22,13390737552,9366537147852,0,20610386,2835,4349,6,277180,3728833,2253,0,9155,96,0,0,11179401,7707080,7316992,7228328,2108,146828
2018-05-21_20-47-49.401817530,1526928469.404229324,6689676338,2018-05-21_20-48-19.448521181,1526928499.450965396,0.29,0.24,0.23,13439301138,9391654693452,0,20665318,2844,4358,6,278036,3739722,2253,0,9177,96,0,0,11212666,7707080,7317588,7228424,2108,146828
2018-05-21_20-48-19.490327498,1526928499.492607007,6955300106,2018-05-21_20-48-49.537287615,1526928529.539645300,0.38,0.26,0.24,13488453024,9417768931602,0,20722374,2852,4366,6,278802,3750677,2253,0,9194,96,0,0,11246869,7707080,7317700,7229040,2108,146828
2018-05-21_20-48-49.578727938,1526928529.581053266,7003663533,2018-05-21_20-49-19.623836945,1526928559.626071404,0.41,0.28,0.25,13536096870,9444059412292,0,20778137,2860,4376,6,279508,3761598,2253,0,9215,96,0,0,11281311,7707080,7317980,7229060,2108,146828
2018-05-21_20-49-19.662979603,1526928559.665156420,7031617491,2018-05-21_20-49-49.707272948,1526928589.709561319,0.32,0.27,0.24,13584275916,9470455118108,0,20833226,2867,4385,6,280194,3772574,2253,0,9234,96,0,0,11315959,7707080,7318132,7229016,2108,146828
2018-05-21_20-49-49.747670741,1526928589.749927434,6788288540,2018-05-21_20-50-19.793311167,1526928619.795673384,0.42,0.30,0.25,13632411402,9495942220790,0,20889664,2875,4395,6,280894,3783450,2253,0,9253,97,0,0,11350002,7707080,7317644,7228936,2108,146840
2018-05-21_20-50-19.835134576,1526928619.837515645,6958560199,2018-05-21_20-50-49.881311066,1526928649.883617483,0.31,0.28,0.25,13682463768,9522070561856,0,20947805,2884,4402,6,281653,3794371,2253,0,9269,98,0,0,11384260,7707080,7317580,7228724,2108,146840
2018-05-21_20-50-49.923552302,1526928649.926000483,7018591143,2018-05-21_20-51-19.969991950,1526928679.972200800,0.27,0.27,0.24,13720110234,9548418459950,0,21002164,2892,4410,6,282376,3805352,2253,0,9284,98,0,0,11418689,7707080,7317356,7228892,2108,146840
2018-05-21_20-51-20.008651546,1526928680.010829758,6969467266,2018-05-21_20-51-50.052081728,1526928710.054297500,0.16,0.25,0.23,13769059440,9574582486636,0,21060157,2900,4423,6,283092,3816316,2253,0,9308,98,0,0,11453320,7707080,7317644,7228520,2108,146844
2018-05-21_20-51-50.090869365,1526928710.093046633,6841324608,2018-05-21_20-52-20.135165674,1526928740.137333785,0.10,0.22,0.23,13817198286,9600266809590,0,21118560,2908,4432,6,283845,3827258,2253,0,9330,98,0,0,11487271,7707080,7317640,7228704,2108,146844
2018-05-21_20-52-20.173291049,1526928740.175415953,7026548151,2018-05-21_20-52-50.217607564,1526928770.219940008,0.25,0.25,0.23,13865973132,9626643348908,0,21174113,2915,4441,6,284519,3838250,2253,0,9350,98,0,0,11521881,7707080,7317228,7228532,2108,146844
2018-05-21_20-52-50.257232051,1526928770.259413995,6676773735,2018-05-21_20-53-20.301485654,1526928800.303634613,0.22,0.24,0.23,13902168498,9651710637876,0,21231675,2923,4453,6,285298,3849231,2253,0,9363,98,0,0,11555145,7707080,7317932,7229080,2108,146844
2018-05-21_20-53-20.339602994,1526928800.341774505,6969448852,2018-05-21_20-53-50.383647789,1526928830.385818876,0.27,0.25,0.23,13952202204,9677875265728,0,21288465,2931,4466,6,286115,3860100,2253,0,9378,98,0,0,11589362,7707080,7317732,7228880,2108,146844
2018-05-21_20-53-50.421662618,1526928830.423809673,6579392144,2018-05-21_20-54-20.464639207,1526928860.466829233,0.45,0.29,0.25,13999640430,9702575542218,0,21345696,2939,4477,6,286866,3871049,2253,0,9396,99,0,0,11622368,7707080,7317716,7228864,2108,146844
2018-05-21_20-54-20.502829438,1526928860.504961154,6970547078,2018-05-21_20-54-50.546526026,1526928890.549116424,0.33,0.28,0.24,14049721356,9728746896408,0,21403002,2948,4488,6,287701,3881944,2253,0,9414,99,0,0,11656704,7707080,7317500,7228588,2108,146844
2018-05-21_20-54-50.588397975,1526928890.590784749,6611594271,2018-05-21_20-55-20.634154275,1526928920.636574849,0.34,0.29,0.24,14097334842,9753569832604,0,21457201,2956,4500,6,288510,3892868,2253,0,9432,99,0,0,11690091,7707080,7316208,7227508,2108,146844
2018-05-21_20-55-20.675849421,1526928920.678190782,6956707213,2018-05-21_20-55-50.721811386,1526928950.724214086,0.34,0.29,0.25,14147050188,9779691057064,0,21514978,2965,4509,6,289375,3903753,2253,0,9451,99,0,0,11724424,7707080,7317616,7228888,2108,146844
2018-05-21_20-55-50.763572598,1526928950.765918117,6714365769,2018-05-21_20-56-20.809332509,1526928980.811974245,0.29,0.29,0.25,14194479054,9804900530528,0,21569218,2973,4519,6,290173,3914676,2253,0,9472,99,0,0,11757972,7707080,7317672,7228824,2108,146844
2018-05-21_20-56-20.850948440,1526928980.853244728,7039451355,2018-05-21_20-56-50.895667975,1526929010.897859065,0.25,0.28,0.24,14244169860,9831328846476,0,21628698,2981,4529,6,290891,3925656,2253,0,9492,99,0,0,11792453,7707080,7317636,7228788,2108,146844
2018-05-21_20-56-50.933667690,1526929010.935799213,6956510481,2018-05-21_20-57-20.977218472,1526929040.979494249,0.29,0.28,0.25,14291818386,9857442833564,0,21683848,2989,4536,6,291593,3936632,2253,0,9515,99,0,0,11826910,7707080,7318020,7228940,2108,146844
2018-05-21_20-57-21.017044238,1526929041.019296358,7036474938,2018-05-21_20-57-51.062367790,1526929071.064661090,0.17,0.26,0.24,14340839172,9883859376282,0,21741065,2997,4543,6,292347,3947577,2253,0,9537,99,0,0,11861339,7707080,7318216,7229348,2108,146844
2018-05-21_20-57-51.102341059,1526929071.104550521,7017065882,2018-05-21_20-58-21.145686743,1526929101.147883932,0.30,0.28,0.24,14390304798,9910199418456,0,21796977,3004,4552,6,293049,3958522,2253,0,9558,99,0,0,11896197,7707080,7317696,7228996,2108,146848
2018-05-21_20-58-21.183840443,1526929101.185992105,7061192808,2018-05-21_20-58-51.226839573,1526929131.229095725,0.23,0.27,0.24,14439837204,9936707960636,0,21853032,3012,4565,6,293795,3969464,2253,0,9580,100,0,0,11930941,7707080,7317580,7228728,2108,146848
2018-05-21_20-58-51.265049654,1526929131.267185665,6903344409,2018-05-21_20-59-21.308974989,1526929161.311199504,0.34,0.29,0.25,14489279490,9962623030026,0,21908969,3020,4583,6,294477,3980440,2253,0,9602,100,0,0,11965403,7707080,7309084,7220152,2108,146848
2018-05-21_20-59-21.350435135,1526929161.352786728,6901960999,2018-05-21_20-59-51.394834763,1526929191.397044710,0.33,0.29,0.25,14527727556,9988532135300,0,21963645,3027,4598,6,295184,3991437,2253,0,9619,100,0,0,12000326,7707080,7316284,7227440,2108,146852
2018-05-21_20-59-51.433322273,1526929191.435464996,7020989194,2018-05-21_21-00-21.477397247,1526929221.479569773,0.28,0.28,0.25,14576930742,10014888691258,0,22017096,3035,4610,6,295903,4002373,2253,0,9643,100,0,0,12035698,7707080,7317456,7228760,2108,146856
