StartTime,StartEpoch,BW,EndTime,EndEpoch,CPULoad1m,CPULoad5m,CPULoad5m,NetDevRX,NetDevTX,IRQ0,IRQ1,IRQ2,user,nice,system,idle,iowait,irq,softirq,steal,guest,guest_nice,CTXT,MemTotal,MemFree,MemAvailable,Buffers,Cached
2018-05-21_19-15-52.053095590,1526922952.055355315,12148173923,2018-05-21_19-16-22.099024052,1526922982.101534068,0.12,0.27,0.32,4199608572,4259581007096,0,9325484,1288,2309,6,127545,1743328,2251,0,3642,24,0,0,5006585,7707080,7314284,7225320,2108,146648
2018-05-21_19-16-22.142041401,1526922982.144489560,12242133111,2018-05-21_19-16-52.187664713,1526923012.189982922,0.19,0.28,0.32,4280336238,4305541278798,0,9433462,1302,2323,6,129102,1753408,2251,0,3748,24,0,0,5042996,7707080,7317648,7228528,2108,146648
2018-05-21_19-16-52.227030935,1526923012.229240246,12326525799,2018-05-21_19-17-22.271429147,1526923042.274072836,0.39,0.32,0.33,4367065584,4351815420272,0,9547624,1316,2338,6,130799,1763315,2251,0,3896,24,0,0,5075088,7707080,7318024,7229016,2108,146648
2018-05-21_19-17-22.313614505,1526923042.315944413,12147971039,2018-05-21_19-17-52.358820581,1526923072.361101611,0.56,0.37,0.34,4452167490,4397421448534,0,9658669,1330,2351,6,132344,1773386,2251,0,4013,24,0,0,5110796,7707080,7318092,7229288,2108,146648
2018-05-21_19-17-52.398232666,1526923072.400430364,12128723083,2018-05-21_19-18-22.442986003,1526923102.445489383,0.55,0.38,0.35,4532965836,4442955146152,0,9767784,1344,2367,6,133988,1783372,2251,0,4140,24,0,0,5143998,7707080,7317712,7228944,2108,146648
2018-05-21_19-18-22.484602039,1526923102.486976604,11811191955,2018-05-21_19-18-52.529587912,1526923132.531989528,0.58,0.41,0.36,4611569862,4487294817534,0,9870507,1357,2380,6,135482,1793512,2251,0,4238,24,0,0,5180577,7707080,7318396,7229412,2108,146648
2018-05-21_19-18-52.570987323,1526923132.573201336,12429445627,2018-05-21_19-19-22.617091646,1526923162.619576350,0.64,0.43,0.37,4694128608,4533956520684,0,9981912,1371,2395,6,137303,1803311,2251,0,4397,24,0,0,5209853,7707080,7318412,7229168,2108,146648
2018-05-21_19-19-22.657809186,1526923162.660060104,12805189857,2018-05-21_19-19-52.701189191,1526923192.703561391,0.64,0.45,0.38,4778199834,4582027992586,0,10096826,1386,2413,6,138543,1813637,2251,0,4482,26,0,0,5255204,7707080,7316288,7227472,2108,146648
2018-05-21_19-19-52.742394175,1526923192.744755772,12838747153,2018-05-21_19-20-22.785719033,1526923222.787976373,0.73,0.49,0.39,4868201100,4630226077918,0,10211117,1400,2438,6,139744,1823967,2251,0,4565,28,0,0,5302120,7707080,7316712,7227756,2108,146656
2018-05-21_19-20-22.825446565,1526923222.827648754,10965263712,2018-05-21_19-20-52.869791469,1526923252.872007489,0.58,0.48,0.39,4946936106,4671390513560,0,10307729,1413,2460,6,140656,1834643,2251,0,4605,30,0,0,5350915,7707080,7316060,7226732,2108,146656
2018-05-21_19-20-52.909377680,1526923252.911587585,11096223746,2018-05-21_19-21-22.953171744,1526923282.955458421,0.48,0.46,0.39,5007119412,4713046209094,0,10401952,1425,2487,6,141607,1845311,2251,0,4644,33,0,0,5400360,7707080,7316448,7227496,2108,146660
2018-05-21_19-21-22.993229805,1526923282.995437960,10726158802,2018-05-21_19-21-53.037112800,1526923313.039441222,0.29,0.42,0.38,5085495498,4753312194134,0,10500084,1437,2506,6,142458,1856040,2251,0,4682,35,0,0,5449603,7707080,7316776,7227824,2108,146660
2018-05-21_19-21-53.076817584,1526923313.079035682,10972615438,2018-05-21_19-22-23.122173327,1526923343.124695593,0.37,0.43,0.38,5158006104,4794504223948,0,10595754,1450,2529,6,143382,1866708,2251,0,4726,37,0,0,5498178,7707080,7316372,7227188,2108,146660
2018-05-21_19-22-23.165474262,1526923343.167942768,10727893516,2018-05-21_19-22-53.210648738,1526923373.213376021,0.42,0.43,0.39,5229115530,4834777838270,0,10692301,1462,2550,6,144248,1877450,2251,0,4759,41,0,0,5547180,7707080,7316312,7227360,2108,146660
2018-05-21_19-22-53.253660666,1526923373.256119756,10764113179,2018-05-21_19-23-23.298927508,1526923403.301161052,0.57,0.47,0.40,5300258016,4875185901890,0,10784634,1473,2572,6,145152,1888134,2251,0,4795,44,0,0,5595393,7707080,7316492,7227736,2108,146660
2018-05-21_19-23-23.338304660,1526923403.340512582,11108288964,2018-05-21_19-23-53.382825175,1526923433.385112027,0.53,0.47,0.41,5372502642,4916885670686,0,10874054,1485,2594,6,146051,1898792,2251,0,4833,51,0,0,5644797,7707080,7315912,7226960,2108,146660
2018-05-21_19-23-53.422379287,1526923433.424589897,10634772645,2018-05-21_19-24-23.466868175,1526923463.469330718,0.44,0.46,0.40,5449533108,4956808741700,0,10965890,1497,2616,6,146930,1909515,2251,0,4866,52,0,0,5693563,7707080,7316548,7227316,2108,146664
2018-05-21_19-24-23.509720342,1526923463.512166972,10398964660,2018-05-21_19-24-53.554733655,1526923493.556982316,0.34,0.43,0.40,5523524994,4995845285918,0,11058018,1508,2637,6,147748,1920286,2251,0,4898,55,0,0,5741681,7707080,7316600,7227500,2108,146664
2018-05-21_19-24-53.594337228,1526923493.596582078,10657568376,2018-05-21_19-25-23.638486797,1526923523.640863967,0.33,0.42,0.40,5574850500,5035851665584,0,11147610,1520,2663,6,148573,1931097,2251,0,4928,57,0,0,5791518,7707080,7316984,7228032,2108,146664
2018-05-21_19-25-23.679960837,1526923523.682173176,10632722029,2018-05-21_19-25-53.725067677,1526923553.727336681,0.27,0.40,0.39,5651092566,5075768908450,0,11237121,1532,2685,6,149538,1941718,2251,0,4974,62,0,0,5838070,7707080,7316244,7227488,2108,146664
2018-05-21_19-25-53.765143713,1526923553.767370345,10298464353,2018-05-21_19-26-23.808794114,1526923583.811073002,0.42,0.42,0.40,5719212852,5114430016010,0,11323127,1543,2703,6,150372,1952510,2251,0,5008,65,0,0,5885723,7707080,7315836,7227048,2108,146664
2018-05-21_19-26-23.848638855,1526923583.850912791,10206152026,2018-05-21_19-26-53.894041664,1526923613.896578219,0.45,0.43,0.41,5786894718,5152745203276,0,11409648,1555,2724,6,151232,1963286,2251,0,5040,69,0,0,5932645,7707080,7316520,7227568,2108,146664
2018-05-21_19-26-53.937503155,1526923613.940006726,10314232324,2018-05-21_19-27-23.983054327,1526923643.985389511,0.48,0.44,0.41,5855593944,5191464273436,0,11500134,1566,2746,6,152052,1974067,2251,0,5074,72,0,0,5980226,7707080,7317664,7228908,2108,146664
2018-05-21_19-27-24.022658155,1526923644.024913508,10583793073,2018-05-21_19-27-54.069523088,1526923674.071773729,0.47,0.44,0.41,5925534030,5231198022468,0,11588581,1578,2761,6,153187,1984577,2251,0,5127,73,0,0,6022786,7707080,7318252,7229300,2108,146664
2018-05-21_19-27-54.109220671,1526923674.111448274,10399735036,2018-05-21_19-28-24.153627919,1526923704.155926250,0.41,0.43,0.41,5997506916,5270240337852,0,11676403,1590,2775,6,154517,1994918,2251,0,5197,73,0,0,6059985,7707080,7317872,7228916,2108,146664
2018-05-21_19-28-24.196919098,1526923704.199408288,8077941215,2018-05-21_19-28-54.242574302,1526923734.245112223,0.52,0.45,0.42,6041770482,5300562810894,0,11742173,1599,2790,6,155426,2005712,2251,0,5227,74,0,0,6096221,7707080,7314516,7225568,2108,146660
2018-05-21_19-28-54.286144582,1526923734.288432908,7139093258,2018-05-21_19-29-24.332192999,1526923764.334605146,0.38,0.43,0.41,6091453068,5327365100868,0,11801802,1607,2799,6,156259,2016605,2251,0,5247,74,0,0,6130486,7707080,7317720,7228968,2108,146660
2018-05-21_19-29-24.373067613,1526923764.375284168,7124501372,2018-05-21_19-29-54.418901787,1526923794.421446147,0.29,0.40,0.40,6140690814,5354107230082,0,11852403,1613,2808,6,157017,2027492,2251,0,5270,74,0,0,6164252,7707080,7317676,7228728,2108,146660
2018-05-21_19-29-54.461886183,1526923794.464290995,7023104412,2018-05-21_19-30-24.506107082,1526923824.508399075,0.38,0.41,0.40,6187309020,5380472337266,0,11908334,1621,2818,6,157875,2038380,2251,0,5287,74,0,0,6198300,7707080,7318064,7229048,2108,146668
2018-05-21_19-30-24.548114987,1526923824.550345874,7169920521,2018-05-21_19-30-54.593893242,1526923854.596138931,0.36,0.40,0.40,6235194306,5407389496384,0,11968543,1629,2827,6,158772,2049227,2251,0,5306,75,0,0,6232133,7707080,7318168,7229380,2108,146668
2018-05-21_19-30-54.633242647,1526923854.635461376,7117068682,2018-05-21_19-31-24.677084761,1526923884.679340308,0.36,0.40,0.40,6285045792,5434104188790,0,12024829,1637,2836,6,159462,2060234,2251,0,5323,75,0,0,6267023,7707080,7318572,7229372,2108,146668
2018-05-21_19-31-24.716744713,1526923884.718943420,7332447302,2018-05-21_19-31-54.763158340,1526923914.765799611,0.42,0.41,0.41,6336086418,5461626058294,0,12077852,1644,2846,6,160216,2071156,2251,0,5343,75,0,0,6301629,7707080,7318216,7229428,2108,146668
2018-05-21_19-31-54.806756543,1526923914.809269952,7079050838,2018-05-21_19-32-24.852863825,1526923944.855143209,0.36,0.39,0.40,6383385024,5488201500456,0,12135172,1651,2855,6,161050,2082038,2251,0,5363,75,0,0,6335288,7707080,7318028,7229040,2108,146672
2018-05-21_19-32-24.892538743,1526923944.894778945,7102741303,2018-05-21_19-32-54.938090303,1526923974.940571425,0.29,0.37,0.40,6430871850,5514864960470,0,12192142,1659,2865,6,161891,2092907,2251,0,5383,75,0,0,6368863,7707080,7318408,7229560,2108,146672
2018-05-21_19-32-54.979963630,1526923974.982282321,7195641686,2018-05-21_19-33-25.024896169,1526924005.027394298,0.36,0.38,0.40,6478716816,5541875380180,0,12247505,1666,2879,6,162667,2103819,2251,0,5402,76,0,0,6403720,7707080,7318232,7229180,2108,146672
2018-05-21_19-33-25.068011347,1526924005.070464293,6945610410,2018-05-21_19-33-55.114465666,1526924035.116840340,0.29,0.36,0.40,6524818062,5567950777164,0,12301769,1674,2888,6,163521,2114700,2251,0,5419,76,0,0,6437166,7707080,7318192,7229248,2108,146672
2018-05-21_19-33-55.155833340,1526924035.158113055,7101969526,2018-05-21_19-34-25.202835487,1526924065.205304132,0.53,0.42,0.41,6574330248,5594609892720,0,12357138,1681,2897,6,164261,2125648,2251,0,5437,76,0,0,6471322,7707080,7318168,7229028,2108,146672
2018-05-21_19-34-25.245015191,1526924065.247357865,7120596620,2018-05-21_19-34-55.289240781,1526924095.291535453,0.32,0.38,0.40,6613588134,5621339138500,0,12413785,1689,2907,6,165075,2136565,2251,0,5453,76,0,0,6505253,7707080,7318444,7229500,2108,146672
2018-05-21_19-34-55.328853023,1526924095.331081747,7314064397,2018-05-21_19-35-25.377765672,1526924125.380523934,0.26,0.36,0.39,6651971640,5648794902904,0,12471191,1696,2918,6,165788,2147584,2251,0,5469,76,0,0,6540533,7707080,7318524,7229776,2108,146672
2018-05-21_19-35-25.420768713,1526924125.423141074,7257627085,2018-05-21_19-35-55.464931197,1526924155.467173532,0.33,0.37,0.40,6702612606,5676038257888,0,12527469,1704,2928,6,166591,2158471,2251,0,5490,77,0,0,6574776,7707080,7318516,7229496,2108,146672
2018-05-21_19-35-55.504411259,1526924155.506604853,7486476985,2018-05-21_19-36-25.549686315,1526924185.552046000,0.34,0.37,0.40,6751174932,5704140877512,0,12589787,1712,2940,6,167213,2169557,2251,0,5506,77,0,0,6609928,7707080,7319284,7230340,2108,146672
2018-05-21_19-36-25.590343719,1526924185.592682123,7200878347,2018-05-21_19-36-55.636060827,1526924215.638354356,0.21,0.33,0.39,6799604538,5731170629870,0,12642506,1718,2949,6,167978,2180471,2251,0,5525,77,0,0,6643890,7707080,7319160,7230216,2108,146672
2018-05-21_19-36-55.675526523,1526924215.677774767,6955796828,2018-05-21_19-37-25.718908113,1526924245.721176200,0.33,0.35,0.39,6845791524,5757283424036,0,12698019,1726,2962,6,168758,2191437,2251,0,5542,77,0,0,6678281,7707080,7317948,7228752,2108,146676
2018-05-21_19-37-25.758071056,1526924245.760266325,7238324131,2018-05-21_19-37-55.803973028,1526924275.806433194,0.26,0.33,0.38,6893662230,5784455876392,0,12761895,1734,2971,6,169545,2202385,2251,0,5558,77,0,0,6712921,7707080,7317848,7229104,2108,146676
2018-05-21_19-37-55.847094920,1526924275.849550213,7026533053,2018-05-21_19-38-25.893201095,1526924305.895614304,0.30,0.33,0.38,6942392196,5810833829294,0,12819559,1742,2981,6,170365,2213302,2251,0,5580,77,0,0,6746654,7707080,7318152,7228924,2108,146676
2018-05-21_19-38-25.933067538,1526924305.935283447,7156495228,2018-05-21_19-38-55.979373035,1526924335.981742156,0.42,0.35,0.39,6991956942,5837697608046,0,12873513,1749,2990,6,171173,2224174,2251,0,5602,77,0,0,6780455,7707080,7317996,7229204,2108,146676
2018-05-21_19-38-56.020487091,1526924336.022768156,6931405414,2018-05-21_19-39-26.066649820,1526924366.069060944,0.39,0.35,0.39,7039925808,5863716961656,0,12927746,1757,2999,6,171947,2235103,2251,0,5619,77,0,0,6813945,7707080,7317784,7229040,2108,146676
2018-05-21_19-39-26.108019907,1526924366.110484506,7245876222,2018-05-21_19-39-56.152056223,1526924396.154312119,0.31,0.33,0.38,7091205594,5890914304760,0,12980792,1764,3008,6,172683,2246038,2251,0,5639,78,0,0,6848409,7707080,7317832,7228892,2108,146676
2018-05-21_19-39-56.191458586,1526924396.193632339,7057706004,2018-05-21_19-40-26.237956484,1526924426.240418841,0.24,0.32,0.37,7138202520,5917408114650,0,13039034,1771,3018,6,173455,2256970,2251,0,5660,78,0,0,6882796,7707080,7317860,7229116,2108,146680
2018-05-21_19-40-26.280458306,1526924426.282873627,7215382259,2018-05-21_19-40-56.327219614,1526924456.329595549,0.28,0.32,0.37,7186342086,5944493616248,0,13094455,1778,3028,6,174253,2267865,2251,0,5678,78,0,0,6917073,7707080,7318008,7229068,2108,146680
2018-05-21_19-40-56.368197356,1526924456.370500148,7131325705,2018-05-21_19-41-26.413302537,1526924486.415819456,0.48,0.37,0.39,7233854172,5971262918356,0,13151291,1786,3038,6,175018,2278812,2251,0,5693,78,0,0,6951547,7707080,7318344,7229132,2108,146680
2018-05-21_19-41-26.455955956,1526924486.458296324,7114593959,2018-05-21_19-41-56.502433696,1526924516.504816728,0.29,0.33,0.38,7280919138,5997972478974,0,13210857,1794,3052,6,175843,2289727,2251,0,5714,78,0,0,6986123,7707080,7314556,7225480,2108,146680
2018-05-21_19-41-56.544090462,1526924516.546349629,7223904550,2018-05-21_19-42-26.591516455,1526924546.594007733,0.25,0.32,0.37,7332203724,6025092566614,0,13273439,1802,3060,6,176588,2300700,2251,0,5735,79,0,0,7020265,7707080,7317904,7228936,2108,146680
2018-05-21_19-42-26.634640590,1526924546.637121834,7244099729,2018-05-21_19-42-56.680073434,1526924576.682300987,0.29,0.32,0.37,7371480150,6052284252074,0,13328101,1809,3069,6,177287,2311716,2251,0,5749,79,0,0,7054824,7707080,7318308,7229380,2108,146680
2018-05-21_19-42-56.719372543,1526924576.721569287,7032661439,2018-05-21_19-43-26.762834602,1526924606.765065958,0.33,0.32,0.37,7413754296,6078685863194,0,13383845,1817,3077,6,178076,2322691,2251,0,5764,79,0,0,7088534,7707080,7318300,7229248,2108,146680
2018-05-21_19-43-26.802328952,1526924606.804512448,7245863076,2018-05-21_19-43-56.847538742,1526924636.849914468,0.35,0.32,0.37,7464531702,6105884683754,0,13438407,1824,3087,6,178851,2333601,2251,0,5781,79,0,0,7122704,7707080,7318104,7229576,2108,146680
2018-05-21_19-43-56.889928536,1526924636.892336830,7274912673,2018-05-21_19-44-26.937637388,1526924666.940272619,0.26,0.31,0.36,7513026288,6133190746840,0,13492332,1831,3096,6,179411,2344711,2251,0,5793,79,0,0,7158908,7707080,7318032,7229104,2108,146680
2018-05-21_19-44-26.980682856,1526924666.983152111,7132134928,2018-05-21_19-44-57.029077389,1526924697.031360527,0.53,0.37,0.38,7560561714,6159966677348,0,13550591,1839,3106,6,180229,2355590,2251,0,5819,79,0,0,7192468,7707080,7317976,7228980,2108,146680
2018-05-21_19-44-57.071727672,1526924697.074520065,7445059019,2018-05-21_19-45-27.119897123,1526924727.122464281,0.37,0.35,0.37,7608720000,6187915671676,0,13614440,1847,3116,6,180873,2366644,2251,0,5840,79,0,0,7227629,7707080,7317964,7229084,2108,146680
2018-05-21_19-45-27.163658503,1526924727.166150820,6920752977,2018-05-21_19-45-57.209962250,1526924757.212270194,0.42,0.37,0.38,7654771386,6213897971738,0,13669756,1854,3126,6,181506,2377771,2251,0,5859,80,0,0,7262113,7707080,7317980,7229052,2108,146680
2018-05-21_19-45-57.249462975,1526924757.251637710,7167507365,2018-05-21_19-46-27.294157689,1526924787.296511830,0.33,0.35,0.37,7704599532,6240803504322,0,13728192,1862,3141,6,182300,2388662,2251,0,5885,80,0,0,7296790,7707080,7316768,7228044,2108,146684
2018-05-21_19-46-27.335222974,1526924787.337524949,7055207419,2018-05-21_19-46-57.381500419,1526924817.383963296,0.27,0.33,0.37,7753472598,6267289639134,0,13786859,1870,3152,6,183147,2399530,2251,0,5906,80,0,0,7329646,7707080,7317500,7228580,2108,146688
2018-05-21_19-46-57.423357233,1526924817.425656305,7125219745,2018-05-21_19-47-27.467943202,1526924847.470418939,0.35,0.35,0.37,7800906624,6294037628582,0,13846430,1878,3161,6,183989,2410408,2251,0,5927,81,0,0,7362455,7707080,7318168,7229248,2108,146688
2018-05-21_19-47-27.510641021,1526924847.513106552,6987895658,2018-05-21_19-47-57.556919131,1526924877.559437528,0.40,0.36,0.38,7847321490,6320271972540,0,13902072,1885,3169,6,184829,2421305,2251,0,5944,81,0,0,7395417,7707080,7318084,7229164,2108,146688
2018-05-21_19-47-57.599931334,1526924877.602364448,7200657826,2018-05-21_19-48-27.646199678,1526924907.648888070,0.31,0.34,0.37,7897845336,6347303394906,0,13961926,1894,3179,6,185630,2432214,2251,0,5965,81,0,0,7429408,7707080,7318240,7229520,2108,146692
2018-05-21_19-48-27.688570645,1526924907.690962576,7206802667,2018-05-21_19-48-57.733145808,1526924937.735544034,0.19,0.31,0.36,7948217022,6374358730264,0,14022297,1902,3190,6,186505,2443054,2251,0,5984,81,0,0,7462998,7707080,7318040,7228852,2108,146692
2018-05-21_19-48-57.774326719,1526924937.776609213,7521623356,2018-05-21_19-49-27.819089004,1526924967.821625789,0.24,0.31,0.36,7986031668,6402592294530,0,14078741,1909,3199,6,187150,2454138,2251,0,5998,81,0,0,7498642,7707080,7317776,7229056,2108,146692
2018-05-21_19-49-27.862203296,1526924967.864636291,6983050278,2018-05-21_19-49-57.907467132,1526924997.909796252,0.21,0.30,0.35,8034653094,6428805804704,0,14131983,1917,3208,6,187956,2465034,2251,0,6017,81,0,0,7532247,7707080,7317800,7228884,2108,146692
2018-05-21_19-49-57.948376865,1526924997.950721522,7216141757,2018-05-21_19-50-27.993555616,1526925027.996023144,0.19,0.28,0.34,8082676260,6455895777670,0,14192210,1925,3220,6,188773,2475947,2251,0,6035,81,0,0,7566424,7707080,7317524,7229000,2108,146696
2018-05-21_19-50-28.034832082,1526925028.037139343,6816416274,2018-05-21_19-50-58.082225726,1526925058.084757906,0.17,0.27,0.34,8128422126,6481480761962,0,14240163,1931,3233,6,189485,2486928,2251,0,6053,82,0,0,7599789,7707080,7316668,7227520,2108,146696
2018-05-21_19-50-58.125252938,1526925058.127692637,6199550319,2018-05-21_19-51-28.171676806,1526925088.174089151,0.11,0.25,0.33,8169705852,6504754110976,0,14292717,1938,3240,6,190193,2497990,2251,0,6070,82,0,0,7631107,7707080,7317360,7228844,2108,146696
2018-05-21_19-51-28.212334211,1526925088.214568013,6241501756,2018-05-21_19-51-58.255797868,1526925118.258033510,0.18,0.25,0.32,8211526578,6528183731906,0,14344215,1945,3248,6,190897,2509033,2251,0,6085,82,0,0,7662425,7707080,7317768,7229008,2108,146696
2018-05-21_19-51-58.295286542,1526925118.297470949,6311485440,2018-05-21_19-52-28.341164601,1526925148.343424154,0.19,0.25,0.32,8255764224,6551876086374,0,14393447,1951,3258,6,191544,2520111,2251,0,6105,82,0,0,7693836,7707080,7317544,7228628,2108,146696
2018-05-21_19-52-28.380558727,1526925148.382816319,6242716085,2018-05-21_19-52-58.425364751,1526925178.427657842,0.20,0.24,0.32,8289458130,6575310569566,0,14442233,1958,3266,6,192248,2531168,2251,0,6119,82,0,0,7724666,7707080,7317944,7229180,2108,146696
2018-05-21_19-52-58.466068529,1526925178.468349035,5198893116,2018-05-21_19-53-28.510759803,1526925208.512997747,0.25,0.25,0.32,8325377256,6594828564328,0,14483642,1964,3275,6,192893,2542333,2251,0,6134,82,0,0,7751915,7707080,7318116,7229108,2108,146696
2018-05-21_19-53-28.550059214,1526925208.552328088,4886942541,2018-05-21_19-53-58.596885169,1526925238.599127429,0.15,0.23,0.31,8359164942,6613174734758,0,14521988,1969,3283,6,193445,2553572,2251,0,6149,82,0,0,7778373,7707080,7317996,7229280,2108,146696
2018-05-21_19-53-58.636490806,1526925238.638716751,5018680791,2018-05-21_19-54-28.683141974,1526925268.685726718,0.09,0.20,0.30,8392741008,6632015018640,0,14563400,1974,3291,6,193994,2564818,2251,0,6166,83,0,0,7805156,7707080,7318096,7229180,2108,146696
2018-05-21_19-54-28.726749696,1526925268.729160874,4989627026,2018-05-21_19-54-58.773835189,1526925298.776183869,0.06,0.18,0.29,8425908474,6650747079100,0,14605700,1980,3299,6,194570,2576050,2251,0,6182,83,0,0,7831829,7707080,7317924,7229008,2108,146696
2018-05-21_19-54-58.814026248,1526925298.816568280,4948245122,2018-05-21_19-55-28.861805630,1526925328.864231157,0.10,0.18,0.29,8458954800,6669323663816,0,14649599,1985,3305,6,195118,2587314,2251,0,6194,83,0,0,7858388,7707080,7318272,7229356,2108,146696
2018-05-21_19-55-28.904888936,1526925328.907286811,5066590182,2018-05-21_19-55-58.949811771,1526925358.952088829,0.11,0.18,0.28,8492727546,6688341815242,0,14686719,1990,3317,6,195660,2598537,2251,0,6207,83,0,0,7885415,7707080,7316252,7227348,2108,146700
2018-05-21_19-55-58.989307817,1526925358.991519671,4868127341,2018-05-21_19-56-29.032977191,1526925389.035282781,0.07,0.16,0.27,8526445812,6706616895220,0,14728825,1995,3324,6,196195,2609824,2251,0,6223,83,0,0,7911787,7707080,7318148,7229244,2108,146704
2018-05-21_19-56-29.072662358,1526925389.074914655,4940743688,2018-05-21_19-56-59.118475934,1526925419.120856778,0.10,0.16,0.27,8554557378,6725162851472,0,14766260,2000,3330,6,196705,2621123,2251,0,6237,83,0,0,7938215,7707080,7317980,7229468,2108,146704
2018-05-21_19-56-59.159945398,1526925419.162222842,4988629478,2018-05-21_19-57-29.205202888,1526925449.207471562,0.17,0.18,0.27,8589067884,6743888667072,0,14805280,2005,3338,6,197202,2632412,2251,0,6252,83,0,0,7964868,7707080,7317880,7228976,2108,146704
2018-05-21_19-57-29.244597519,1526925449.246790274,5045628161,2018-05-21_19-57-59.289411367,1526925479.291729020,0.15,0.18,0.27,8624058930,6762828629220,0,14845155,2011,3345,6,197761,2643640,2251,0,6265,84,0,0,7991511,7707080,7317780,7229272,2108,146704
2018-05-21_19-57-59.329308064,1526925479.331508533,4894665866,2018-05-21_19-58-29.375580700,1526925509.378074684,0.24,0.19,0.27,8656666416,6781203838406,0,14886965,2016,3352,6,198317,2654893,2251,0,6282,84,0,0,8017853,7707080,7318120,7229216,2108,146704
2018-05-21_19-58-29.419253401,1526925509.421693587,5096619182,2018-05-21_19-58-59.464536461,1526925539.466895128,0.29,0.21,0.27,8690485782,6800335007590,0,14924895,2021,3359,6,198858,2666155,2251,0,6295,84,0,0,8044746,7707080,7318352,7229348,2108,146704
2018-05-21_19-58-59.505906598,1526925539.508170876,5022806821,2018-05-21_19-59-29.551960891,1526925569.554236781,0.18,0.19,0.27,8723956188,6819189811538,0,14964292,2026,3366,6,199405,2677395,2251,0,6310,84,0,0,8071306,7707080,7317556,7228700,2108,146704
2018-05-21_19-59-29.591553551,1526925569.593773937,5075137121,2018-05-21_19-59-59.639940931,1526925599.642186043,0.17,0.18,0.26,8757762354,6838243638966,0,15003404,2031,3373,6,200007,2688540,2251,0,6325,84,0,0,8098188,7707080,7317744,7229184,2108,146704
2018-05-21_19-59-59.679237467,1526925599.681444721,4945391431,2018-05-21_20-00-29.723686559,1526925629.725995281,0.16,0.18,0.26,8792067300,6856808778108,0,15048495,2037,3386,6,200530,2699822,2251,0,6340,84,0,0,8125487,7707080,7317624,7228708,2108,146712
2018-05-21_20-00-29.763256345,1526925629.765492351,4936362630,2018-05-21_20-00-59.813145164,1526925659.815725469,0.23,0.20,0.26,8825521446,6875339145550,0,15088171,2042,3394,6,201052,2711102,2251,0,6354,85,0,0,8152040,7707080,7317640,7229068,2108,146712
2018-05-21_20-00-59.857077884,1526925659.859518169,5004315382,2018-05-21_20-01-29.901740139,1526925689.904050399,0.27,0.21,0.26,8854358292,6894125182740,0,15132637,2047,3404,6,201606,2722373,2251,0,6367,85,0,0,8179273,7707080,7317612,7228900,2108,146712
2018-05-21_20-01-29.944011380,1526925689.946474945,5083574171,2018-05-21_20-01-59.989690946,1526925719.992126799,0.31,0.22,0.26,8890021458,6913207037224,0,15169585,2052,3412,6,202167,2733571,2251,0,6383,85,0,0,8205915,7707080,7318088,7228884,2108,146712
2018-05-21_20-02-00.032365678,1526925720.034809867,5088200311,2018-05-21_20-02-30.077463195,1526925750.079990350,0.35,0.24,0.27,8923822524,6932305336108,0,15205819,2057,3419,6,202684,2744824,2251,0,6396,85,0,0,8232647,7707080,7318032,7229516,2108,146712
2018-05-21_20-02-30.120484919,1526925750.122940622,5025862644,2018-05-21_20-03-00.165028077,1526925780.167420380,0.35,0.25,0.27,8957353530,6951172393966,0,15249543,2062,3425,6,203240,2756082,2251,0,6411,85,0,0,8259478,7707080,7317688,7228976,2108,146712
2018-05-21_20-03-00.206404099,1526925780.208667070,5075776987,2018-05-21_20-03-30.252628802,1526925810.255139694,0.19,0.22,0.26,8984157636,6970225828666,0,15289325,2068,3432,6,203802,2767327,2251,0,6422,86,0,0,8286358,7707080,7318036,7229324,2108,146712
2018-05-21_20-03-30.295301911,1526925810.297694226,5047530689,2018-05-21_20-04-00.342985641,1526925840.345533331,0.12,0.20,0.25,9019053522,6989174390914,0,15327769,2073,3439,6,204334,2778585,2251,0,6435,86,0,0,8313048,7707080,7317464,7228556,2108,146712
2018-05-21_20-04-00.384971822,1526925840.387277919,5005469522,2018-05-21_20-04-30.434846592,1526925870.437395701,0.19,0.21,0.25,9052312908,7007964974438,0,15368148,2078,3451,6,204911,2789792,2251,0,6454,86,0,0,8340044,7707080,7317692,7228708,2108,146724
2018-05-21_20-04-30.478599606,1526925870.481025037,4994521246,2018-05-21_20-05-00.523745450,1526925900.526380809,0.25,0.22,0.25,9085583094,7026713848958,0,15409405,2083,3457,6,205410,2801093,2251,0,6473,86,0,0,8366540,7707080,7317812,7228912,2108,146724
2018-05-21_20-05-00.566831128,1526925900.569260988,4960603159,2018-05-21_20-05-30.612123112,1526925930.614364610,0.26,0.23,0.25,9118586640,7045336456184,0,15451770,2089,3466,6,205951,2812362,2251,0,6485,86,0,0,8393137,7707080,7317928,7229028,2108,146724
2018-05-21_20-05-30.651604267,1526925930.653989925,5000095629,2018-05-21_20-06-00.696322352,1526925960.698733639,0.16,0.21,0.25,9151821246,7064106587790,0,15493981,2094,3473,6,206490,2823629,2251,0,6499,86,0,0,8419720,7707080,7318468,7229764,2108,146724
2018-05-21_20-06-00.737641934,1526925960.740004068,4955130200,2018-05-21_20-06-30.780925033,1526925990.783147062,0.10,0.19,0.24,9186281052,7082707972666,0,15538810,2100,3482,6,207049,2834884,2251,0,6510,86,0,0,8446258,7707080,7318012,7229112,2108,146724
2018-05-21_20-06-30.820225128,1526925990.822437940,5064563886,2018-05-21_20-07-00.865196081,1526926020.867466473,0.06,0.17,0.23,9221580438,7101719001680,0,15577997,2105,3491,6,207594,2846121,2251,0,6523,86,0,0,8472813,7707080,7317952,7229052,2108,146724
2018-05-21_20-07-00.904722914,1526926020.906914191,4932298591,2018-05-21_20-07-30.952006976,1526926050.954588018,0.12,0.17,0.23,9255460464,7120234708278,0,15621445,2110,3497,6,208139,2857387,2251,0,6536,87,0,0,8499356,7707080,7318172,7229468,2108,146724
2018-05-21_20-07-30.996003525,1526926050.998485207,4973418932,2018-05-21_20-08-01.041814452,1526926081.044076192,0.07,0.16,0.22,9289977990,7138905640856,0,15665930,2116,3505,6,208699,2868632,2251,0,6552,87,0,0,8525730,7707080,7317532,7228828,2108,146724
