StartTime,StartEpoch,BW,EndTime,EndEpoch,CPULoad1m,CPULoad5m,CPULoad5m,NetDevRX,NetDevTX,IRQconfig,IRQinput,IRQoutput,user,nice,system,idle,iowait,irq,softirq,steal,guest,guest_nice,MemTotal,MemFree,MemAvailable,Buffers,Cached
2018-05-10_19-23-43.040879127,1525973023.043449012,36.568651,2018-05-10_19-24-13.292059677,1525973053.294625804,0.57,0.34,0.33,76399068,175195363440,,,,470309,106,14412,32570770,1764,0,57,842,0,0,7707080,7160240,7112784,2108,216416
2018-05-10_19-24-13.335255190,1525973053.337819875,36.568654,2018-05-10_19-24-43.582654856,1525973083.585416772,0.74,0.40,0.35,76400212,175195364772,,,,473332,106,14420,32579860,1764,0,58,843,0,0,7707080,7160732,7113080,2108,216416
2018-05-10_19-24-43.655741443,1525973083.659680280,36.568577,2018-05-10_19-25-13.925627084,1525973113.929072912,0.77,0.44,0.37,76401356,175195366104,,,,476354,106,14429,32588951,1764,0,58,843,0,0,7707080,7161480,7113752,2108,216416
2018-05-10_19-25-13.973974372,1525973113.976827907,36.568653,2018-05-10_19-25-44.223250773,1525973144.225811128,0.81,0.48,0.38,76402500,175195367436,,,,479376,106,14437,32598034,1764,0,58,843,0,0,7707080,7161404,7113280,2108,216416
2018-05-10_19-25-44.271904900,1525973144.274618187,36.568645,2018-05-10_19-26-14.520620822,1525973174.523161216,0.76,0.50,0.39,76403644,175195368768,,,,482398,106,14443,32607118,1764,0,58,843,0,0,7707080,7160816,7113360,2108,216416
2018-05-10_19-26-14.562291565,1525973174.565125536,36.568650,2018-05-10_19-26-44.810089207,1525973204.812647589,0.67,0.50,0.40,76404788,175195370100,,,,485420,106,14448,32616202,1764,0,58,843,0,0,7707080,7161528,7114076,2108,216416
2018-05-10_19-26-44.851404884,1525973204.853995750,36.539149,2018-05-10_19-27-15.117817375,1525973235.120409077,0.80,0.55,0.42,76405932,175195371432,,,,488445,106,14463,32625278,1764,0,58,844,0,0,7707080,7148632,7101128,2108,216424
2018-05-10_19-27-15.159794488,1525973235.162509656,36.568642,2018-05-10_19-27-45.407924111,1525973265.410736883,0.76,0.57,0.43,76407076,175195372764,,,,491471,106,14476,32634352,1764,0,59,844,0,0,7707080,7146664,7099216,2108,216428
2018-05-10_19-27-45.468522304,1525973265.471055265,36.568647,2018-05-10_19-28-15.716213157,1525973295.718784906,0.85,0.61,0.44,76408220,175195374096,,,,494496,106,14487,32643432,1764,0,59,844,0,0,7707080,7147556,7100304,2108,216428
2018-05-10_19-28-15.776182408,1525973295.778744913,36.529323,2018-05-10_19-28-46.024920973,1525973326.027442914,0.91,0.64,0.46,76409364,175195375428,,,,497519,106,14496,32652508,1764,0,59,844,0,0,7707080,7147904,7100460,2108,216432
2018-05-10_19-28-46.066030256,1525973326.068505464,36.562096,2018-05-10_19-29-16.314437930,1525973356.317141817,0.95,0.68,0.48,76410508,175195376760,,,,500538,106,14502,32661591,1764,0,59,845,0,0,7707080,7149020,7101296,2108,216432
2018-05-10_19-29-16.356226258,1525973356.358837020,36.562091,2018-05-10_19-29-46.606642680,1525973386.609275578,0.97,0.71,0.50,76411652,175195378092,,,,503564,106,14513,32670665,1764,0,59,845,0,0,7707080,7148236,7100796,2108,216436
2018-05-10_19-29-46.648573684,1525973386.651178073,36.548809,2018-05-10_19-30-16.907394661,1525973416.910212393,0.98,0.74,0.51,76412796,175195379424,,,,506593,106,14541,32679720,1764,0,59,846,0,0,7707080,7161224,7113716,2108,216436
2018-05-10_19-30-16.951212595,1525973416.953695461,36.545702,2018-05-10_19-30-47.201974734,1525973447.204845645,0.99,0.76,0.53,76413940,175195380696,,,,509613,106,14547,32688805,1764,0,59,846,0,0,7707080,7161072,7113392,2108,216436
2018-05-10_19-30-47.245713035,1525973447.248320457,36.453909,2018-05-10_19-31-17.495122738,1525973477.497840502,0.99,0.79,0.54,76415084,175195382028,,,,512631,106,14553,32697890,1764,0,60,846,0,0,7707080,7161236,7113804,2108,216436
2018-05-10_19-31-17.552675702,1525973477.555234072,36.558775,2018-05-10_19-31-47.801868634,1525973507.804544310,0.93,0.79,0.55,76416228,175195383360,,,,515659,106,14567,32706960,1764,0,60,846,0,0,7707080,7160860,7113576,2108,216436
2018-05-10_19-31-47.846064740,1525973507.848540666,36.568649,2018-05-10_19-32-18.095284126,1525973538.097828233,0.96,0.81,0.56,76417372,175195384692,,,,518681,106,14572,32716045,1764,0,60,846,0,0,7707080,7161400,7113968,2108,216436
2018-05-10_19-32-18.137601506,1525973538.140134535,36.558672,2018-05-10_19-32-48.385355561,1525973568.388228562,0.97,0.83,0.58,76418516,175195386024,,,,521704,106,14577,32725129,1764,0,60,846,0,0,7707080,7161284,7113856,2108,216440
2018-05-10_19-32-48.429011301,1525973568.431615921,36.555538,2018-05-10_19-33-18.679574120,1525973598.682373545,0.98,0.84,0.59,76419660,175195387356,,,,524727,106,14585,32734220,1764,0,60,846,0,0,7707080,7161108,7113424,2108,216440
2018-05-10_19-33-18.750127720,1525973598.753413103,36.562050,2018-05-10_19-33-49.021046854,1525973629.024313574,0.99,0.86,0.60,76420804,175195388688,,,,527747,106,14594,32743313,1764,0,61,846,0,0,7707080,7160960,7113244,2108,216440
2018-05-10_19-33-49.073401809,1525973629.076048936,36.558814,2018-05-10_19-34-19.323747025,1525973659.326440783,0.99,0.87,0.62,76421948,175195390020,,,,530767,106,14603,32752395,1764,0,61,846,0,0,7707080,7161260,7113984,2108,216440
2018-05-10_19-34-19.366339274,1525973659.368879474,36.532580,2018-05-10_19-34-49.616007813,1525973689.618665287,1.00,0.88,0.63,76423092,175195391352,,,,533785,106,14610,32761479,1764,0,61,848,0,0,7707080,7161936,7114508,2108,216440
2018-05-10_19-34-49.660254916,1525973689.662761416,36.558795,2018-05-10_19-35-19.908137561,1525973719.910669314,1.00,0.90,0.64,76424236,175195392684,,,,536813,106,14626,32770544,1764,0,61,850,0,0,7707080,7148232,7101008,2108,216452
2018-05-10_19-35-19.950204055,1525973719.952754661,36.568652,2018-05-10_19-35-50.197743111,1525973750.200297886,0.94,0.89,0.65,76425380,175195394016,,,,539835,106,14631,32779628,1764,0,61,850,0,0,7707080,7148140,7100720,2108,216452
2018-05-10_19-35-50.240572481,1525973750.243162705,36.568648,2018-05-10_19-36-20.488068515,1525973780.490669608,0.91,0.89,0.65,76426524,175195395348,,,,542860,106,14639,32788705,1764,0,61,850,0,0,7707080,7148852,7101236,2108,216452
2018-05-10_19-36-20.531269789,1525973780.533802561,36.568628,2018-05-10_19-36-50.778925738,1525973810.781452724,0.95,0.90,0.67,76427668,175195396680,,,,545890,106,14658,32797763,1764,0,61,850,0,0,7707080,7147840,7100352,2108,216460
2018-05-10_19-36-50.822095641,1525973810.824752827,36.558817,2018-05-10_19-37-21.071835755,1525973841.074493436,0.97,0.91,0.68,76428812,175195398012,,,,548917,106,14668,32806838,1764,0,61,850,0,0,7707080,7148128,7100456,2108,216460
2018-05-10_19-37-21.113478258,1525973841.116001678,36.561780,2018-05-10_19-37-51.388668309,1525973871.393222638,0.98,0.92,0.69,76429956,175195399284,,,,551936,106,14679,32815926,1764,0,61,850,0,0,7707080,7148220,7100812,2108,216464
2018-05-10_19-37-51.439357927,1525973871.442081951,36.555535,2018-05-10_19-38-21.693934963,1525973901.696821838,0.99,0.93,0.70,76431100,175195400616,,,,554955,106,14689,32825008,1764,0,61,850,0,0,7707080,7161012,7113172,2108,216456
2018-05-10_19-38-21.735881444,1525973901.738410958,36.499787,2018-05-10_19-38-51.985166780,1525973931.987819768,0.99,0.93,0.71,76432244,175195401948,,,,557972,106,14696,32834092,1764,0,61,850,0,0,7707080,7160516,7113104,2108,216456
2018-05-10_19-38-52.027300744,1525973932.029788965,36.562093,2018-05-10_19-39-22.275924749,1525973962.278523641,1.00,0.94,0.71,76433388,175195403280,,,,560993,106,14701,32843176,1764,0,62,850,0,0,7707080,7161252,7113840,2108,216456
2018-05-10_19-39-22.317655648,1525973962.320195543,36.562095,2018-05-10_19-39-52.568667427,1525973992.571386342,1.08,0.96,0.73,76434532,175195404612,,,,564015,106,14707,32852262,1764,0,62,850,0,0,7707080,7160816,7113404,2108,216456
2018-05-10_19-39-52.610835283,1525973992.613346011,36.538780,2018-05-10_19-40-22.912345923,1525974022.916196587,1.10,0.98,0.74,76435676,175195405884,,,,567044,106,14729,32861342,1764,0,62,851,0,0,7707080,7160308,7113296,2108,216460
2018-05-10_19-40-22.964157263,1525974022.967404367,36.548964,2018-05-10_19-40-53.219619219,1525974053.222262718,1.06,0.98,0.75,76436820,175195407216,,,,570075,106,14750,32870405,1764,0,62,852,0,0,7707080,7160952,7113552,2108,216464
2018-05-10_19-40-53.267439242,1525974053.269982125,36.555543,2018-05-10_19-41-23.515693475,1525974083.518268733,1.04,0.99,0.76,76437964,175195408548,,,,573097,106,14755,32879489,1764,0,62,852,0,0,7707080,7161224,7113824,2108,216464
2018-05-10_19-41-23.557024650,1525974083.559517876,36.503060,2018-05-10_19-41-53.806311128,1525974113.809042328,1.02,0.99,0.77,76439108,175195409880,,,,576113,106,14761,32888574,1764,0,62,853,0,0,7707080,7161916,7114912,2108,216468
2018-05-10_19-41-53.848027628,1525974113.850554046,36.558792,2018-05-10_19-42-24.097323655,1525974144.099872081,1.01,0.99,0.78,76440252,175195411212,,,,579134,106,14767,32897658,1764,0,62,853,0,0,7707080,7161592,7114392,2108,216468
2018-05-10_19-42-24.141173094,1525974144.143809491,36.562097,2018-05-10_19-42-54.391894437,1525974174.394623089,1.01,0.99,0.78,76441396,175195412544,,,,582156,106,14773,32906743,1764,0,62,853,0,0,7707080,7161608,7114212,2108,216468
2018-05-10_19-42-54.435925365,1525974174.438383901,36.552175,2018-05-10_19-43-24.713593500,1525974204.717358249,1.00,0.99,0.79,76442540,175195413876,,,,585182,106,14791,32915821,1764,0,63,853,0,0,7707080,7148528,7100880,2108,216476
2018-05-10_19-43-24.766007833,1525974204.768695437,36.552239,2018-05-10_19-43-55.019942289,1525974235.022771342,1.00,0.99,0.79,76443684,175195415208,,,,588208,106,14810,32924889,1764,0,63,853,0,0,7707080,7147868,7100224,2108,216480
2018-05-10_19-43-55.068513223,1525974235.071139368,36.562066,2018-05-10_19-44-25.317402209,1525974265.320190883,0.92,0.97,0.79,76444828,175195416540,,,,591229,106,14817,32933976,1764,0,63,854,0,0,7707080,7148196,7100560,2108,216480
2018-05-10_19-44-25.377171412,1525974265.379767846,36.529299,2018-05-10_19-44-55.626785208,1525974295.629463366,0.88,0.96,0.80,76445972,175195417872,,,,594256,106,14836,32943037,1764,0,63,855,0,0,7707080,7147016,7099632,2108,216484
2018-05-10_19-44-55.670666337,1525974295.673209438,36.562085,2018-05-10_19-45-25.919228094,1525974325.921858592,0.93,0.96,0.80,76447116,175195419204,,,,597283,106,14846,32952111,1764,0,63,855,0,0,7707080,7148456,7100656,2108,216488
2018-05-10_19-45-25.960917839,1525974325.963477591,36.558816,2018-05-10_19-45-56.212213240,1525974356.214989498,0.96,0.96,0.81,76448260,175195420536,,,,600304,106,14851,32961196,1764,0,63,855,0,0,7707080,7148184,7100796,2108,216488
2018-05-10_19-45-56.254506475,1525974356.257017563,36.552256,2018-05-10_19-46-26.531665217,1525974386.535347150,0.97,0.96,0.81,76449404,175195421808,,,,603326,106,14863,32970283,1764,0,63,855,0,0,7707080,7160780,7113244,2108,216484
2018-05-10_19-46-26.585321386,1525974386.588038340,36.545685,2018-05-10_19-46-56.839800422,1525974416.842393091,0.98,0.97,0.82,76450548,175195423140,,,,606346,106,14874,32979366,1764,0,63,856,0,0,7707080,7161968,7114580,2108,216484
2018-05-10_19-46-56.883184733,1525974416.885787623,36.486719,2018-05-10_19-47-27.132943891,1525974447.135664634,0.99,0.97,0.83,76451692,175195424472,,,,609362,106,14880,32988451,1764,0,63,856,0,0,7707080,7162532,7115144,2108,216484
2018-05-10_19-47-27.175789406,1525974447.178340140,36.562086,2018-05-10_19-47-57.425230036,1525974477.427848857,0.99,0.97,0.83,76452836,175195425804,,,,612384,106,14890,32997531,1764,0,64,856,0,0,7707080,7161364,7113712,2108,216484
2018-05-10_19-47-57.468354937,1525974477.470966365,36.558819,2018-05-10_19-48-27.718096291,1525974507.720690151,1.00,0.98,0.84,76453980,175195427136,,,,615405,106,14895,33006616,1764,0,64,856,0,0,7707080,7161444,7113972,2108,216484
2018-05-10_19-48-27.760223376,1525974507.762764034,36.555540,2018-05-10_19-48-58.011034476,1525974538.013614803,1.00,0.98,0.84,76455124,175195428468,,,,618426,106,14901,33015701,1764,0,64,856,0,0,7707080,7161744,7114060,2108,216484
2018-05-10_19-48-58.053522528,1525974538.056035061,36.558523,2018-05-10_19-49-28.333410339,1525974568.336875443,1.00,0.98,0.85,76456268,175195429740,,,,621448,106,14911,33024794,1764,0,64,857,0,0,7707080,7161272,7114032,2108,216484
2018-05-10_19-49-28.385590440,1525974568.388333404,36.555500,2018-05-10_19-49-58.642443707,1525974598.645000329,1.06,1.00,0.86,76457412,175195431072,,,,624481,106,14935,33033852,1764,0,64,857,0,0,7707080,7161044,7113648,2108,216484
2018-05-10_19-49-58.685638453,1525974598.688198399,36.460475,2018-05-10_19-50-28.936716973,1525974628.939784227,1.04,1.00,0.86,76458556,175195432404,,,,627502,106,14948,33042926,1764,0,64,858,0,0,7707080,7160860,7113324,2108,216492
2018-05-10_19-50-28.980450779,1525974628.983006885,36.562092,2018-05-10_19-50-59.231358218,1525974659.233945762,1.02,1.00,0.87,76459700,175195433736,,,,630523,106,14954,33052011,1764,0,64,859,0,0,7707080,7161488,7113952,2108,216492
2018-05-10_19-50-59.272875526,1525974659.275417903,36.562088,2018-05-10_19-51-29.522237036,1525974689.525075670,1.01,1.00,0.87,76460844,175195435068,,,,633548,106,14965,33061083,1764,0,65,859,0,0,7707080,7148260,7100784,2108,216500
2018-05-10_19-51-29.564282915,1525974689.566948123,36.558812,2018-05-10_19-51-59.831610883,1525974719.835008183,1.01,1.00,0.87,76461988,175195436340,,,,636577,106,14983,33070155,1764,0,65,859,0,0,7707080,7148148,7100768,2108,216504
2018-05-10_19-51-59.879753500,1525974719.882371358,36.562043,2018-05-10_19-52-30.142736597,1525974750.145690897,1.01,1.00,0.88,76463132,175195437672,,,,639596,106,14993,33079243,1764,0,65,860,0,0,7707080,7148008,7100432,2108,216504
2018-05-10_19-52-30.193340187,1525974750.196085125,36.558813,2018-05-10_19-53-00.443512345,1525974780.446051519,1.00,1.00,0.88,76464276,175195439004,,,,642620,106,15006,33088315,1764,0,65,860,0,0,7707080,7147856,7100284,2108,216508
2018-05-10_19-53-00.485239927,1525974780.487874456,36.529286,2018-05-10_19-53-30.734345498,1525974810.737213433,1.00,1.00,0.88,76465420,175195440336,,,,645640,106,15017,33097390,1764,0,65,860,0,0,7707080,7147968,7100592,2108,216508
2018-05-10_19-53-30.776223552,1525974810.778848924,36.558814,2018-05-10_19-54-01.026188748,1525974841.028874093,1.00,1.00,0.89,76466564,175195441668,,,,648660,106,15023,33106474,1764,0,65,860,0,0,7707080,7147984,7100344,2108,216508
2018-05-10_19-54-01.067807427,1525974841.070296161,36.565274,2018-05-10_19-54-31.317415243,1525974871.320374947,1.00,1.00,0.89,76467708,175195443000,,,,651681,106,15028,33115557,1764,0,65,861,0,0,7707080,7161020,7113172,2108,216500
2018-05-10_19-54-31.359868013,1525974871.362397002,36.555520,2018-05-10_19-55-01.611565995,1525974901.614148887,1.00,1.00,0.89,76468852,175195444332,,,,654712,106,15044,33124622,1764,0,65,861,0,0,7707080,7161240,7113864,2108,216504
2018-05-10_19-55-01.652465237,1525974901.654948926,36.552260,2018-05-10_19-55-31.932141419,1525974931.935996592,1.00,1.00,0.89,76469996,175195445604,,,,657732,106,15054,33133716,1764,0,65,863,0,0,7707080,7160828,7113452,2108,216504
2018-05-10_19-55-31.984894566,1525974931.987836840,36.545683,2018-05-10_19-56-02.239646364,1525974962.242158553,1.00,1.00,0.90,76471140,175195446936,,,,660753,106,15061,33142802,1764,0,65,863,0,0,7707080,7160880,7113504,2108,216504
2018-05-10_19-56-02.282264090,1525974962.284799710,36.568653,2018-05-10_19-56-32.530103498,1525974992.532673507,1.00,1.00,0.90,76472284,175195448268,,,,663776,106,15067,33151885,1764,0,65,863,0,0,7707080,7161264,7113888,2108,216504
2018-05-10_19-56-32.571868138,1525974992.574370769,36.457198,2018-05-10_19-57-02.821150801,1525975022.823781927,1.00,1.00,0.90,76473428,175195449600,,,,666791,106,15072,33160969,1764,0,65,863,0,0,7707080,7160852,7113280,2108,216504
2018-05-10_19-57-02.863428291,1525975022.865939719,36.562097,2018-05-10_19-57-33.112264631,1525975053.114913044,1.00,1.00,0.91,76474572,175195450932,,,,669813,106,15078,33170053,1764,0,65,863,0,0,7707080,7161160,7113512,2108,216504
2018-05-10_19-57-33.153993602,1525975053.156507569,36.558821,2018-05-10_19-58-03.402829853,1525975083.405476955,1.00,1.00,0.91,76475716,175195452264,,,,672834,106,15083,33179139,1764,0,65,863,0,0,7707080,7161220,7113996,2108,216504
2018-05-10_19-58-03.449439339,1525975083.452060091,36.555545,2018-05-10_19-58-33.715833224,1525975113.719124787,1.00,1.00,0.91,76476860,175195453536,,,,675856,106,15090,33188229,1764,0,65,863,0,0,7707080,7161020,7113844,2108,216504
2018-05-10_19-58-33.765284164,1525975113.768098251,36.542367,2018-05-10_19-59-04.034251402,1525975144.037096303,1.00,1.00,0.91,76478004,175195454868,,,,678877,106,15098,33197319,1764,0,66,863,0,0,7707080,7161272,7113896,2108,216504
2018-05-10_19-59-04.080907179,1525975144.083471127,36.483434,2018-05-10_19-59-34.332392282,1525975174.335136774,1.08,1.02,0.92,76479148,175195456200,,,,681908,106,15128,33206361,1764,0,66,864,0,0,7707080,7147880,7100320,2108,216520
2018-05-10_19-59-34.375513753,1525975174.378082227,36.562090,2018-05-10_20-00-04.624139532,1525975204.629140060,1.05,1.01,0.93,76480292,175195457532,,,,684933,106,15144,33215426,1764,0,66,866,0,0,7707080,7147356,7100000,2108,216528
2018-05-10_20-00-04.668189871,1525975204.671269993,36.558821,2018-05-10_20-00-34.918364860,1525975234.921258325,1.03,1.01,0.93,76481436,175195458864,,,,687953,106,15150,33224511,1764,0,66,866,0,0,7707080,7147776,7100480,2108,216528
2018-05-10_20-00-34.960019548,1525975234.962662513,36.562091,2018-05-10_20-01-05.209524499,1525975265.212024453,1.02,1.01,0.93,76482580,175195460196,,,,690982,106,15167,33233572,1764,0,66,866,0,0,7707080,7148076,7100724,2108,216532
2018-05-10_20-01-05.250790536,1525975265.253316695,36.555456,2018-05-10_20-01-35.508887033,1525975295.511580786,1.01,1.01,0.93,76483724,175195461528,,,,694007,106,15193,33242633,1764,0,66,866,0,0,7707080,7147624,7100272,2108,216532
2018-05-10_20-01-35.554754203,1525975295.557465052,36.555517,2018-05-10_20-02-05.805017294,1525975325.807567559,0.96,1.00,0.93,76484868,175195462860,,,,697028,106,15200,33251716,1764,0,66,866,0,0,7707080,7160208,7112860,2108,216536
2018-05-10_20-02-05.849448856,1525975325.852002600,36.522746,2018-05-10_20-02-36.098139662,1525975356.100943280,0.97,1.00,0.94,76486012,175195464192,,,,700045,106,15207,33260804,1764,0,66,867,0,0,7707080,7160912,7113436,2108,216528
2018-05-10_20-02-36.159326491,1525975356.161910541,36.568602,2018-05-10_20-03-06.407905265,1525975386.410670736,0.72,0.93,0.92,76487156,175195465524,,,,703066,106,15215,33269891,1764,0,66,867,0,0,7707080,7160396,7113044,2108,216528
2018-05-10_20-03-06.465663141,1525975386.468196122,36.558799,2018-05-10_20-03-36.713770864,1525975416.716582428,0.83,0.94,0.92,76488300,175195466856,,,,706087,106,15220,33278976,1764,0,66,867,0,0,7707080,7160532,7113180,2108,216528
2018-05-10_20-03-36.755262789,1525975416.757816628,36.565217,2018-05-10_20-04-07.005629863,1525975447.008210591,0.90,0.95,0.92,76489444,175195468188,,,,709117,106,15234,33288042,1764,0,67,867,0,0,7707080,7160296,7112944,2108,216528
2018-05-10_20-04-07.048636589,1525975447.051205342,36.562100,2018-05-10_20-04-37.299639402,1525975477.302355706,0.94,0.95,0.93,76490588,175195469520,,,,712139,106,15239,33297127,1764,0,67,868,0,0,7707080,7160764,7113412,2108,216528
2018-05-10_20-04-37.341085240,1525975477.343662907,36.551939,2018-05-10_20-05-07.619334507,1525975507.622987017,0.96,0.96,0.93,76491732,175195470792,,,,715160,106,15249,33306219,1764,0,67,868,0,0,7707080,7160800,7113448,2108,216528
2018-05-10_20-05-07.672407982,1525975507.675122432,36.548964,2018-05-10_20-05-37.926931508,1525975537.929619272,0.98,0.96,0.93,76492876,175195472124,,,,718180,106,15256,33315306,1764,0,67,868,0,0,7707080,7160488,7113136,2108,216528
2018-05-10_20-05-37.975521738,1525975537.978090652,36.568653,2018-05-10_20-06-08.223504980,1525975568.226027593,0.93,0.95,0.93,76494020,175195473456,,,,721202,106,15262,33324396,1764,0,67,868,0,0,7707080,7160764,7113412,2108,216528
2018-05-10_20-06-08.284471325,1525975568.287098270,36.568597,2018-05-10_20-06-38.533954871,1525975598.536570928,0.96,0.95,0.93,76495164,175195474788,,,,724224,106,15271,33333474,1764,0,67,869,0,0,7707080,7160860,7113508,2108,216528
2018-05-10_20-06-38.577258767,1525975598.579850754,36.555528,2018-05-10_20-07-08.825929358,1525975628.828772914,1.06,0.97,0.94,76496308,175195476120,,,,727250,106,15286,33342540,1764,0,67,869,0,0,7707080,7148104,7100760,2108,216540
2018-05-10_20-07-08.867860221,1525975628.870349618,36.558818,2018-05-10_20-07-39.118191784,1525975659.120960865,1.03,0.98,0.94,76497452,175195477452,,,,730272,106,15291,33351624,1764,0,67,869,0,0,7707080,7147780,7100156,2108,216540
2018-05-10_20-07-39.160220416,1525975659.162715826,36.568626,2018-05-10_20-08-09.411825836,1525975689.414480308,1.08,1.00,0.95,76498596,175195478784,,,,733306,106,15312,33360680,1764,0,68,869,0,0,7707080,7148444,7100908,2108,216544
2018-05-10_20-08-09.457175209,1525975689.459707723,36.548724,2018-05-10_20-08-39.719828967,1525975719.722858238,1.19,1.03,0.96,76499740,175195480116,,,,736332,106,15338,33369742,1764,0,68,869,0,0,7707080,7147608,7100272,2108,216548
2018-05-10_20-08-39.768627530,1525975719.771433081,36.539139,2018-05-10_20-09-10.021583002,1525975750.024597083,1.11,1.03,0.96,76500884,175195481448,,,,739351,106,15345,33378827,1764,0,68,869,0,0,7707080,7148176,7100356,2108,216548
2018-05-10_20-09-10.066107691,1525975750.068622631,36.496526,2018-05-10_20-09-40.317283947,1525975780.320102323,1.13,1.04,0.97,76502028,175195482780,,,,742371,106,15354,33387902,1764,0,68,869,0,0,7707080,7147752,7100420,2108,216552
2018-05-10_20-09-40.360358006,1525975780.362958170,36.562081,2018-05-10_20-10-10.611393009,1525975810.614455859,1.08,1.04,0.97,76503172,175195484112,,,,745396,106,15369,33396972,1764,0,68,869,0,0,7707080,7160648,7113120,2108,216548
2018-05-10_20-10-10.653277557,1525975810.655812367,36.558713,2018-05-10_20-10-40.905223037,1525975840.908055653,0.96,1.02,0.96,76504316,175195485444,,,,748416,106,15375,33406058,1764,0,69,870,0,0,7707080,7160968,7113784,2108,216548
2018-05-10_20-10-40.952471354,1525975840.955062979,36.558822,2018-05-10_20-11-11.221949517,1525975871.225366962,0.98,1.01,0.96,76505460,175195486716,,,,751438,106,15386,33415152,1764,0,69,870,0,0,7707080,7161212,7113880,2108,216548
2018-05-10_20-11-11.293667072,1525975871.296838077,36.548902,2018-05-10_20-11-41.554424109,1525975901.557199721,0.99,1.01,0.96,76506604,175195488048,,,,754459,106,15396,33424240,1764,0,69,870,0,0,7707080,7160944,7113308,2108,216548
2018-05-10_20-11-41.600055333,1525975901.602595636,36.558802,2018-05-10_20-12-11.850696177,1525975931.853215876,0.99,1.01,0.96,76507748,175195489380,,,,757490,106,15417,33433298,1764,0,69,870,0,0,7707080,7160460,7113132,2108,216552
2018-05-10_20-12-11.891646618,1525975931.894118311,36.489975,2018-05-10_20-12-42.142910149,1525975962.145591472,1.00,1.01,0.96,76508892,175195490712,,,,760509,106,15422,33442383,1764,0,69,870,0,0,7707080,7160840,7113708,2108,216552
2018-05-10_20-12-42.184781763,1525975962.187251882,36.558818,2018-05-10_20-13-12.435526835,1525975992.438239830,1.00,1.01,0.96,76510036,175195492044,,,,763530,106,15427,33451467,1764,0,69,871,0,0,7707080,7160940,7113808,2108,216552
2018-05-10_20-13-12.476823746,1525975992.479415894,36.558716,2018-05-10_20-13-42.727415812,1525976022.730288696,1.00,1.01,0.96,76511180,175195493376,,,,766551,106,15433,33460553,1764,0,69,871,0,0,7707080,7160932,7113604,2108,216552
2018-05-10_20-13-42.769670208,1525976022.772230734,36.562101,2018-05-10_20-14-13.021629897,1525976053.024220097,1.00,1.01,0.96,76512324,175195494708,,,,769573,106,15438,33469638,1764,0,70,871,0,0,7707080,7160876,7113548,2108,216552
2018-05-10_20-14-13.063470170,1525976053.065927655,36.561716,2018-05-10_20-14-43.346194694,1525976083.349939730,1.00,1.01,0.96,76513468,175195495980,,,,772594,106,15447,33478732,1764,0,70,872,0,0,7707080,7160556,7113228,2108,216552
2018-05-10_20-14-43.397906588,1525976083.400805772,36.555542,2018-05-10_20-15-13.655998513,1525976113.658620111,1.07,1.03,0.97,76514612,175195497312,,,,775621,106,15469,33487795,1764,0,70,872,0,0,7707080,7147868,7101036,2108,216560
2018-05-10_20-15-13.698441271,1525976113.701126113,36.499794,2018-05-10_20-15-43.949432127,1525976143.952179830,1.04,1.03,0.97,76515756,175195498644,,,,778637,106,15475,33496880,1764,0,70,872,0,0,7707080,7148452,7100872,2108,216560
2018-05-10_20-15-43.991486881,1525976143.994064128,36.562075,2018-05-10_20-16-14.241704172,1525976174.244287833,0.96,1.01,0.96,76516900,175195499976,,,,781667,106,15495,33505939,1764,0,70,873,0,0,7707080,7147704,7100384,2108,216564
2018-05-10_20-16-14.286337184,1525976174.288891489,36.562096,2018-05-10_20-16-44.536691271,1525976204.539251061,0.97,1.01,0.96,76518044,175195501308,,,,784693,106,15505,33515013,1764,0,70,873,0,0,7707080,7147564,7099968,2108,216568
2018-05-10_20-16-44.578300010,1525976204.580824705,36.555544,2018-05-10_20-17-14.847356369,1525976234.850820156,0.98,1.01,0.96,76519188,175195502580,,,,787714,106,15517,33524104,1764,0,71,873,0,0,7707080,7147568,7100256,2108,216572
2018-05-10_20-17-14.916352981,1525976234.919656268,36.548939,2018-05-10_20-17-45.175442283,1525976265.178262642,0.99,1.01,0.96,76520332,175195503912,,,,790740,106,15535,33533173,1764,0,71,873,0,0,7707080,7148160,7100848,2108,216572
2018-05-10_20-17-45.217206560,1525976265.219706889,36.522751,2018-05-10_20-18-15.468373999,1525976295.471059481,0.99,1.01,0.96,76521476,175195505244,,,,793758,106,15542,33542256,1764,0,71,873,0,0,7707080,7160204,7112888,2108,216564
2018-05-10_20-18-15.510100094,1525976295.512681025,36.529323,2018-05-10_20-18-45.761012049,1525976325.763876353,1.00,1.01,0.96,76522620,175195506576,,,,796775,106,15548,33551341,1764,0,71,874,0,0,7707080,7160748,7113432,2108,216564
