StartTime,StartEpoch,BW,EndTime,EndEpoch,CPULoad1m,CPULoad5m,CPULoad5m,NetDevRX,NetDevTX,IRQ0,IRQ1,IRQ2,IRQ3,user,nice,system,idle,iowait,irq,softirq,steal,guest,guest_nice,MemTotal,MemFree,MemAvailable,Buffers,Cached
2018-05-16_10-03-39.305330064,1526457819.308837660,22700991172,2018-05-16_10-04-09.360275341,1526457849.362999645,0.71,0.85,0.84,47101208706,46155906063448,303108368,158190713,161412310,160555495,98028,8,1162492,18521035,1865,0,212351,21606,0,0,7707080,7097100,7011108,2108,158764
2018-05-16_10-04-09.413766211,1526457849.416951501,22590441211,2018-05-16_10-04-39.463840634,1526457879.466628215,0.77,0.85,0.84,47250570312,46241086009264,303398899,158190713,161412317,162057005,98058,8,1164464,18529637,1865,0,212603,21606,0,0,7707080,7109404,7023612,2108,158764
2018-05-16_10-04-39.512845554,1526457879.515695604,22475311038,2018-05-16_10-05-09.563232736,1526457909.566093119,0.66,0.81,0.83,47394886698,46325833904544,303687219,159513859,161412322,162057005,98083,8,1166298,18538318,1865,0,212817,21606,0,0,7707080,7109596,7023600,2108,158756
2018-05-16_10-05-09.611315399,1526457909.613974770,16345263232,2018-05-16_10-05-39.661460547,1526457939.664203189,0.80,0.83,0.83,47500074564,46387479963228,305010771,159513859,161412322,162057005,98115,8,1168333,18547320,1865,0,213761,21606,0,0,7707080,7109832,7023840,2108,158760
2018-05-16_10-05-39.708644218,1526457939.711188168,22878694414,2018-05-16_10-06-09.759738137,1526457969.762426950,0.77,0.82,0.83,47616237330,46473747224324,305302559,159513859,161412322,163623544,98142,8,1170181,18556094,1865,0,214007,21606,0,0,7707080,7109436,7023640,2108,158760
2018-05-16_10-06-09.816303024,1526457969.818891088,22699760498,2018-05-16_10-06-39.876756298,1526457999.880104590,0.80,0.82,0.83,47731770816,46559343293154,305592496,159513859,162953621,163623544,98170,8,1172108,18564822,1865,0,214254,21606,0,0,7707080,7110516,7024228,2108,158760
2018-05-16_10-06-39.933085675,1526457999.935736880,16211041803,2018-05-16_10-07-09.986887861,1526458029.989755962,0.88,0.84,0.83,47837395002,46620482401022,306904777,159513859,162953621,163623544,98200,8,1174048,18573848,1865,0,215277,21607,0,0,7707080,7109872,7023716,2108,158760
2018-05-16_10-07-10.039604194,1526458030.042349681,22542015427,2018-05-16_10-07-40.088353218,1526458060.090981535,0.85,0.83,0.84,47985087528,46705481232230,307194406,160951930,162953621,163623544,98223,8,1175976,18582425,1865,0,215552,21607,0,0,7707080,7109980,7023740,2108,158760
2018-05-16_10-07-40.136128255,1526458060.139046280,22809412458,2018-05-16_10-08-10.187193120,1526458090.189887164,0.72,0.80,0.83,48101347074,46791488871546,307485551,160951930,164538729,163623544,98252,8,1177922,18591165,1865,0,215780,21607,0,0,7707080,7109780,7023988,2108,158760
2018-05-16_10-08-10.237530629,1526458090.240129223,22476331783,2018-05-16_10-08-40.293988055,1526458120.296714160,0.55,0.76,0.81,48246899100,46876241528780,307774261,160951930,164538729,165063364,98283,8,1179775,18599862,1865,0,216037,21607,0,0,7707080,7110020,7024028,2108,158760
2018-05-16_10-08-40.350423658,1526458120.353891408,22795406251,2018-05-16_10-09-10.401541241,1526458150.404697630,0.61,0.75,0.80,48363324306,46962193940912,308064949,162471971,164538729,165063364,98310,8,1181646,18608551,1865,0,216300,21607,0,0,7707080,7109728,7023932,2108,158760
2018-05-16_10-09-10.450102336,1526458150.452956379,16058094035,2018-05-16_10-09-40.508687837,1526458180.511676706,0.76,0.77,0.81,48468757932,47022762559066,309374726,162471971,164538730,165063368,98359,8,1183676,18617512,1865,0,217273,21607,0,0,7707080,7094500,7008364,2108,158772
2018-05-16_10-09-40.564395186,1526458180.567601589,22760341104,2018-05-16_10-10-10.617266214,1526458210.619973424,0.88,0.80,0.82,48583325178,47108584693530,309666529,162471971,164538736,166587777,98387,8,1185531,18626297,1865,0,217528,21609,0,0,7707080,7097112,7011052,2108,158780
2018-05-16_10-10-10.665284694,1526458210.667878456,22404674996,2018-05-16_10-10-40.713124366,1526458240.715918556,0.85,0.80,0.82,48725167704,47193063106984,309954805,162471971,165900215,166587785,98420,8,1187359,18635009,1865,0,217748,21611,0,0,7707080,7096852,7011260,2108,158784
2018-05-16_10-10-40.763989650,1526458240.766600719,16252674416,2018-05-16_10-11-10.818784337,1526458270.821438766,0.91,0.82,0.82,48825195030,47254370474398,311256723,162471977,165900226,166587786,98459,8,1189455,18644024,1865,0,218615,21611,0,0,7707080,7096860,7011076,2108,158788
2018-05-16_10-11-10.865045586,1526458270.867629498,22637080161,2018-05-16_10-11-40.919211181,1526458300.922080027,0.89,0.82,0.82,48929184336,47339727643122,311547082,163654272,165900231,166587788,98483,8,1191241,18652984,1865,0,218775,21612,0,0,7707080,7097112,7011132,2108,158788
2018-05-16_10-11-40.975953356,1526458300.978785401,22684481407,2018-05-16_10-12-11.032433051,1526458331.035667810,0.89,0.82,0.82,49031323122,47425260971004,311836480,163654274,167093546,166587789,98516,8,1193018,18662017,1865,0,218958,21612,0,0,7707080,7096840,7010860,2108,158792
2018-05-16_10-12-11.080427641,1526458331.083002701,22524052874,2018-05-16_10-12-41.134725748,1526458361.137894139,0.73,0.79,0.81,49117610148,47510189913824,312123739,163654276,167093553,167838770,98547,8,1194781,18671047,1865,0,219140,21612,0,0,7707080,7109384,7023600,2108,158784
2018-05-16_10-12-41.187898702,1526458361.190728003,22639918044,2018-05-16_10-13-11.239768766,1526458391.242769426,0.71,0.78,0.81,49202284494,47595557314534,312412349,164870169,167093556,167838770,98575,8,1196478,18680108,1865,0,219312,21612,0,0,7707080,7109916,7023936,2108,158784
2018-05-16_10-13-11.293667204,1526458391.296417181,15805787336,2018-05-16_10-13-41.349570389,1526458421.352375161,0.88,0.82,0.82,49293730860,47655180251036,313830461,164870169,167093556,167838770,98606,8,1198458,18689136,1865,0,220291,21612,0,0,7707080,7109540,7023560,2108,158784
2018-05-16_10-13-41.400650573,1526458421.403559588,22603849773,2018-05-16_10-14-11.454589851,1526458451.457337619,0.87,0.82,0.82,49396866786,47740410370346,314119908,164870169,167093556,169041648,98654,8,1200224,18698151,1865,0,220463,21612,0,0,7707080,7108876,7022896,2108,158788
2018-05-16_10-14-11.503604661,1526458451.506197251,22510549862,2018-05-16_10-14-41.557030094,1526458481.559781163,0.87,0.82,0.82,49500096072,47825289557512,314408867,164870169,168287473,169041648,98679,8,1202020,18707141,1865,0,220647,21612,0,0,7707080,7109668,7023420,2108,158788
2018-05-16_10-14-41.616920738,1526458481.619571422,22617196610,2018-05-16_10-15-11.675550621,1526458511.678557300,0.72,0.79,0.81,49604111838,47910571295348,314697387,164870169,168287473,170255731,98706,8,1203803,18716173,1865,0,220813,21613,0,0,7707080,7109864,7024088,2108,158788
2018-05-16_10-15-11.734554066,1526458511.737572889,22535406819,2018-05-16_10-15-41.786762400,1526458541.789536193,0.69,0.78,0.81,49691278704,47995543985624,314984704,164870169,169553736,170255731,98733,8,1205533,18725215,1865,0,221035,21613,0,0,7707080,7109532,7023552,2108,158788
2018-05-16_10-15-41.840535107,1526458541.843273355,22605219477,2018-05-16_10-16-11.892191835,1526458571.895628236,0.75,0.78,0.81,49792377030,48080781915132,315275263,166060395,169553736,170255731,98754,8,1207230,18734216,1865,0,221223,21613,0,0,7707080,7110156,7023912,2108,158788
2018-05-16_10-16-11.942758357,1526458571.945408886,15703696357,2018-05-16_10-16-41.993273512,1526458601.996011172,0.85,0.80,0.81,49890169656,48140008839996,316704418,166060395,169553736,170255731,98781,8,1209205,18743242,1865,0,222216,21613,0,0,7707080,7110380,7024448,2108,158788
2018-05-16_10-16-42.043934594,1526458602.046552022,22548123228,2018-05-16_10-17-12.095553487,1526458632.098686323,0.85,0.81,0.81,49977099702,48225030023806,316991781,166060395,170825032,170255731,98812,8,1210905,18752313,1865,0,222424,21613,0,0,7707080,7109452,7023668,2108,158788
2018-05-16_10-17-12.162722371,1526458632.165467449,22490396656,2018-05-16_10-17-42.218513666,1526458662.221198267,0.93,0.83,0.82,50080593168,48309832690994,317282362,166060395,170825034,171456901,98854,8,1212689,18761287,1865,0,222618,21613,0,0,7707080,7096380,7010560,2108,158796
2018-05-16_10-17-42.276973280,1526458662.279654861,15764825137,2018-05-16_10-18-12.340737254,1526458692.343893552,0.96,0.84,0.82,50175625374,48369299072234,318684622,166060395,170825041,171456901,98876,8,1214682,18770314,1865,0,223595,21613,0,0,7707080,7096564,7010596,2108,158796
2018-05-16_10-18-12.395302324,1526458692.399099809,22504082883,2018-05-16_10-18-42.448714470,1526458722.451649531,0.86,0.83,0.82,50261000220,48454154969908,318974373,167273424,170825055,171456904,98915,8,1216442,18779286,1865,0,223784,21614,0,0,7707080,7096412,7010596,2108,158804
2018-05-16_10-18-42.499024559,1526458722.501674412,22781956175,2018-05-16_10-19-12.548849193,1526458752.551746867,0.80,0.81,0.81,50376180126,48540058969668,319267258,167273432,170825061,172987257,98951,8,1218305,18788050,1865,0,224018,21614,0,0,7707080,7096812,7010848,2108,158808
2018-05-16_10-19-12.599319543,1526458752.602016393,22709535376,2018-05-16_10-19-42.648350943,1526458782.651131643,0.81,0.81,0.81,50491141752,48625686857322,319559273,167273437,172358992,172987257,98976,8,1220209,18796799,1865,0,224275,21614,0,0,7707080,7097096,7011056,2108,158808
2018-05-16_10-19-42.698906416,1526458782.701574196,22746807380,2018-05-16_10-20-12.746320626,1526458812.749049416,0.89,0.83,0.82,50607417438,48711455209526,319850444,168792087,172359004,172987260,99023,8,1222170,18805426,1865,0,224528,21614,0,0,7707080,7096792,7010840,2108,158812
2018-05-16_10-20-12.803554782,1526458812.806161483,16134690481,2018-05-16_10-20-42.862219978,1526458842.866458192,1.07,0.88,0.84,50711486124,48772307384118,321154970,168792087,172359014,172987262,99051,8,1224146,18814447,1865,0,225515,21616,0,0,7707080,7109780,7023828,2108,158808
2018-05-16_10-20-42.920383796,1526458842.923201043,22561447719,2018-05-16_10-21-12.972164102,1526458872.975288899,0.92,0.86,0.83,50858750850,48857380930914,321443947,168792087,173836051,172987262,99078,8,1226036,18823125,1865,0,225737,21617,0,0,7707080,7109696,7023744,2108,158808
2018-05-16_10-21-13.027637442,1526458873.030578923,22694744427,2018-05-16_10-21-43.079268561,1526458903.082462503,0.77,0.83,0.82,50975048016,48942956221248,321735494,168792087,173836051,174571569,99105,8,1227943,18831870,1865,0,225976,21617,0,0,7707080,7109760,7024004,2108,158808
2018-05-16_10-21-43.131201772,1526458903.134065209,16384598425,2018-05-16_10-22-13.188184708,1526458933.190950945,0.86,0.84,0.83,51082657062,49004762763574,323090481,168792087,173836051,174571569,99128,8,1229923,18840896,1865,0,226965,21618,0,0,7707080,7109852,7023612,2108,158808
2018-05-16_10-22-13.237745073,1526458933.240307023,22478069835,2018-05-16_10-22-43.294068277,1526458963.296812373,0.86,0.84,0.83,51225304248,49089521864396,323378919,170159008,173836051,174571569,99153,8,1231762,18849569,1865,0,227197,21619,0,0,7707080,7110004,7024264,2108,158808
2018-05-16_10-22-43.359124668,1526458963.362117977,22724511719,2018-05-16_10-23-13.415185577,1526458993.417906570,0.77,0.83,0.82,51340505634,49175208121020,323670312,170159008,173836051,176115273,99196,8,1233627,18858370,1865,0,227438,21620,0,0,7707080,7109596,7023812,2108,158804
2018-05-16_10-23-13.492962376,1526458993.495905899,22525353852,2018-05-16_10-23-43.546680294,1526459023.549635019,0.76,0.81,0.82,51489124860,49260145394924,323958769,170159008,175328237,176115273,99221,8,1235519,18867030,1865,0,227673,21620,0,0,7707080,7109840,7023956,2108,158804
2018-05-16_10-23-43.602420215,1526459023.605132814,22540428289,2018-05-16_10-24-13.651736089,1526459053.654424697,0.65,0.78,0.81,51633744846,49345137763104,324248033,171520792,175328237,176115273,99248,8,1237369,18875675,1865,0,227903,21621,0,0,7707080,7109452,7023428,2108,158804
2018-05-16_10-24-13.702592872,1526459053.705144338,16441593711,2018-05-16_10-24-43.761162086,1526459083.763855934,1.00,0.85,0.83,51738453612,49407163432658,325565496,171520792,175328237,176115273,99281,8,1239364,18884703,1865,0,228867,21621,0,0,7707080,7109676,7023548,2108,158804
2018-05-16_10-24-43.811730626,1526459083.814302704,22802699687,2018-05-16_10-25-13.861305209,1526459113.864732062,1.06,0.88,0.84,51854105418,49493144709236,325856372,171520792,176870952,176115273,99305,8,1241222,18893521,1865,0,229094,21623,0,0,7707080,7109716,7023736,2108,158804
2018-05-16_10-25-13.913103787,1526459113.915761717,22588334275,2018-05-16_10-25-43.963491521,1526459143.966469678,1.11,0.91,0.85,51968672604,49578317751004,326148593,171520798,176870952,177630728,99349,8,1243131,18902257,1865,0,229330,21624,0,0,7707080,7096376,7010400,2108,158816
2018-05-16_10-25-44.020086237,1526459144.022669403,16064560716,2018-05-16_10-26-14.078947740,1526459174.081968804,1.06,0.92,0.86,52072591590,49638905095980,327454918,171520800,176870956,177630730,99377,8,1245087,18911282,1865,0,230338,21625,0,0,7707080,7097244,7011468,2108,158820
2018-05-16_10-26-14.138383242,1526459174.141104760,22384257157,2018-05-16_10-26-44.190914416,1526459204.193569172,0.98,0.91,0.86,52216391796,49723310585154,327744303,172860602,176870972,177630731,99418,8,1247034,18919833,1865,0,230567,21625,0,0,7707080,7096216,7010244,2108,158824
2018-05-16_10-26-44.242510733,1526459204.245124845,22549690787,2018-05-16_10-27-14.290771634,1526459234.293538210,0.84,0.89,0.86,52302389802,49808339074746,328033034,172860605,176870979,178873613,99451,8,1248773,18928879,1865,0,230740,21625,0,0,7707080,7096740,7010760,2108,158824
2018-05-16_10-27-14.341067754,1526459234.343696868,22438300832,2018-05-16_10-27-44.390337704,1526459264.393072372,0.65,0.83,0.84,52389827028,49892947048232,328321305,172860608,178135595,178873615,99479,8,1250438,18937930,1865,0,230940,21626,0,0,7707080,7096916,7010876,2108,158824
2018-05-16_10-27-44.439997230,1526459264.442714166,22546552646,2018-05-16_10-28-14.494100014,1526459294.496986797,0.80,0.85,0.85,52476666294,49977961788940,328608868,174101745,178135603,178873618,99509,8,1252117,18946928,1865,0,231130,21627,0,0,7707080,7096396,7010428,2108,158828
2018-05-16_10-28-14.556571503,1526459294.559182408,15671501920,2018-05-16_10-28-44.605975309,1526459324.608610126,0.93,0.88,0.86,52572418020,50037067262672,330023742,174101745,178135611,178873620,99536,8,1254114,18955954,1865,0,232103,21629,0,0,7707080,7109460,7023388,2108,158820
2018-05-16_10-28-44.686773930,1526459324.690172673,22443976350,2018-05-16_10-29-14.742378934,1526459354.745448171,0.71,0.83,0.84,52659894486,50121695586446,330309860,174101745,179402093,178873620,99559,8,1255877,18964976,1865,0,232305,21629,0,0,7707080,7109132,7023356,2108,158820
2018-05-16_10-29-14.798278678,1526459354.801049034,22586074172,2018-05-16_10-29-44.850336477,1526459384.853672706,0.75,0.83,0.84,52745396412,50206858879490,330598657,174101745,179402093,180108748,99582,8,1257587,18974048,1865,0,232492,21629,0,0,7707080,7109800,7023712,2108,158820
2018-05-16_10-29-44.902910672,1526459384.905661651,15929445433,2018-05-16_10-30-14.961287410,1526459414.964076228,0.85,0.84,0.85,52844625138,50266952834262,332022561,174101745,179402093,180108748,99616,8,1259571,18983059,1865,0,233485,21630,0,0,7707080,7109672,7023688,2108,158824
2018-05-16_10-30-15.011277254,1526459415.013960383,22454175291,2018-05-16_10-30-45.063520231,1526459445.066185309,0.76,0.83,0.84,52947144024,50351621548596,332310961,175306069,179402093,180108748,99643,8,1261339,18991996,1865,0,233713,21630,0,0,7707080,7110036,7023772,2108,158824
2018-05-16_10-30-45.112729038,1526459445.115396579,22624416163,2018-05-16_10-31-15.168592555,1526459475.171516028,0.58,0.78,0.83,53033506830,50436933067680,332599263,175306069,179402093,181373752,99667,8,1263119,19001095,1865,0,233909,21630,0,0,7707080,7109352,7023432,2108,158824
2018-05-16_10-31-15.231800109,1526459475.234517792,22438401544,2018-05-16_10-31-45.294302867,1526459505.298032212,0.73,0.80,0.83,53118220476,50521541681946,332886807,175306069,180630662,181373752,99711,8,1264880,19010128,1865,0,234110,21630,0,0,7707080,7109784,7024020,2108,158828
2018-05-16_10-31-45.356557197,1526459505.359280313,22687199628,2018-05-16_10-32-15.409862996,1526459535.412860840,0.75,0.80,0.83,53220182682,50607089125144,333176583,176483373,180630662,181373752,99738,8,1266641,19019114,1865,0,234290,21630,0,0,7707080,7109716,7023476,2108,158828
2018-05-16_10-32-15.464236954,1526459535.466888994,15793790499,2018-05-16_10-32-45.515129043,1526459565.518033022,0.90,0.84,0.84,53315959188,50666659280130,334582116,176483373,180630662,181373752,99765,8,1268606,19028140,1865,0,235291,21630,0,0,7707080,7109800,7023840,2108,158828
2018-05-16_10-32-45.564596968,1526459565.567152791,22614263429,2018-05-16_10-33-15.613579617,1526459595.616316211,0.94,0.85,0.85,53421487554,50751929823980,334870885,176483373,181847377,181373752,99791,8,1270424,19037138,1865,0,235482,21630,0,0,7707080,7109856,7024096,2108,158832
2018-05-16_10-33-15.665371561,1526459595.667974991,22499479324,2018-05-16_10-33-45.716257569,1526459625.719568540,0.76,0.82,0.84,53523089880,50836766308202,335163082,176483380,181847377,182549992,99827,8,1272223,19046125,1865,0,235685,21631,0,0,7707080,7096736,7010788,2108,158840
2018-05-16_10-33-45.782089963,1526459625.784677661,15678069820,2018-05-16_10-34-15.839631504,1526459655.842468475,0.85,0.83,0.85,53619739266,50895899571938,336604628,176483381,181847380,182549994,99852,8,1274202,19055152,1865,0,236675,21631,0,0,7707080,7096508,7010560,2108,158840
2018-05-16_10-34-15.897882348,1526459655.900482587,22646004210,2018-05-16_10-34-45.953937120,1526459685.957474179,0.71,0.80,0.84,53723817672,50981290864350,336894669,177666499,181847388,182549995,99883,8,1276000,19064091,1865,0,236853,21633,0,0,7707080,7096524,7010728,2108,158840
2018-05-16_10-34-46.011301057,1526459686.014281506,22719008200,2018-05-16_10-35-16.062802669,1526459716.065590825,0.58,0.76,0.82,53839941858,51066956218912,337187015,177666506,181847398,184086492,99914,8,1277892,19072839,1865,0,237089,21634,0,0,7707080,7096740,7010796,2108,158844
2018-05-16_10-35-16.112957300,1526459716.115590892,22553304703,2018-05-16_10-35-46.164010697,1526459746.166805018,0.56,0.73,0.81,53988498264,51151996617790,337477870,177666507,183326451,184086496,99950,8,1279821,19081443,1865,0,237361,21634,0,0,7707080,7096356,7010624,2108,158848
2018-05-16_10-35-46.211395553,1526459746.214040058,22748074362,2018-05-16_10-36-16.267747351,1526459776.270435299,0.73,0.76,0.82,54103801110,51237775872892,337768301,179154085,183326464,184086500,99984,8,1281754,19090151,1865,0,237594,21635,0,0,7707080,7096556,7010840,2108,158848
2018-05-16_10-36-16.316618198,1526459776.319183551,16299393459,2018-05-16_10-36-46.377515151,1526459806.380215177,0.84,0.78,0.82,54208611696,51299255777334,339066517,179154085,183326471,184086502,100007,8,1283737,19099172,1865,0,238585,21635,0,0,7707080,7108960,7023232,2108,158844
2018-05-16_10-36-46.424210215,1526459806.428100123,22722690626,2018-05-16_10-37-16.484769229,1526459836.490688636,0.68,0.75,0.81,54321974982,51384938023498,339356448,179154085,184839940,184086502,100036,8,1285597,19107999,1865,0,238814,21635,0,0,7707080,7109088,7023356,2108,158844
2018-05-16_10-37-16.544172236,1526459836.547470681,22534473895,2018-05-16_10-37-46.596423666,1526459866.600188495,0.69,0.75,0.81,54466023288,51469906535130,339644830,179154085,184839940,185430228,100059,8,1287379,19116787,1865,0,239026,21636,0,0,7707080,7109420,7023284,2108,158844
2018-05-16_10-37-46.650767324,1526459866.653459477,16205161432,2018-05-16_10-38-16.702531998,1526459896.705683737,0.81,0.77,0.81,54566148354,51531028777178,341014371,179154085,184839940,185430228,100084,8,1289292,19125813,1865,0,240080,21637,0,0,7707080,7109224,7023296,2108,158844
2018-05-16_10-38-16.753089369,1526459896.755743401,22742205889,2018-05-16_10-38-46.802143612,1526459926.804982509,0.88,0.79,0.82,54680637480,51616779865260,341306286,180620257,184839940,185430228,100111,8,1291136,19134563,1865,0,240343,21637,0,0,7707080,7109656,7023728,2108,158844
2018-05-16_10-38-46.851185283,1526459926.853891775,16620075302,2018-05-16_10-39-16.901636758,1526459956.904419061,0.66,0.75,0.80,54704504766,51679450538952,341426377,180620257,184839940,185971114,100130,8,1292116,19144966,1865,0,240384,21637,0,0,7707080,7109932,7024200,2108,158844
2018-05-16_10-39-16.951838161,1526459956.954509935,16633486592,2018-05-16_10-39-47.000313646,1526459987.003007729,0.59,0.72,0.79,54727981572,51742173135772,341548111,180620257,185365252,185971114,100163,8,1293121,19155297,1865,0,240441,21638,0,0,7707080,7107916,7021988,2108,158844
2018-05-16_10-39-47.053321597,1526459987.055894014,16622655104,2018-05-16_10-40-17.106022564,1526460017.109436162,0.63,0.72,0.79,54751348938,51804853395230,341668871,181138183,185365252,185971114,100184,8,1294113,19165649,1865,0,240483,21638,0,0,7707080,7109548,7023632,2108,158852
2018-05-16_10-40-17.156853225,1526460017.159439552,16605380829,2018-05-16_10-40-47.211860881,1526460047.215291093,0.56,0.70,0.78,54775325544,51867469065178,342271495,181138183,185365252,185971114,100205,8,1295168,19175981,1865,0,240696,21639,0,0,7707080,7109184,7023272,2108,158856
2018-05-16_10-40-47.263869252,1526460047.266604337,16661496425,2018-05-16_10-41-17.315407918,1526460077.318133652,0.54,0.68,0.77,54798747030,51930297064836,342393932,181138183,185890679,185971114,100220,8,1296169,19186337,1865,0,240747,21639,0,0,7707080,7109420,7023704,2108,158856
2018-05-16_10-41-17.365223388,1526460077.368138691,16616453352,2018-05-16_10-41-47.414795156,1526460107.417543146,0.45,0.65,0.76,54822298056,51992953389864,342517118,181138190,185890679,186497460,100251,8,1297201,19196634,1865,0,240801,21639,0,0,7707080,7096676,7010772,2108,158864
2018-05-16_10-41-47.464257904,1526460107.467177210,16666575475,2018-05-16_10-42-17.513849393,1526460137.516717284,0.39,0.61,0.74,54845782482,52055800483252,343116427,181138191,185890683,186497462,100269,8,1298202,19207025,1865,0,240998,21640,0,0,7707080,7096088,7010392,2108,158864
2018-05-16_10-42-17.562608097,1526460137.565195874,16583084708,2018-05-16_10-42-47.617984193,1526460167.620779350,0.50,0.62,0.74,54869531688,52118333519562,343235993,181660385,185890688,186497466,100293,8,1299221,19217332,1865,0,241053,21640,0,0,7707080,7096500,7010608,2108,158868
2018-05-16_10-42-47.672038233,1526460167.674689138,22543452853,2018-05-16_10-43-17.727716498,1526460197.730715343,0.44,0.59,0.73,54956144574,52203336677280,343523868,181660392,185890697,187749781,100324,8,1300976,19226393,1865,0,241253,21640,0,0,7707080,7096520,7010364,2108,158868
2018-05-16_10-43-17.781891005,1526460197.784602382,22633985772,2018-05-16_10-43-47.833349930,1526460227.836451448,0.53,0.60,0.73,55062060540,52288684337594,343813287,181660393,187098697,187749781,100355,8,1302807,19235370,1865,0,241425,21641,0,0,7707080,7096652,7010872,2108,158872
2018-05-16_10-43-47.884681276,1526460227.888636623,22586829448,2018-05-16_10-44-17.936880199,1526460257.939765570,0.56,0.61,0.72,55165039986,52373850818864,344103311,182830914,187098702,187749784,100385,8,1304620,19244328,1865,0,241621,21641,0,0,7707080,7096568,7010828,2108,158872
2018-05-16_10-44-17.989971640,1526460257.992768935,16034095924,2018-05-16_10-44-48.047153155,1526460288.049961239,0.74,0.64,0.73,55259521332,52434332055236,345515233,182830914,187098711,187749785,100425,8,1306603,19253328,1865,0,242615,21641,0,0,7707080,7109132,7023072,2108,158868
2018-05-16_10-44-48.096827325,1526460288.099372687,22450487457,2018-05-16_10-45-18.155816375,1526460318.158607289,0.72,0.65,0.73,55346969898,52518985550058,345801434,182830914,188368590,187749785,100452,8,1308379,19262378,1865,0,242822,21641,0,0,7707080,7109100,7023352,2108,158868
2018-05-16_10-45-18.214738347,1526460318.217560514,22559625683,2018-05-16_10-45-48.271164586,1526460348.273917501,0.75,0.66,0.73,55432549164,52604049752672,346090292,182830914,188368590,188995562,100477,8,1310128,19271480,1865,0,243010,21642,0,0,7707080,7109108,7023408,2108,158868
2018-05-16_10-45-48.343100611,1526460348.345950353,15831535018,2018-05-16_10-46-18.403013464,1526460378.406448350,0.91,0.71,0.75,55530174030,52663768305472,347524476,182830914,188368590,188995562,100501,8,1312097,19280510,1865,0,244012,21642,0,0,7707080,7109624,7023924,2108,158868
2018-05-16_10-46-18.460144886,1526460378.462970944,22649528023,2018-05-16_10-46-48.512041771,1526460408.515058864,0.77,0.69,0.74,55639656996,52749175050380,347815388,184169196,188368590,188995562,100532,8,1313962,19289354,1865,0,244232,21642,0,0,7707080,7109580,7023388,2108,158868
2018-05-16_10-46-48.564419696,1526460408.567040935,22725281639,2018-05-16_10-47-18.613668623,1526460438.616820192,0.78,0.70,0.75,55744055982,52834862565614,348105086,185372749,188368590,188995562,100555,8,1315848,19298381,1865,0,244427,21642,0,0,7707080,7109476,7023972,2108,158868
2018-05-16_10-47-18.667608303,1526460438.670271891,15827734123,2018-05-16_10-47-48.718110336,1526460468.720747055,0.98,0.76,0.76,55841727648,52894556179080,349535364,185372749,188368590,188995562,100580,8,1317839,19307409,1865,0,245403,21643,0,0,7707080,7109216,7023324,2108,158872
2018-05-16_10-47-48.771910932,1526460468.774751347,22606590964,2018-05-16_10-48-18.831519427,1526460498.835140697,0.65,0.71,0.75,55946295114,52979799612694,349825162,185372749,188368590,190199011,100604,8,1319603,19316440,1865,0,245584,21643,0,0,7707080,7109500,7023804,2108,158872
2018-05-16_10-48-18.886458929,1526460498.889137807,22437025485,2018-05-16_10-48-48.944713803,1526460528.947630256,0.73,0.72,0.75,56051467680,53064401851628,350115700,185372749,189567261,190199011,100649,8,1321398,19325386,1865,0,245783,21644,0,0,7707080,7108924,7023228,2108,158872
2018-05-16_10-48-49.003076733,1526460529.005809945,15785119607,2018-05-16_10-49-19.055296231,1526460559.058385505,0.83,0.74,0.76,56145840606,53123935808400,351530004,185372749,189567261,190199011,100675,8,1323373,19334412,1865,0,246776,21644,0,0,7707080,7109448,7023540,2108,158872
2018-05-16_10-49-19.109029768,1526460559.112290433,22481173160,2018-05-16_10-49-49.160359957,1526460589.163090113,0.83,0.75,0.76,56252551152,53208707025234,351821162,186573194,189567269,190199011,100712,8,1325187,19343298,1865,0,246996,21644,0,0,7707080,7096912,7010760,2108,158884
2018-05-16_10-49-49.212660341,1526460589.215769209,22577451256,2018-05-16_10-50-19.265225052,1526460619.267906281,0.71,0.73,0.75,56340103038,53293838789246,352109042,186573196,190831713,190199011,100744,8,1326933,19352345,1865,0,247187,21644,0,0,7707080,7096428,7010964,2108,158888
2018-05-16_10-50-19.317735702,1526460619.320457183,22436599119,2018-05-16_10-50-49.369351238,1526460649.372029101,0.82,0.75,0.76,56426011464,53378437534340,352397010,186573197,190831720,191432611,100779,8,1328714,19361334,1865,0,247390,21644,0,0,7707080,7096384,7010496,2108,158888
2018-05-16_10-50-49.427582980,1526460649.430190771,16617828732,2018-05-16_10-51-19.482574014,1526460679.485755175,0.67,0.73,0.76,56449486530,53441100412968,352520333,187085202,190831732,191432616,100805,8,1329866,19371599,1865,0,247456,21644,0,0,7707080,7096852,7010944,2108,158892
2018-05-16_10-51-19.538820498,1526460679.542057253,16661601574,2018-05-16_10-51-49.589795750,1526460709.592812339,0.78,0.76,0.77,56473204476,53503927596184,353116916,187085202,190831740,191432616,100823,8,1331005,19381954,1865,0,247681,21645,0,0,7707080,7096192,7010480,2108,158892
2018-05-16_10-51-49.642973000,1526460709.645628622,16642728665,2018-05-16_10-52-19.695791112,1526460739.698621754,0.54,0.70,0.75,56496856302,53566683879736,353236082,187085210,190831748,191963598,100849,8,1332170,19392284,1865,0,247743,21645,0,0,7707080,7096496,7010788,2108,158892
2018-05-16_10-52-19.749082857,1526460739.751732301,16649405561,2018-05-16_10-52-49.797249529,1526460769.799874596,0.38,0.65,0.73,56520260628,53629465457524,353356148,187085210,191356785,191963598,100867,8,1333212,19402643,1865,0,247791,21645,0,0,7707080,7109136,7023376,2108,158888
2018-05-16_10-52-49.848967354,1526460769.851789156,16657436943,2018-05-16_10-53-19.896392644,1526460799.899006696,0.42,0.64,0.72,56543901114,53692276160174,353952912,187085210,191356789,191963598,100905,8,1334359,19412965,1865,0,248012,21645,0,0,7707080,7108876,7022968,2108,158888
2018-05-16_10-53-19.949973607,1526460799.952585527,16554817122,2018-05-16_10-53-50.009201804,1526460830.012061373,0.33,0.59,0.70,56568209700,53754701280882,354077461,187615174,191356789,191963598,100924,8,1335452,19423270,1865,0,248062,21645,0,0,7707080,7110020,7024112,2108,158888
2018-05-16_10-53-50.064945589,1526460830.067683192,16662797675,2018-05-16_10-54-20.117290352,1526460860.120593619,0.34,0.57,0.69,56591752986,53817533266592,354195980,187615174,191885771,191963598,100943,8,1336512,19433629,1865,0,248111,21646,0,0,7707080,7110408,7024648,2108,158888
2018-05-16_10-54-20.168935336,1526460860.171618999,16563797993,2018-05-16_10-54-50.219875485,1526460890.222754176,0.29,0.53,0.68,56616102852,53879991275732,354323369,187615174,191885771,192507556,100964,8,1337621,19443939,1865,0,248161,21646,0,0,7707080,7109436,7023676,2108,158888
2018-05-16_10-54-50.273717157,1526460890.276479140,22558619632,2018-05-16_10-55-20.324372555,1526460920.327235039,0.49,0.56,0.68,56760651078,53965051362572,354611686,188987265,191885771,192507556,100992,8,1339556,19452582,1865,0,248356,21646,0,0,7707080,7109760,7023792,2108,158892
2018-05-16_10-55-20.378919252,1526460920.381634598,16441660394,2018-05-16_10-55-50.439339226,1526460950.442163757,0.76,0.62,0.70,56865832404,54027061874064,355946585,188987265,191885771,192507556,101017,8,1341507,19461614,1865,0,249375,21647,0,0,7707080,7109648,7023740,2108,158892
2018-05-16_10-55-50.506171939,1526460950.508862819,22626833672,2018-05-16_10-56-20.561856250,1526460980.564599330,0.79,0.64,0.70,57015001470,54112380518394,356235274,188987265,191885771,194010688,101044,8,1343487,19470297,1865,0,249564,21647,0,0,7707080,7109340,7023432,2108,158892
2018-05-16_10-56-20.633125162,1526460980.635932644,22702376891,2018-05-16_10-56-50.690184836,1526461010.693863284,0.72,0.64,0.70,57130027176,54197986865380,356525253,188987265,193420371,194010688,101070,8,1345465,19479061,1865,0,249752,21647,0,0,7707080,7109756,7023848,2108,158892
2018-05-16_10-56-50.745380318,1526461010.748038737,16334769226,2018-05-16_10-57-20.796853678,1526461040.799566780,0.83,0.67,0.71,57235186782,54259594012584,357842519,188987265,193420371,194010688,101115,8,1347490,19488055,1865,0,250706,21648,0,0,7707080,7109372,7023428,2108,158900
2018-05-16_10-57-20.846937428,1526461040.849618895,22350673647,2018-05-16_10-57-50.896891240,1526461070.899706084,0.70,0.66,0.70,57380758188,54343873725048,358131707,190375346,193420373,194010696,101150,8,1349435,19496637,1865,0,250932,21648,0,0,7707080,7096528,7010628,2108,158908
2018-05-16_10-57-50.950202957,1526461070.952855189,22814948396,2018-05-16_10-58-20.999010466,1526461101.001720080,0.64,0.64,0.69,57495158034,54429898884906,358422683,190375346,194949648,194010696,101181,8,1351384,19505427,1865,0,251138,21648,0,0,7707080,7096808,7010844,2108,158908
2018-05-16_10-58-21.051082546,1526461101.053764266,22665931345,2018-05-16_10-58-51.102545894,1526461131.105139180,0.84,0.69,0.71,57610022940,54515367152828,358713408,190375346,194949655,195558739,101214,8,1353322,19514171,1865,0,251374,21649,0,0,7707080,7096976,7011372,2108,158912
2018-05-16_10-58-51.160316594,1526461131.162912475,22501365696,2018-05-16_10-59-21.216754528,1526461161.219638394,0.83,0.70,0.71,57695006466,54600214054770,359001881,191590244,194949672,195558739,101252,8,1355079,19523166,1865,0,251569,21649,0,0,7707080,7095896,7009996,2108,158912
2018-05-16_10-59-21.274859297,1526461161.277462993,15697527715,2018-05-16_10-59-51.328744618,1526461191.331877463,0.97,0.75,0.72,57791598972,54659422229224,360418992,191590247,194949680,195558739,101279,8,1357057,19532193,1865,0,252557,21649,0,0,7707080,7096380,7010480,2108,158912
2018-05-16_10-59-51.381015202,1526461191.383834572,22601447519,2018-05-16_11-00-21.431270355,1526461221.433977685,0.84,0.74,0.72,57893887218,54744645134282,360709299,191590254,194949688,196761606,101326,8,1358831,19541165,1865,0,252752,21649,0,0,7707080,7096692,7010520,2108,158920
2018-05-16_11-00-21.479841052,1526461221.482751041,22642971689,2018-05-16_11-00-51.530825759,1526461251.533601069,0.79,0.73,0.72,57995186664,54830021970974,361000372,191590254,196141460,196761606,101355,8,1360528,19550208,1865,0,252941,21649,0,0,7707080,7109088,7023104,2108,158912
2018-05-16_11-00-51.579424264,1526461251.582048522,15537974416,2018-05-16_11-01-21.638407666,1526461281.642618444,1.09,0.81,0.74,58091118450,54888622529926,362406926,191590254,196141462,196761606,101393,8,1362495,19559191,1865,0,253967,21650,0,0,7707080,7109036,7023140,2108,158920
2018-05-16_11-01-21.690760598,1526461281.693415015,22545624459,2018-05-16_11-01-51.750807945,1526461311.754672787,0.72,0.75,0.73,58194386556,54973635716400,362695415,192785136,196141462,196761606,101425,8,1364247,19568143,1865,0,254188,21650,0,0,7707080,7109456,7023708,2108,158920
2018-05-16_11-01-51.812160716,1526461311.814879814,22673042728,2018-05-16_11-02-21.866952030,1526461341.870894643,0.63,0.72,0.72,58295867802,55059127938462,362984916,192785136,197339844,196761606,101450,8,1365970,19577189,1865,0,254379,21651,0,0,7707080,7109424,7023452,2108,158924
2018-05-16_11-02-21.922031793,1526461341.924875689,22564430557,2018-05-16_11-02-51.972699123,1526461371.976315847,0.65,0.72,0.72,58381871748,55144210480450,363274388,192785136,197339844,198015317,101477,8,1367763,19586296,1865,0,254578,21651,0,0,7707080,7109052,7022852,2108,158924
2018-05-16_11-02-52.025002629,1526461372.027727705,22679503241,2018-05-16_11-03-22.074898252,1526461402.077752545,0.67,0.71,0.71,58484790054,55229725225444,363563863,193958378,197339844,198015317,101504,8,1369548,19595249,1865,0,254806,21651,0,0,7707080,7108648,7023292,2108,158924
2018-05-16_11-03-22.125796920,1526461402.128364906,15674470811,2018-05-16_11-03-52.182024682,1526461432.184750958,0.80,0.74,0.72,58578459180,55288846722522,364972511,193958378,197339844,198015317,101527,8,1371512,19604277,1865,0,255814,21651,0,0,7707080,7109024,7023128,2108,158924
2018-05-16_11-03-52.245971632,1526461432.248783542,22482648317,2018-05-16_11-04-22.296201091,1526461462.298891762,0.83,0.75,0.73,58666510806,55373620145292,365259014,193958378,197339844,199292732,101553,8,1373245,19613331,1865,0,256033,21651,0,0,7707080,7109000,7023104,2108,158924
2018-05-16_11-04-22.379993853,1526461462.382852471,22631693144,2018-05-16_11-04-52.435959062,1526461492.439212295,0.75,0.74,0.72,58770429132,55458956978700,365547800,193958378,198539957,199292732,101580,8,1375000,19622338,1865,0,256233,21651,0,0,7707080,7109248,7023352,2108,158924
2018-05-16_11-04-52.494208506,1526461492.497039277,15681444227,2018-05-16_11-05-22.549194421,1526461522.552246937,0.85,0.77,0.73,58868810118,55518102264474,366969012,193958378,198539957,199292732,101603,8,1377007,19631365,1865,0,257196,21652,0,0,7707080,7109100,7023204,2108,158924
2018-05-16_11-05-22.600842058,1526461522.603832939,22327953057,2018-05-16_11-05-52.651672291,1526461552.654338900,0.71,0.74,0.73,58955339304,55602292696158,367258711,195185020,198539957,199292737,101653,8,1378775,19640285,1865,0,257402,21653,0,0,7707080,7095512,7009472,2108,158932
2018-05-16_11-05-52.701459159,1526461552.704082782,22552502296,2018-05-16_11-06-22.752660778,1526461582.755389228,0.50,0.69,0.71,59042974770,55687330752332,367546070,195185020,199812270,199292740,101683,8,1380516,19649332,1865,0,257600,21653,0,0,7707080,7096732,7010592,2108,158932
2018-05-16_11-06-22.800908548,1526461582.803755796,22482036127,2018-05-16_11-06-52.860202548,1526461612.862881998,0.57,0.68,0.71,59129807556,55772103832160,367833935,195185023,199812274,200546032,101713,8,1382176,19658377,1865,0,257805,21653,0,0,7707080,7096932,7010824,2108,158936
2018-05-16_11-06-52.916180072,1526461612.918873577,22669365864,2018-05-16_11-07-22.971581640,1526461642.975077555,0.74,0.71,0.72,59244452862,55857583155274,368123796,196673032,199812282,200546035,101750,8,1384076,19667051,1865,0,258088,21653,0,0,7707080,7097068,7010916,2108,158940
2018-05-16_11-07-23.028090617,1526461643.031024210,16182451466,2018-05-16_11-07-53.081094724,1526461673.083821747,0.84,0.74,0.72,59349436128,55918617238504,369438406,196673032,199812290,200546038,101772,8,1386089,19676077,1865,0,259047,21653,0,0,7707080,7096864,7011184,2108,158940
2018-05-16_11-07-53.132102225,1526461673.134971261,22528780242,2018-05-16_11-08-23.184250233,1526461703.187078236,0.93,0.77,0.73,59498111874,56003567885464,369728829,196673035,199812296,202031151,101808,8,1388013,19684709,1865,0,259291,21654,0,0,7707080,7097300,7011412,2108,158940
2018-05-16_11-08-23.233531695,1526461703.236190923,22491761458,2018-05-16_11-08-53.282935663,1526461733.285657114,0.82,0.76,0.73,59639937900,56088375905544,370018170,196673037,201220735,202031151,101835,8,1389878,19693417,1865,0,259525,21654,0,0,7707080,7109048,7023156,2108,158932
2018-05-16_11-08-53.329993909,1526461733.332674633,16573133706,2018-05-16_11-09-23.386579784,1526461763.391941153,0.96,0.80,0.75,59748293046,56150881917408,371380134,196673037,201220737,202031151,101861,8,1391964,19702444,1865,0,260406,21655,0,0,7707080,7109020,7023324,2108,158932
2018-05-16_11-09-23.444072222,1526461763.446739505,22801916983,2018-05-16_11-09-53.494248273,1526461793.496934950,0.90,0.80,0.75,59865027132,56236861512082,371671556,198179579,201220737,202031151,101890,8,1393892,19711162,1865,0,260618,21655,0,0,7707080,7109012,7023320,2108,158936
2018-05-16_11-09-53.545057888,1526461793.547720214,22640179530,2018-05-16_11-10-23.602479264,1526461823.605393486,0.73,0.77,0.74,59981518698,56322232540404,371962225,198179579,202781896,202031151,101938,8,1395900,19719828,1865,0,260874,21655,0,0,7707080,7109484,7023600,2108,158944
2018-05-16_11-10-23.652689139,1526461823.655486771,22588781627,2018-05-16_11-10-53.702363608,1526461853.705157866,0.75,0.78,0.74,60130268184,56407407724050,372252681,198179579,202781896,203518717,101968,8,1397867,19728480,1865,0,261068,21655,0,0,7707080,7109060,7023176,2108,158944
2018-05-16_11-10-53.750740322,1526461853.753520291,22750401875,2018-05-16_11-11-23.800854092,1526461883.803678638,0.59,0.73,0.73,60245907270,56493192012268,372544040,199703728,202781896,203518717,101998,8,1399826,19737164,1865,0,261279,21656,0,0,7707080,7109680,7023796,2108,158944
2018-05-16_11-11-23.848370673,1526461883.851310191,16288786459,2018-05-16_11-11-53.907098804,1526461913.909840537,0.75,0.76,0.74,60352034076,56554639031016,373899496,199703728,202781896,203518717,102023,8,1401879,19746192,1865,0,262193,21656,0,0,7707080,7109228,7023540,2108,158944
2018-05-16_11-11-53.955604373,1526461913.958217379,22684546137,2018-05-16_11-12-24.010329652,1526461944.013149092,0.85,0.78,0.75,60475701642,56640175650602,374188950,199703728,202781896,205049340,102052,8,1403826,19754946,1865,0,262408,21656,0,0,7707080,7109004,7022864,2108,158944
2018-05-16_11-12-24.067892085,1526461944.070487272,22793736175,2018-05-16_11-12-54.127818262,1526461974.130859066,0.79,0.77,0.75,60590341668,56726122941476,374480198,199703728,204314143,205049340,102081,8,1405718,19763751,1865,0,262626,21656,0,0,7707080,7109196,7023252,2108,158944
2018-05-16_11-12-54.182939167,1526461974.185766874,16215917891,2018-05-16_11-13-24.245823380,1526462004.249032811,1.01,0.83,0.77,60695695974,56787297033970,375792949,199703728,204314143,205049340,102110,8,1407674,19772782,1865,0,263635,21656,0,0,7707080,7108876,7022992,2108,158944
2018-05-16_11-13-24.298677804,1526462004.301590365,22355245029,2018-05-16_11-13-54.348594019,1526462034.351879278,1.02,0.84,0.78,60838750200,56871593398450,376082864,201057587,204314151,205049340,102151,8,1409582,19781390,1865,0,263877,21656,0,0,7707080,7096992,7010844,2108,158952
2018-05-16_11-13-54.397824373,1526462034.400651561,22736000297,2018-05-16_11-14-24.447867519,1526462064.450705347,0.79,0.81,0.77,60990492426,56957324327540,376374157,201057591,205811988,205049340,102184,8,1411562,19789999,1865,0,264124,21658,0,0,7707080,7096488,7010804,2108,158956
2018-05-16_11-14-24.496117048,1526462064.499223450,22459401667,2018-05-16_11-14-54.546412948,1526462094.549071342,0.73,0.80,0.76,61133546592,57042012684732,376663153,201057595,205811998,206441139,102218,8,1413477,19798685,1865,0,264368,21658,0,0,7707080,7096312,7010580,2108,158960
2018-05-16_11-14-54.592346873,1526462094.595012738,22555671919,2018-05-16_11-15-24.644903680,1526462124.647688083,0.75,0.80,0.77,61218415278,57127063398500,376950729,202274986,205812004,206441147,102249,8,1415235,19807713,1865,0,264585,21658,0,0,7707080,7096644,7010964,2108,158964
2018-05-16_11-15-24.694823159,1526462124.698474139,16140526884,2018-05-16_11-15-54.753700138,1526462154.756633201,1.00,0.85,0.79,61318712004,57187941172712,378254907,202274988,205812014,206441148,102287,8,1417248,19816727,1865,0,265535,21659,0,0,7707080,7096244,7010368,2108,158964
2018-05-16_11-15-54.805674660,1526462154.808249374,22650285291,2018-05-16_11-16-24.861158015,1526462184.864787360,0.89,0.84,0.78,61424982630,57273348771188,378544008,202274988,205812023,207768589,102321,8,1419054,19825664,1865,0,265766,21659,0,0,7707080,7096668,7010792,2108,158968
2018-05-16_11-16-24.917868090,1526462184.920640023,22631236513,2018-05-16_11-16-54.967148433,1526462214.970125290,0.87,0.84,0.78,61529010936,57358685544480,378834937,202274988,207013532,207768590,102346,8,1420766,19834702,1865,0,265972,21659,0,0,7707080,7108592,7022716,2108,158964
2018-05-16_11-16-55.020575960,1526462215.023193276,15641062339,2018-05-16_11-17-25.071256050,1526462245.074031131,0.92,0.85,0.79,61627072122,57417676691530,380271500,202274988,207013533,207768590,102376,8,1422734,19843728,1865,0,266967,21659,0,0,7707080,7109496,7023472,2108,158964
2018-05-16_11-17-25.122532128,1526462245.125158244,22565432869,2018-05-16_11-17-55.172425962,1526462275.175186052,0.76,0.82,0.78,61712076408,57502763032608,380560349,203492714,207013533,207768590,102405,8,1424433,19852760,1865,0,267168,21660,0,0,7707080,7108756,7022880,2108,158964
2018-05-16_11-17-55.238563675,1526462275.241526919,22518807292,2018-05-16_11-18-25.290423518,1526462305.293081528,0.80,0.82,0.78,61797102714,57587671867898,380849150,203492714,208254752,207768590,102449,8,1426248,19861851,1865,0,267379,21660,0,0,7707080,7106124,7019984,2108,158964
2018-05-16_11-18-25.371723938,1526462305.374536637,22469027355,2018-05-16_11-18-55.427601392,1526462335.431014827,0.88,0.84,0.78,61883222220,57672395623210,381135820,203492714,208254752,209020290,102479,8,1427979,19870922,1865,0,267567,21661,0,0,7707080,7109092,7023216,2108,158964
2018-05-16_11-18-55.485865501,1526462335.488840588,15827762823,2018-05-16_11-19-25.544980348,1526462365.547688052,1.00,0.87,0.79,61980448146,57732105044724,382551854,203492714,208254752,209020290,102502,8,1429882,19879950,1865,0,268634,21661,0,0,7707080,7109216,7023340,2108,158964
2018-05-16_11-19-25.598371818,1526462365.600993552,22598572479,2018-05-16_11-19-55.646043814,1526462395.648828091,0.87,0.85,0.79,62084919132,57817314493606,382841901,204686929,208254752,209020290,102523,8,1431660,19888903,1865,0,268841,21661,0,0,7707080,7108972,7023252,2108,158964
2018-05-16_11-19-55.698897474,1526462395.701807399,22640647391,2018-05-16_11-20-25.749924764,1526462425.752714816,0.80,0.83,0.79,62190240078,57902683402150,383132471,204686929,209464593,209020290,102559,8,1433408,19897913,1865,0,269026,21662,0,0,7707080,7109356,7023680,2108,158968
2018-05-16_11-20-25.817751541,1526462425.820456340,22624952485,2018-05-16_11-20-55.874153988,1526462455.876922512,0.82,0.83,0.79,62295458964,57987996902866,383421083,204686929,209464593,210240430,102583,8,1435150,19906936,1865,0,269250,21662,0,0,7707080,7109140,7023268,2108,158968
2018-05-16_11-20-55.931546440,1526462455.934152584,22527493281,2018-05-16_11-21-25.989540654,1526462485.992847554,0.76,0.82,0.78,62381067990,58072941917956,383708274,205911244,209464593,210240430,102607,8,1436826,19915966,1865,0,269479,21662,0,0,7707080,7109364,7023884,2108,158968
2018-05-16_11-21-26.049275541,1526462486.052175223,15536118279,2018-05-16_11-21-56.103322145,1526462516.106058685,0.86,0.84,0.79,62476515216,58131537087026,385108263,205911246,209464601,210240430,102648,8,1438743,19924955,1865,0,270557,21663,0,0,7707080,7096860,7010900,2108,158980
2018-05-16_11-21-56.158662704,1526462516.161318273,22582074790,2018-05-16_11-22-26.207686315,1526462546.210282177,0.78,0.82,0.78,62578866522,58216687904200,385398326,205911250,209464606,211430558,102683,8,1440458,19933967,1865,0,270785,21664,0,0,7707080,7095912,7010092,2108,158980
2018-05-16_11-22-26.259164375,1526462546.261855915,22591316441,2018-05-16_11-22-56.312030663,1526462576.314771322,0.80,0.82,0.78,62680779228,58301872098374,385689584,205911252,210646269,211430560,102719,8,1442139,19942980,1865,0,271012,21664,0,0,7707080,7095016,7009148,2108,158984
2018-05-16_11-22-56.363475177,1526462576.366179998,16343845056,2018-05-16_11-23-26.424030199,1526462606.427520395,0.94,0.85,0.79,62787943374,58363527587642,387018542,205911252,210646279,211430568,102748,8,1444085,19951990,1865,0,272044,21664,0,0,7707080,7095248,7009380,2108,158984
2018-05-16_11-23-26.477282915,1526462606.479876406,22551152725,2018-05-16_11-23-56.529919978,1526462636.533341796,0.96,0.87,0.80,62903526720,58448560598050,387308840,207423386,210646296,211430569,102785,8,1446114,19960628,1865,0,272299,21665,0,0,7707080,7096252,7010388,2108,158988
2018-05-16_11-23-56.586888113,1526462636.589916242,22500747376,2018-05-16_11-24-26.639710315,1526462666.642568407,0.71,0.82,0.78,63048479886,58533404292542,387596709,207423386,212030895,211430573,102813,8,1448111,19969305,1865,0,272514,21665,0,0,7707080,7096452,7010268,2108,158992
2018-05-16_11-24-26.692075438,1526462666.694755483,22473767993,2018-05-16_11-24-56.740709994,1526462696.743597904,0.76,0.82,0.78,63191409192,58618145636976,387886132,207423386,212030902,212820921,102844,8,1450053,19978019,1865,0,272681,21666,0,0,7707080,7107944,7022276,2108,158984
2018-05-16_11-24-56.790869044,1526462696.793645329,22572588979,2018-05-16_11-25-26.841228127,1526462726.844005178,0.66,0.79,0.77,63339270078,58703257264676,388174827,208877502,212030903,212820921,102872,8,1452174,19986606,1865,0,272800,21666,0,0,7707080,7108616,7023048,2108,158984
2018-05-16_11-25-26.897070116,1526462726.899802847,16319695408,2018-05-16_11-25-56.953276883,1526462756.956108951,0.79,0.81,0.78,63445912344,58764810557852,389552420,208877502,212030903,212820921,102892,8,1454187,19995635,1865,0,273759,21667,0,0,7707080,7108724,7022860,2108,158984
2018-05-16_11-25-57.013492872,1526462757.016142212,22678744854,2018-05-16_11-26-27.074733583,1526462787.078843801,0.82,0.81,0.78,63561220410,58850327414578,389842005,208877502,212030903,214385586,102924,8,1456239,20004386,1865,0,273944,21667,0,0,7707080,7108896,7023032,2108,158984
2018-05-16_11-26-27.130907076,1526462787.133951776,22487954651,2018-05-16_11-26-57.184827184,1526462817.187817333,0.68,0.78,0.77,63702637836,58935122508818,390130621,208877502,213410205,214385586,102954,8,1458085,20013133,1865,0,274187,21667,0,0,7707080,7109008,7023144,2108,158984
2018-05-16_11-26-57.242462241,1526462817.245185538,16453713191,2018-05-16_11-27-27.298405754,1526462847.301208362,0.81,0.80,0.78,63809940582,58997189751266,391477109,208877502,213410205,214385586,102983,8,1460068,20022160,1865,0,275170,21668,0,0,7707080,7109020,7023356,2108,158984
2018-05-16_11-27-27.348639583,1526462847.351319122,22440161265,2018-05-16_11-27-57.398462719,1526462877.401254058,0.77,0.79,0.77,63958021788,59081804873326,391767365,210335959,213410205,214385586,103023,8,1462026,20030717,1865,0,275417,21668,0,0,7707080,7108884,7022972,2108,158988
2018-05-16_11-27-57.447567704,1526462877.450875424,22772825189,2018-05-16_11-28-27.507164620,1526462907.509886579,0.81,0.79,0.78,64074238194,59167675710008,392057886,210335959,214980275,214385586,103049,8,1464005,20039500,1865,0,275661,21669,0,0,7707080,7109372,7023508,2108,158988
2018-05-16_11-28-27.563101647,1526462907.565727198,22611248852,2018-05-16_11-28-57.616941029,1526462937.619618267,0.89,0.81,0.78,64223494740,59252932987236,392347744,210335959,214980275,215893141,103084,8,1465969,20048169,1865,0,275891,21669,0,0,7707080,7109108,7023244,2108,158988
2018-05-16_11-28-57.690719013,1526462937.693352018,22763787853,2018-05-16_11-29-27.746514550,1526462967.749895135,0.93,0.83,0.79,64339834086,59338768770630,392638161,211859976,214980275,215893141,103114,8,1467972,20056842,1865,0,276147,21669,0,0,7707080,7108812,7022948,2108,158988
2018-05-16_11-29-27.802371902,1526462967.805044095,16214580448,2018-05-16_11-29-57.858003721,1526462997.860896440,1.04,0.86,0.80,64445531592,59399927284322,393957607,211859979,214980283,215893141,103160,8,1470046,20065837,1865,0,277052,21670,0,0,7707080,7096628,7010964,2108,158996
2018-05-16_11-29-57.909660709,1526462997.912242366,22723894158,2018-05-16_11-30-27.960453614,1526463027.963143461,0.88,0.84,0.79,64561097658,59485609602306,394249415,211859981,214980296,217420224,103197,8,1472014,20074553,1865,0,277288,21672,0,0,7707080,7096436,7010728,2108,159008
2018-05-16_11-30-28.010945205,1526463028.013552699,22493804936,2018-05-16_11-30-58.065781990,1526463058.068620336,0.82,0.83,0.79,64705405884,59570427757104,394538424,211859984,216378757,217420224,103225,8,1473973,20083221,1865,0,277535,21672,0,0,7707080,7096772,7010708,2108,159008
2018-05-16_11-30-58.128235361,1526463058.130989987,15698938356,2018-05-16_11-31-28.187970746,1526463088.191016831,0.96,0.86,0.80,64802160210,59629636589456,395953522,211859987,216378771,217420224,103271,8,1476089,20092233,1865,0,278376,21672,0,0,7707080,7097264,7011320,2108,159012
2018-05-16_11-31-28.248454340,1526463088.251898421,22478574044,2018-05-16_11-31-58.302780466,1526463118.306462766,0.80,0.83,0.79,64906824636,59714398414534,396243396,213041379,216378784,217420224,103305,8,1477922,20101086,1865,0,278598,21673,0,0,7707080,7096512,7010584,2108,159016
2018-05-16_11-31-58.357068615,1526463118.359960181,22559378491,2018-05-16_11-32-28.407552301,1526463148.410231812,0.75,0.81,0.79,65011841802,59799460793912,396533113,213041382,217595925,217420224,103331,8,1479537,20110107,1865,0,278839,21674,0,0,7707080,7095940,7010284,2108,159016
2018-05-16_11-32-28.458578246,1526463148.461256322,22461610030,2018-05-16_11-32-58.507949991,1526463178.510744625,0.65,0.78,0.77,65097569868,59884157226686,396822219,213041383,217595931,218657318,103374,8,1481167,20119140,1865,0,279096,21675,0,0,7707080,7108372,7022864,2108,159012
2018-05-16_11-32-58.555136955,1526463178.557705673,22644080110,2018-05-16_11-33-28.609469350,1526463208.612246198,0.56,0.75,0.77,65185251474,59969539778652,397110751,214297561,217595932,218657318,103398,8,1482626,20128199,1865,0,279278,21675,0,0,7707080,7109372,7023016,2108,159012
2018-05-16_11-33-28.673200092,1526463208.676065054,15827745565,2018-05-16_11-33-58.731514075,1526463238.734112454,0.74,0.78,0.77,65281821060,60029244006764,398534106,214297561,217595932,218657318,103431,8,1484732,20137226,1865,0,280132,21676,0,0,7707080,7109276,7023424,2108,159012
2018-05-16_11-33-58.783521509,1526463238.787381762,22529896124,2018-05-16_11-34-28.845373267,1526463268.848882463,0.76,0.78,0.77,65368201086,60114199179144,398821408,214297561,217595932,219907887,103460,8,1486447,20146285,1865,0,280327,21677,0,0,7707080,7108920,7023068,2108,159012
2018-05-16_11-34-28.901281531,1526463268.904360718,22388910177,2018-05-16_11-34-58.955287940,1526463298.958479646,0.79,0.79,0.77,65456346192,60198620364558,399107761,214297561,218866147,219907887,103500,8,1488202,20155277,1865,0,280520,21677,0,0,7707080,7109356,7023700,2108,159012
2018-05-16_11-34-59.009946396,1526463299.012696368,15757706525,2018-05-16_11-35-29.070519880,1526463329.073704021,0.94,0.82,0.79,65554204998,60258068389130,400536699,214297561,218866147,219907887,103529,8,1490114,20164306,1865,0,281573,21678,0,0,7707080,7108808,7022956,2108,159012
2018-05-16_11-35-29.121106971,1526463329.123788710,22643708937,2018-05-16_11-35-59.171208219,1526463359.173911056,0.90,0.82,0.79,65659854924,60343449812478,400827468,215491563,218866147,219907887,103562,8,1491827,20173261,1865,0,281762,21678,0,0,7707080,7108368,7022712,2108,159012
2018-05-16_11-35-59.222176227,1526463359.224840130,22711898665,2018-05-16_11-36-29.279743169,1526463389.282601877,0.80,0.81,0.78,65744846310,60429089883240,401116792,215491563,220112031,219907887,103588,8,1493386,20182405,1865,0,282013,21678,0,0,7707080,7109156,7023032,2108,159012
2018-05-16_11-36-29.342797983,1526463389.347041202,22617736355,2018-05-16_11-36-59.398587273,1526463419.401286724,0.78,0.81,0.78,65852982996,60514374621192,401408187,215491563,220112031,221242975,103631,8,1495150,20191286,1865,0,282308,21679,0,0,7707080,7109132,7023280,2108,159012
2018-05-16_11-36-59.447762608,1526463419.450311155,22522880124,2018-05-16_11-37-29.506967186,1526463449.509841491,0.61,0.76,0.77,65938382502,60599306852800,401695440,216713791,220112031,221242975,103654,8,1496813,20200307,1865,0,282530,21680,0,0,7707080,7108524,7022880,2108,159012
2018-05-16_11-37-29.561005156,1526463449.563570300,16819758926,2018-05-16_11-37-59.613252387,1526463479.616317999,0.84,0.80,0.78,66028020528,60662743135252,403006478,216713791,220112034,221242983,103687,8,1498831,20209304,1865,0,283499,21681,0,0,7707080,7096192,7010456,2108,159020
2018-05-16_11-37-59.662863359,1526463479.665797178,22580060852,2018-05-16_11-38-29.710634236,1526463509.713516593,0.89,0.82,0.79,66113992914,60747884040702,403295626,216713791,220112049,222489080,103717,8,1500418,20218354,1865,0,283679,21681,0,0,7707080,7096036,7010148,2108,159024
2018-05-16_11-38-29.759019697,1526463509.761578219,22640342701,2018-05-16_11-38-59.807954132,1526463539.810738164,0.86,0.82,0.79,66218541360,60833253502586,403586889,216713791,221312294,222489083,103741,8,1502025,20227364,1865,0,283851,21682,0,0,7707080,7095952,7010264,2108,159028
2018-05-16_11-38-59.854821535,1526463539.857402028,16377984161,2018-05-16_11-39-29.920243324,1526463569.923099274,0.91,0.84,0.79,66324679386,60895041276224,404908563,216713794,221312305,222489087,103776,8,1503961,20236377,1865,0,284885,21683,0,0,7707080,7095720,7009836,2108,159028
2018-05-16_11-39-29.969857184,1526463569.972550841,22538105192,2018-05-16_11-40-00.020881091,1526463600.023629097,0.82,0.83,0.79,66472193412,60980026522452,405196996,218147499,221312318,222489087,103809,8,1505921,20244910,1865,0,285149,21683,0,0,7707080,7096844,7010720,2108,159032
2018-05-16_11-40-00.073553565,1526463600.078196596,22715547065,2018-05-16_11-40-30.133303223,1526463630.136667956,0.76,0.81,0.78,66586858698,61065680195042,405487449,218147503,222840141,222489087,103840,8,1507861,20253661,1865,0,285368,21683,0,0,7707080,7096132,7010256,2108,159040
2018-05-16_11-40-30.188068390,1526463630.190708517,22538663693,2018-05-16_11-41-00.240007517,1526463660.243152031,0.73,0.80,0.78,66730526784,61150665059502,405776656,218147504,222840146,223868207,103865,8,1509704,20262370,1865,0,285588,21684,0,0,7707080,7108652,7022776,2108,159032
2018-05-16_11-41-00.290628239,1526463660.293232008,22531232608,2018-05-16_11-41-30.335746191,1526463690.338548257,0.75,0.80,0.78,66878788770,61235622372936,406065531,219590009,222840147,223868207,103899,8,1511627,20270929,1865,0,285824,21684,0,0,7707080,7109076,7023040,2108,159040
2018-05-16_11-41-30.382416333,1526463690.385020864,16312719393,2018-05-16_11-42-00.438044170,1526463720.440719587,0.85,0.82,0.79,66983248416,61297155781142,407414744,219590009,222840147,223868207,103924,8,1513699,20279955,1865,0,286718,21684,0,0,7707080,7109112,7023436,2108,159040
2018-05-16_11-42-00.484897151,1526463720.487485365,22871612726,2018-05-16_11-42-30.544538674,1526463750.547369547,0.85,0.82,0.79,67097903202,61383401689720,407706452,219590009,222840147,225393109,103953,8,1515468,20288816,1865,0,286917,21684,0,0,7707080,7109084,7023604,2108,159040
2018-05-16_11-42-30.594124197,1526463750.596732549,22580651598,2018-05-16_11-43-00.643670687,1526463780.646364657,0.77,0.81,0.78,67242498828,61468544927952,407994748,219590009,224217652,225393109,103977,8,1517256,20297567,1865,0,287120,21684,0,0,7707080,7108868,7023192,2108,159040
2018-05-16_11-43-00.698099973,1526463780.701810793,16617473180,2018-05-16_11-43-30.758169875,1526463810.761366446,0.71,0.79,0.78,67266447774,61531206502300,408600336,219590009,224217652,225393109,103997,8,1518386,20307903,1865,0,287309,21684,0,0,7707080,7108776,7023100,2108,159040
2018-05-16_11-43-30.814887255,1526463810.817656181,16663972067,2018-05-16_11-44-00.865889112,1526463840.868778938,0.54,0.75,0.76,67289822340,61594043160486,408719999,220104553,224217652,225393109,104019,8,1519542,20318205,1865,0,287354,21684,0,0,7707080,7108828,7022692,2108,159040
2018-05-16_11-44-00.917240329,1526463840.919966612,16662442371,2018-05-16_11-44-30.967712773,1526463870.971233511,0.51,0.72,0.75,67313273106,61656874611162,408842774,220104553,224742826,225393109,104038,8,1520587,20328566,1865,0,287407,21685,0,0,7707080,7108992,7023316,2108,159040
2018-05-16_11-44-31.018416738,1526463871.021088228,16657962866,2018-05-16_11-45-01.065957813,1526463901.068803617,0.65,0.73,0.76,67336678332,61719687449034,408963874,220104553,224742826,225919940,104055,8,1521699,20338898,1865,0,287452,21685,0,0,7707080,7108624,7023144,2108,159040
2018-05-16_11-45-01.114032182,1526463901.116730776,16636719247,2018-05-16_11-45-31.165598501,1526463931.168627586,0.53,0.69,0.75,67360367778,61782421848746,409084316,220629176,224742826,225919940,104077,8,1522786,20349244,1865,0,287496,21685,0,0,7707080,7109448,7023296,2108,159040
