StartTime,StartEpoch,BW,EndTime,EndEpoch,CPULoad1m,CPULoad5m,CPULoad5m,NetDevRX,NetDevTX,IRQ0,IRQ1,IRQ2,user,nice,system,idle,iowait,irq,softirq,steal,guest,guest_nice,MemTotal,MemFree,MemAvailable,Buffers,Cached
2018-05-18_12-53-42.180141519,1526640822.182290029,12640934158,2018-05-18_12-54-12.223938503,1526640852.226135261,0.18,0.12,0.06,474811692,270542881458,0,0,0,757,0,7157,200175,1914,0,394,794,0,0,7707080,7329192,7236824,2108,144552
2018-05-18_12-54-12.258986032,1526640852.261097958,12613122174,2018-05-18_12-54-42.303648246,1526640882.305775689,0.18,0.12,0.07,561970758,317901629228,0,0,0,772,0,8158,210778,1914,0,457,920,0,0,7707080,7329532,7237164,2108,144552
2018-05-18_12-54-42.338521572,1526640882.340711448,12377837470,2018-05-18_12-55-12.384641504,1526640912.386789860,0.19,0.13,0.07,646049664,364375519126,0,0,0,791,0,9155,221382,1914,0,516,1016,0,0,7707080,7329476,7236860,2108,144552
2018-05-18_12-55-12.419928561,1526640912.422021967,12703059484,2018-05-18_12-55-42.462771703,1526640942.464865289,0.25,0.15,0.08,732126150,412071245380,0,0,0,807,0,10184,231958,1914,0,575,1074,0,0,7707080,7329364,7236848,2108,144552
2018-05-18_12-55-42.497828925,1526640942.499919934,12507849037,2018-05-18_12-56-12.541801765,1526640972.544037651,0.30,0.17,0.09,819394896,459034091842,0,0,0,822,0,11184,242551,1914,0,632,1149,0,0,7707080,7329084,7236844,2108,144552
2018-05-18_12-56-12.577275372,1526640972.579390437,12564799350,2018-05-18_12-56-42.620523622,1526641002.622639313,0.43,0.21,0.10,906153762,506210428592,0,0,0,836,0,12176,253162,1914,0,694,1218,0,0,7707080,7328828,7236704,2108,144552
2018-05-18_12-56-42.656090024,1526641002.658195958,12595204488,2018-05-18_12-57-12.698467502,1526641032.700577161,0.39,0.23,0.11,997071408,553501215228,0,0,0,848,0,13182,263753,1914,0,755,1280,0,0,7707080,7329088,7236456,2108,144552
2018-05-18_12-57-12.733929492,1526641032.736010132,11965590229,2018-05-18_12-57-42.777558621,1526641062.779684926,0.41,0.25,0.12,1079410554,598429585444,0,0,0,861,0,14120,274426,1914,0,807,1347,0,0,7707080,7329496,7237040,2108,144552
2018-05-18_12-57-42.812321220,1526641062.814536660,12575147410,2018-05-18_12-58-12.854836615,1526641092.857028704,0.47,0.28,0.14,1164525420,645644778904,0,0,0,873,0,15132,285046,1914,0,864,1426,0,0,7707080,7329108,7237132,2108,144552
2018-05-18_12-58-12.890134848,1526641092.892241102,12857202957,2018-05-18_12-58-42.932567696,1526641122.934717685,0.68,0.34,0.16,1251931746,693919698862,0,0,0,892,0,16614,295102,1914,0,982,1558,0,0,7707080,7329132,7236764,2108,144552
2018-05-18_12-58-42.967457868,1526641122.969611312,12759931221,2018-05-18_12-59-13.010575437,1526641153.012758922,0.67,0.37,0.18,1298828232,741829082976,0,0,0,914,0,17637,305795,1914,0,1017,1674,0,0,7707080,7329336,7236856,2108,144556
2018-05-18_12-59-13.046442240,1526641153.048570403,12816120308,2018-05-18_12-59-43.089520318,1526641183.091705396,0.62,0.39,0.19,1362683118,789949361236,0,0,0,929,0,18630,316461,1914,0,1068,1746,0,0,7707080,7328936,7236572,2108,144556
2018-05-18_12-59-43.124873795,1526641183.126973080,12637254258,2018-05-18_13-00-13.168392394,1526641213.170502320,0.57,0.40,0.20,1448712744,837398457384,0,0,0,944,0,19643,327055,1914,0,1123,1899,0,0,7707080,7329164,7236804,2108,144564
2018-05-18_13-00-13.203185687,1526641213.205329725,12654904529,2018-05-18_13-00-43.248740466,1526641243.250874524,0.43,0.38,0.20,1533066330,884913517798,0,0,0,958,0,20633,337672,1914,0,1175,1990,0,0,7707080,7327616,7235684,2108,144564
2018-05-18_13-00-43.283907476,1526641243.286067468,12543604592,2018-05-18_13-01-13.326841391,1526641273.329020117,0.26,0.34,0.19,1618714776,932010733082,0,0,0,975,0,21624,348256,1920,0,1235,2152,0,0,7707080,7325124,7233376,2108,144860
2018-05-18_13-01-13.362122894,1526641273.364189399,12807461098,2018-05-18_13-01-43.404515104,1526641303.406653556,0.54,0.40,0.22,1703580942,980098219314,0,0,0,988,0,22649,358840,1920,0,1292,2263,0,0,7707080,7327172,7235232,2108,144860
2018-05-18_13-01-43.440980689,1526641303.443067844,12643161362,2018-05-18_13-02-13.485496884,1526641333.487642708,0.45,0.39,0.22,1791025248,1027569914752,0,0,0,1002,0,23641,369453,1920,0,1351,2343,0,0,7707080,7327020,7235276,2108,144860
2018-05-18_13-02-13.520496110,1526641333.522585166,12924803421,2018-05-18_13-02-43.564173652,1526641363.566344661,0.66,0.45,0.25,1880244354,1076098390962,0,0,0,1026,0,25095,379517,1920,0,1471,2420,0,0,7707080,7327368,7235164,2108,144864
2018-05-18_13-02-43.599513558,1526641363.601666525,8536675133,2018-05-18_13-03-13.647596800,1526641393.649811741,0.47,0.42,0.25,1937215500,1108150650586,0,0,0,1041,0,25789,390540,1920,0,1503,2475,0,0,7707080,7326096,7233920,2108,144864
2018-05-18_13-03-13.683382842,1526641393.685479658,5416140109,2018-05-18_13-03-43.727429030,1526641423.729568920,0.42,0.42,0.25,1973709252,1128486306244,0,0,0,1052,0,26298,401766,1920,0,1515,2620,0,0,7707080,7326996,7235056,2108,144864
2018-05-18_13-03-43.762520722,1526641423.764633261,5393285777,2018-05-18_13-04-13.806513000,1526641453.808646406,0.39,0.41,0.25,2011836678,1148733592498,0,0,0,1059,0,26694,413142,1920,0,1526,2688,0,0,7707080,7327132,7235132,2108,144864
2018-05-18_13-04-13.842184959,1526641453.844491556,5218302732,2018-05-18_13-04-43.887490193,1526641483.889610997,0.35,0.40,0.25,2047866204,1168326793176,0,0,0,1068,0,27132,424514,1920,0,1536,2773,0,0,7707080,7326544,7234716,2108,144864
2018-05-18_13-04-43.922822843,1526641483.924970615,5379468980,2018-05-18_13-05-13.966577989,1526641513.968687125,0.21,0.36,0.24,2084963310,1188525001982,0,0,0,1074,0,27580,435873,1920,0,1545,2869,0,0,7707080,7327136,7235396,2108,144864
2018-05-18_13-05-14.001694515,1526641514.003823474,5361441681,2018-05-18_13-05-44.045567063,1526641544.047680918,0.20,0.34,0.24,2124230856,1208655188308,0,0,0,1083,0,28032,447223,1920,0,1556,2948,0,0,7707080,7327620,7235608,2108,144864
2018-05-18_13-05-44.080638398,1526641544.082804238,5187108136,2018-05-18_13-06-14.123621851,1526641574.125758961,0.19,0.33,0.24,2160177222,1228128072920,0,0,0,1091,0,28441,458618,1920,0,1564,2972,0,0,7707080,7326960,7235040,2108,144864
2018-05-18_13-06-14.158533481,1526641574.160900421,5374412285,2018-05-18_13-06-44.202626010,1526641604.204797654,0.25,0.33,0.24,2197003908,1248307812870,0,0,0,1101,0,28901,469977,1920,0,1574,3013,0,0,7707080,7327352,7235432,2108,144864
2018-05-18_13-06-44.237695191,1526641604.239823626,5454084987,2018-05-18_13-07-14.283250132,1526641634.285368659,0.15,0.30,0.23,2234355954,1268783842308,0,0,0,1113,0,29341,481331,1920,0,1587,3093,0,0,7707080,7325536,7233640,2108,144872
2018-05-18_13-07-14.318574152,1526641634.320639237,5429392090,2018-05-18_13-07-44.363498626,1526641664.365683093,0.15,0.28,0.23,2271792180,1289165440514,0,0,0,1121,0,29726,492720,1920,0,1603,3128,0,0,7707080,7326760,7235060,2108,144872
2018-05-18_13-07-44.398171846,1526641664.400247642,5179364008,2018-05-18_13-08-14.441657851,1526641694.443844051,0.16,0.27,0.22,2306755206,1308612691596,0,0,0,1127,0,30180,504094,1920,0,1612,3164,0,0,7707080,7326972,7234840,2108,144872
2018-05-18_13-08-14.476574487,1526641694.478652415,5395223292,2018-05-18_13-08-44.519522158,1526641724.521684435,0.16,0.26,0.22,2344075632,1328867367654,0,0,0,1134,0,30616,515459,1920,0,1622,3228,0,0,7707080,7326352,7235004,2108,144872
2018-05-18_13-08-44.554375867,1526641724.556470248,5408441611,2018-05-18_13-09-14.596529227,1526641754.598656393,0.22,0.27,0.23,2383576878,1349171352098,0,0,0,1143,0,31043,526819,1920,0,1633,3281,0,0,7707080,7326248,7234744,2108,144872
2018-05-18_13-09-14.631452563,1526641754.633544387,5442976465,2018-05-18_13-09-44.674488857,1526641784.676594836,0.32,0.29,0.24,2421309984,1369606097294,0,0,0,1154,0,31555,538039,1920,0,1645,3323,0,0,7707080,7326796,7234844,2108,144872
2018-05-18_13-09-44.709504066,1526641784.711614594,5365728505,2018-05-18_13-10-14.754944423,1526641814.757077903,0.19,0.26,0.23,2458126710,1389753699116,0,0,0,1166,0,32025,549387,1920,0,1656,3376,0,0,7707080,7326432,7234472,2108,144876
2018-05-18_13-10-14.790537444,1526641814.793493760,5358689474,2018-05-18_13-10-44.835508420,1526641844.837615306,0.12,0.24,0.22,2495347716,1409869390382,0,0,0,1173,0,32428,560772,1920,0,1667,3427,0,0,7707080,7326356,7234660,2108,144876
2018-05-18_13-10-44.876077703,1526641844.878198723,5403877897,2018-05-18_13-11-14.920512240,1526641874.922633185,0.07,0.22,0.21,2523658842,1430158485882,0,0,0,1182,0,32885,572150,1920,0,1676,3471,0,0,7707080,7326600,7234756,2108,144880
2018-05-18_13-11-14.958023258,1526641874.960101215,5380578019,2018-05-18_13-11-45.002738104,1526641905.004863190,0.11,0.21,0.21,2553523248,1450358093818,0,0,0,1191,0,33287,583550,1920,0,1684,3525,0,0,7707080,7327256,7235364,2108,144880
2018-05-18_13-11-45.037290457,1526641905.039388598,5374607744,2018-05-18_13-12-15.082585556,1526641935.084667663,0.06,0.19,0.21,2590125120,1470537219002,0,0,0,1202,0,33700,594910,1920,0,1698,3574,0,0,7707080,7325044,7233348,2108,144880
2018-05-18_13-12-15.117235480,1526641935.119324015,5439253248,2018-05-18_13-12-45.163716229,1526641965.165851267,0.04,0.17,0.20,2627109306,1490960229464,0,0,0,1212,0,34191,606135,1920,0,1711,3635,0,0,7707080,7326896,7234872,2108,144880
2018-05-18_13-12-45.198207403,1526641965.200276474,5235515977,2018-05-18_13-13-15.242792881,1526641995.244956174,0.10,0.17,0.20,2662810152,1510618460686,0,0,0,1220,0,34638,617510,1920,0,1719,3667,0,0,7707080,7327220,7235284,2108,144880
2018-05-18_13-13-15.277689041,1526641995.279793357,5433177881,2018-05-18_13-13-45.321515235,1526642025.323617885,0.06,0.16,0.20,2700037098,1531014284556,0,0,0,1227,0,35021,628902,1920,0,1730,3694,0,0,7707080,7326640,7234672,2108,144880
2018-05-18_13-13-45.356209470,1526642025.358294471,5419227897,2018-05-18_13-14-15.399619102,1526642055.401835427,0.04,0.14,0.19,2737002084,1551359853610,0,0,0,1234,0,35459,640265,1920,0,1741,3740,0,0,7707080,7326780,7235084,2108,144880
2018-05-18_13-14-15.434832364,1526642055.436912646,5399205194,2018-05-18_13-14-45.478746137,1526642085.480950000,0.02,0.13,0.18,2774039490,1571628170288,0,0,0,1241,0,35855,651645,1920,0,1756,3757,0,0,7707080,7326856,7235160,2108,144880
2018-05-18_13-14-45.513666436,1526642085.515793289,5302774266,2018-05-18_13-15-15.557510541,1526642115.559638150,0.09,0.13,0.18,2810190396,1591538747874,0,0,0,1248,0,36298,663016,1920,0,1770,3797,0,0,7707080,7326508,7234764,2108,144880
2018-05-18_13-15-15.592564163,1526642115.594635498,5405215770,2018-05-18_13-15-45.635605236,1526642145.637750144,0.06,0.12,0.18,2846733462,1611832082772,0,0,0,1257,0,36722,674387,1920,0,1785,3857,0,0,7707080,7327076,7235092,2108,144880
2018-05-18_13-15-45.670330300,1526642145.672388501,5452253518,2018-05-18_13-16-15.714497005,1526642175.716608399,0.11,0.13,0.18,2884308708,1632301955564,0,0,0,1266,0,37213,685609,1920,0,1802,3892,0,0,7707080,7326932,7235040,2108,144880
2018-05-18_13-16-15.749109001,1526642175.751240277,5397670937,2018-05-18_13-16-45.792819452,1526642205.794943724,0.14,0.13,0.18,2921657874,1652566828642,0,0,0,1274,0,37634,696971,1920,0,1813,3932,0,0,7707080,7326728,7234992,2108,144880
2018-05-18_13-16-45.827575159,1526642205.829682900,5386230294,2018-05-18_13-17-15.872519315,1526642235.874641302,0.14,0.13,0.18,2959326306,1672789353048,0,0,0,1284,0,38073,708326,1920,0,1826,3999,0,0,7707080,7326240,7234372,2108,144884
2018-05-18_13-17-15.907494292,1526642235.909577899,5216843317,2018-05-18_13-17-45.950510470,1526642265.952642662,0.08,0.12,0.17,2995175292,1692376840612,0,0,0,1292,0,38519,719700,1920,0,1834,4030,0,0,7707080,7327136,7235268,2108,144884
2018-05-18_13-17-45.985553967,1526642265.987693542,5387237770,2018-05-18_13-18-16.030968642,1526642296.033211027,0.15,0.14,0.17,3032095938,1712602403186,0,0,0,1299,0,38957,731062,1920,0,1847,4071,0,0,7707080,7326240,7234372,2108,144884
2018-05-18_13-18-16.066364650,1526642296.068482831,5368581077,2018-05-18_13-18-46.111560215,1526642326.113714006,0.16,0.14,0.17,3068559984,1732760922122,0,0,0,1308,0,39419,742417,1920,0,1856,4141,0,0,7707080,7326904,7234968,2108,144884
2018-05-18_13-18-46.146291266,1526642326.148387963,5453261087,2018-05-18_13-19-16.190475595,1526642356.192609086,0.09,0.13,0.17,3096405810,1753234241396,0,0,0,1315,0,39836,753807,1920,0,1867,4212,0,0,7707080,7326728,7234860,2108,144884
2018-05-18_13-19-16.225452833,1526642356.227526120,5434735487,2018-05-18_13-19-46.268501609,1526642386.270621829,0.21,0.15,0.17,3124929636,1773637825356,0,0,0,1324,0,40258,765197,1920,0,1874,4287,0,0,7707080,7327016,7235148,2108,144884
2018-05-18_13-19-46.303526959,1526642386.305607069,5418885065,2018-05-18_13-20-16.347070661,1526642416.349202295,0.18,0.15,0.17,3161977968,1793983732828,0,0,0,1334,0,40723,776543,1920,0,1886,4364,0,0,7707080,7326664,7235196,2108,144896
2018-05-18_13-20-16.382171013,1526642416.384302691,5227720662,2018-05-18_13-20-46.425527100,1526642446.427620177,0.18,0.15,0.17,3197525634,1813611890228,0,0,0,1340,0,41170,787916,1920,0,1896,4399,0,0,7707080,7326160,7234496,2108,144896
2018-05-18_13-20-46.460150267,1526642446.462227425,5454136250,2018-05-18_13-21-16.520203306,1526642476.522460012,0.17,0.15,0.17,3234557400,1834088733984,0,0,0,1350,0,41682,799150,1920,0,1907,4461,0,0,7707080,7326752,7235044,2108,144896
2018-05-18_13-21-16.555035293,1526642476.557105446,5435269637,2018-05-18_13-21-46.602211752,1526642506.604400233,0.10,0.14,0.17,3271535046,1854494505130,0,0,0,1361,0,42095,810512,1920,0,1918,4550,0,0,7707080,7325544,7233688,2108,144900
2018-05-18_13-21-46.637304841,1526642506.639371638,5326454029,2018-05-18_13-22-16.681792515,1526642536.683920932,0.13,0.14,0.17,3307850112,1874491072562,0,0,0,1368,0,42486,821902,1920,0,1928,4642,0,0,7707080,7326908,7235076,2108,144900
2018-05-18_13-22-16.716598553,1526642536.718703938,5429461469,2018-05-18_13-22-46.761535087,1526642566.763686267,0.08,0.13,0.16,3345533718,1894876301716,0,0,0,1377,0,42915,833259,1920,0,1942,4720,0,0,7707080,7327196,7235512,2108,144900
2018-05-18_13-22-46.796214618,1526642566.798289641,5516134026,2018-05-18_13-23-16.839423721,1526642596.841539308,0.13,0.13,0.16,3366319824,1915587123904,0,0,0,1385,0,43431,844580,1920,0,1950,4766,0,0,7707080,7327108,7234948,2108,144900
2018-05-18_13-23-16.873996180,1526642596.876093899,5496945719,2018-05-18_13-23-46.918487576,1526642626.920617035,0.35,0.18,0.17,3394273890,1936223628524,0,0,0,1393,0,43842,855985,1920,0,1961,4838,0,0,7707080,7326420,7234736,2108,144900
2018-05-18_13-23-46.953401387,1526642626.955483355,5310537284,2018-05-18_13-24-16.998619667,1526642657.000758993,0.21,0.17,0.17,3430057356,1956164173982,0,0,0,1400,0,44308,867346,1920,0,1972,4895,0,0,7707080,7326992,7235112,2108,144900
2018-05-18_13-24-17.033260769,1526642657.035317434,5463930466,2018-05-18_13-24-47.076557883,1526642687.078641445,0.13,0.15,0.16,3467468862,1976675188984,0,0,0,1409,0,44689,878735,1920,0,1985,4945,0,0,7707080,7326840,7235156,2108,144900
2018-05-18_13-24-47.111078421,1526642687.113169311,5408015358,2018-05-18_13-25-17.154458914,1526642717.156544707,0.08,0.14,0.16,3503928108,1996978915774,0,0,0,1420,0,45136,890093,1920,0,1997,4990,0,0,7707080,7326688,7234808,2108,144900
2018-05-18_13-25-17.189144861,1526642717.191245043,5344695507,2018-05-18_13-25-47.233512710,1526642747.235625710,0.05,0.12,0.15,3539900514,2017045885518,0,0,0,1427,0,45591,901454,1920,0,2010,5047,0,0,7707080,7327156,7235412,2108,144900
2018-05-18_13-25-47.268098349,1526642747.270237508,5462067630,2018-05-18_13-26-17.313666121,1526642777.315836002,0.03,0.11,0.15,3577911720,2037551324566,0,0,0,1435,0,45988,912830,1920,0,2022,5169,0,0,7707080,7326992,7235112,2108,144900
2018-05-18_13-26-17.348817698,1526642777.350919762,5425443489,2018-05-18_13-26-47.393026120,1526642807.395222591,0.07,0.12,0.14,3615350532,2057922741086,0,0,0,1445,0,46461,924167,1920,0,2032,5286,0,0,7707080,7326024,7234356,2108,144904
2018-05-18_13-26-47.428043577,1526642807.430118690,5460368393,2018-05-18_13-27-17.472502055,1526642837.474586967,0.11,0.12,0.14,3652192938,2078424115758,0,0,0,1454,0,46905,935519,1920,0,2042,5352,0,0,7707080,7326508,7234564,2108,144904
2018-05-18_13-27-17.507180292,1526642837.509231746,5315170718,2018-05-18_13-27-47.549533781,1526642867.551648787,0.07,0.11,0.14,3688168944,2098379948070,0,0,0,1461,0,47354,946891,1920,0,2052,5415,0,0,7707080,7326792,7235112,2108,144904
2018-05-18_13-27-47.584410501,1526642867.586536930,5378522674,2018-05-18_13-28-17.627478620,1526642897.629620715,0.12,0.12,0.14,3726229110,2118574239214,0,0,0,1466,0,47584,958242,1920,0,2056,5506,0,0,7707080,7326892,7235016,2108,144904
2018-05-18_13-28-17.662281556,1526642897.664377692,5354390302,2018-05-18_13-28-47.705355178,1526642927.707474858,0.15,0.12,0.14,3762952716,2138673764898,0,0,0,1472,0,47773,969621,1920,0,2060,5743,0,0,7707080,7327148,7234988,2108,144908
2018-05-18_13-28-47.740207550,1526642927.742290291,5208631861,2018-05-18_13-29-17.785398571,1526642957.787527576,0.09,0.11,0.14,3798826062,2158231330678,0,0,0,1479,6,48194,980933,1949,0,2072,5895,0,0,7707080,7318200,7229144,2108,146460
2018-05-18_13-29-17.820735668,1526642957.822816719,5402632064,2018-05-18_13-29-47.865549509,1526642987.867649026,0.11,0.11,0.14,3836925168,2178515291124,0,0,0,1486,6,48621,992298,1949,0,2088,5938,0,0,7707080,7318668,7229612,2108,146460
2018-05-18_13-29-47.900260189,1526642987.902337588,5442014344,2018-05-18_13-30-17.944735939,1526643017.946893402,0.07,0.10,0.13,3873900414,2198948931496,0,0,0,1496,6,49140,1003526,1949,0,2106,5988,0,0,7707080,7318556,7229364,2108,146464
2018-05-18_13-30-17.979741293,1526643017.981835913,5411838662,2018-05-18_13-30-48.024550556,1526643048.026677070,0.10,0.11,0.13,3911075520,2219269393282,0,0,0,1504,6,49579,1014893,1949,0,2113,6032,0,0,7707080,7318052,7228956,2108,146464
2018-05-18_13-30-48.059262569,1526643048.061334693,5516229384,2018-05-18_13-31-18.104267213,1526643078.106426482,0.21,0.13,0.14,3936960786,2239979334288,0,0,0,1517,6,49995,1026295,1949,0,2124,6135,0,0,7707080,7318096,7229040,2108,146464
2018-05-18_13-31-18.139539405,1526643078.141639756,5382665204,2018-05-18_13-31-48.184459132,1526643108.186594671,0.19,0.13,0.14,3966736392,2260186168020,0,0,0,1525,6,50380,1037718,1949,0,2134,6199,0,0,7707080,7318988,7229784,2108,146464
2018-05-18_13-31-48.219241602,1526643108.221342150,5445595455,2018-05-18_13-32-18.262553543,1526643138.264744072,0.26,0.15,0.15,4003896258,2280632027762,0,0,0,1532,6,50829,1049079,1949,0,2143,6269,0,0,7707080,7318668,7229516,2108,146464
2018-05-18_13-32-18.297421412,1526643138.299499569,5262283058,2018-05-18_13-32-48.341569984,1526643168.343744425,0.16,0.14,0.14,4040575344,2300386023830,0,0,0,1539,6,51178,1060503,1949,0,2151,6322,0,0,7707080,7319116,7229780,2108,146464
2018-05-18_13-32-48.376249666,1526643168.378316681,5291792945,2018-05-18_13-33-18.419510393,1526643198.421619011,0.09,0.13,0.14,4076894370,2320252894428,0,0,0,1548,6,51578,1071906,1949,0,2162,6377,0,0,7707080,7317924,7229212,2108,146464
2018-05-18_13-33-18.454342130,1526643198.456417834,5470006682,2018-05-18_13-33-48.496504275,1526643228.498638225,0.11,0.13,0.14,4113866676,2340788857988,0,0,0,1556,6,52003,1083278,1949,0,2174,6459,0,0,7707080,7318588,7229728,2108,146464
2018-05-18_13-33-48.531266527,1526643228.533338322,5530615004,2018-05-18_13-34-18.573476128,1526643258.575555615,0.07,0.12,0.13,4152105882,2361551836322,0,0,0,1565,6,52493,1094505,1949,0,2186,6519,0,0,7707080,7318564,7229704,2108,146464
2018-05-18_13-34-18.608198951,1526643258.610283021,5419799671,2018-05-18_13-34-48.653163029,1526643288.655312922,0.11,0.12,0.14,4189317768,2381901248578,0,0,0,1576,6,52952,1105864,1949,0,2196,6587,0,0,7707080,7316832,7227516,2108,146472
2018-05-18_13-34-48.688185298,1526643288.690303734,5522506961,2018-05-18_13-35-18.731804615,1526643318.733998834,0.15,0.13,0.14,4227116754,2402631651230,0,0,0,1586,6,53397,1117111,1949,0,2211,6654,0,0,7707080,7318372,7229040,2108,146472
2018-05-18_13-35-18.766988594,1526643318.769087223,5450176344,2018-05-18_13-35-48.810528134,1526643348.812649122,0.09,0.11,0.13,4263890460,2423093717790,0,0,0,1593,6,53825,1128487,1949,0,2223,6707,0,0,7707080,7318056,7229004,2108,146472
2018-05-18_13-35-48.845426562,1526643348.847507776,5435911770,2018-05-18_13-36-18.887477822,1526643378.889637432,0.05,0.10,0.13,4301624226,2443502951110,0,0,0,1601,6,54282,1139846,1949,0,2231,6739,0,0,7707080,7318120,7229068,2108,146472
2018-05-18_13-36-18.922318943,1526643378.924405800,4682172578,2018-05-18_13-36-48.968565044,1526643408.970710228,0.09,0.11,0.13,4334049732,2461082101088,0,0,0,1608,6,54640,1151301,1949,0,2242,6772,0,0,7707080,7318472,7229420,2108,146472
2018-05-18_13-36-49.003378911,1526643409.005481201,3422235781,2018-05-18_13-37-19.048521119,1526643439.050658105,0.11,0.11,0.13,4358318718,2473931819322,0,0,0,1614,6,54939,1162862,1949,0,2248,6811,0,0,7707080,7318236,7229384,2108,146476
2018-05-18_13-37-19.083290727,1526643439.085352561,3324516951,2018-05-18_13-37-49.127515018,1526643469.129682691,0.07,0.10,0.13,4381859724,2486414885944,0,0,0,1620,6,55249,1174431,1949,0,2255,6841,0,0,7707080,7318876,7229524,2108,146476
2018-05-18_13-37-49.162475631,1526643469.164544409,3402672824,2018-05-18_13-38-19.204560550,1526643499.206685516,0.04,0.09,0.13,4405432470,2499190532188,0,0,0,1626,6,55568,1185989,1949,0,2260,6883,0,0,7707080,7319164,7229876,2108,146476
2018-05-18_13-38-19.239371645,1526643499.241451349,3320752218,2018-05-18_13-38-49.281751911,1526643529.283894228,0.25,0.13,0.14,4428517716,2511658564276,0,0,0,1633,6,55869,1197560,1949,0,2265,6954,0,0,7707080,7317888,7229040,2108,146476
2018-05-18_13-38-49.316644957,1526643529.318718623,3390278156,2018-05-18_13-39-19.360555135,1526643559.362693678,0.28,0.15,0.15,4451852562,2524387985724,0,0,0,1643,6,56178,1209116,1949,0,2273,7051,0,0,7707080,7318244,7229184,2108,146476
2018-05-18_13-39-19.395449933,1526643559.397539735,3314420537,2018-05-18_13-39-49.438470698,1526643589.440599204,0.17,0.14,0.14,4474549128,2536832312802,0,0,0,1651,6,56485,1220689,1949,0,2278,7090,0,0,7707080,7318924,7229716,2108,146476
2018-05-18_13-39-49.473417006,1526643589.475489058,3429441065,2018-05-18_13-40-19.519530825,1526643619.521676727,0.10,0.12,0.14,4498803894,2549709726430,0,0,0,1659,6,56799,1232240,1949,0,2285,7134,0,0,7707080,7318444,7229384,2108,146476
2018-05-18_13-40-19.555132919,1526643619.557247400,3368762522,2018-05-18_13-40-49.601648042,1526643649.603861028,0.06,0.11,0.13,4522271820,2562359679824,0,0,0,1665,6,57107,1243806,1949,0,2293,7198,0,0,7707080,7318400,7229084,2108,146476
2018-05-18_13-40-49.636681176,1526643649.638798911,3367571406,2018-05-18_13-41-19.679563553,1526643679.681693418,0.04,0.10,0.13,4546259406,2575004027510,0,0,0,1673,6,57459,1255286,1949,0,2301,7234,0,0,7707080,7317944,7229080,2108,146476
2018-05-18_13-41-19.714526809,1526643679.716645529,3407341367,2018-05-18_13-41-49.759616643,1526643709.761783262,0.09,0.11,0.13,4570768752,2587798325912,0,0,0,1680,6,57767,1266848,1949,0,2309,7266,0,0,7707080,7318296,7229432,2108,146476
2018-05-18_13-41-49.794544893,1526643709.796673211,3390103629,2018-05-18_13-42-19.838495273,1526643739.840604078,0.05,0.10,0.13,4594223358,2600526965964,0,0,0,1687,6,58068,1278413,1949,0,2316,7313,0,0,7707080,7318964,7230112,2108,146476
2018-05-18_13-42-19.873566508,1526643739.875669110,3418526126,2018-05-18_13-42-49.918494317,1526643769.920665086,0.10,0.10,0.13,4617960084,2613362870782,0,0,0,1693,6,58372,1289977,1949,0,2322,7368,0,0,7707080,7319272,7229948,2108,146476
2018-05-18_13-42-49.953332420,1526643769.955446302,3417313183,2018-05-18_13-43-19.998569935,1526643800.000704121,0.12,0.11,0.13,4631210130,2626195107432,0,0,0,1700,6,58687,1301575,1949,0,2326,7413,0,0,7707080,7319036,7229976,2108,146476
2018-05-18_13-43-20.033627539,1526643800.035708476,3453601348,2018-05-18_13-43-50.077627335,1526643830.079793105,0.07,0.10,0.13,4644287556,2639162488900,0,0,0,1709,6,59004,1313158,1949,0,2332,7491,0,0,7707080,7316796,7227936,2108,146480
2018-05-18_13-43-50.112702303,1526643830.114799094,3367024447,2018-05-18_13-44-20.156523698,1526643860.158655869,0.04,0.09,0.13,4667278902,2651804921348,0,0,0,1714,6,59356,1324648,1949,0,2341,7586,0,0,7707080,7318412,7229208,2108,146480
2018-05-18_13-44-20.191795155,1526643860.193912691,3410031950,2018-05-18_13-44-50.237534119,1526643890.239676350,0.03,0.08,0.12,4690564128,2664608744888,0,0,0,1732,6,59666,1336194,1949,0,2349,7701,0,0,7707080,7310460,7221140,2108,146480
2018-05-18_13-44-50.272441588,1526643890.274555048,3390125899,2018-05-18_13-45-20.317499481,1526643920.319639621,0.07,0.09,0.13,4713639774,2677337442084,0,0,0,1756,6,59967,1347740,1949,0,2355,7822,0,0,7707080,7309340,7220488,2108,146492
