StartTime,StartEpoch,BW,EndTime,EndEpoch,CPULoad1m,CPULoad5m,CPULoad5m,NetDevRX,NetDevTX,IRQconfig,IRQinput,IRQoutput,user,nice,system,idle,iowait,irq,softirq,steal,guest,guest_nice,MemTotal,MemFree,MemAvailable,Buffers,Cached
2018-05-15_21-33-50.792357143,1526412830.795380689,16181719551,2018-05-15_21-34-20.851023950,1526412860.854167619,0.42,0.53,0.72,,,,,,6760,0,331159,1918329,1835,0,63346,125,0,0,7707080,7138452,7047292,2108,146240
2018-05-15_21-34-20.897285489,1526412860.900025929,23730095253,2018-05-15_21-34-50.949622549,1526412890.952590243,0.57,0.56,0.72,,,,,,6786,0,333035,1926975,1835,0,63588,125,0,0,7707080,7139136,7047516,2108,146240
2018-05-15_21-34-50.996321815,1526412890.998941990,23641755996,2018-05-15_21-35-21.053079685,1526412921.055767754,0.63,0.57,0.72,,,,,,6817,0,334885,1935758,1835,0,63839,125,0,0,7707080,7139132,7047776,2108,146240
2018-05-15_21-35-21.114297125,1526412921.117090267,23758813644,2018-05-15_21-35-51.168964366,1526412951.171743281,0.70,0.60,0.72,,,,,,6847,0,336862,1944493,1835,0,64096,126,0,0,7707080,7138548,7047192,2108,146240
2018-05-15_21-35-51.223199499,1526412951.226320216,23832765291,2018-05-15_21-36-21.281786701,1526412981.284955045,0.66,0.59,0.72,,,,,,6874,0,338788,1953191,1835,0,64353,127,0,0,7707080,7139624,7048268,2108,146240
2018-05-15_21-36-21.332862622,1526412981.336290827,17328368994,2018-05-15_21-36-51.393154559,1526413011.395882550,0.79,0.63,0.73,,,,,,6907,0,340782,1962223,1835,0,65318,127,0,0,7707080,7139200,7047844,2108,146240
2018-05-15_21-36-51.445213442,1526413011.448209174,16823796856,2018-05-15_21-37-21.496123367,1526413041.499094719,0.68,0.62,0.72,,,,,,6947,0,342018,1972533,1835,0,65380,128,0,0,7707080,7138856,7047500,2108,146240
2018-05-15_21-37-21.544546528,1526413041.547174908,16804269368,2018-05-15_21-37-51.598387458,1526413071.601348635,0.63,0.61,0.71,,,,,,6976,0,343216,1982862,1835,0,65448,128,0,0,7707080,7126084,7035084,2108,146252
2018-05-15_21-37-51.647700456,1526413071.650362310,16829676758,2018-05-15_21-38-21.703954138,1526413101.708575339,0.38,0.55,0.69,,,,,,6997,0,344340,1993258,1835,0,65681,129,0,0,7707080,7125668,7034512,2108,146252
2018-05-15_21-38-21.755354713,1526413101.758054948,16819836635,2018-05-15_21-38-51.838397908,1526413131.841485113,0.43,0.54,0.68,,,,,,7024,0,345541,2003565,1835,0,65751,129,0,0,7707080,7125540,7034188,2108,146252
2018-05-15_21-38-51.894334502,1526413131.897073742,16828514592,2018-05-15_21-39-21.945939686,1526413161.948690891,0.38,0.52,0.67,,,,,,7046,0,346730,2013900,1835,0,65814,130,0,0,7707080,7126356,7035004,2108,146256
2018-05-15_21-39-21.994962348,1526413161.997886170,16833716000,2018-05-15_21-39-52.044491578,1526413192.047387444,0.44,0.52,0.67,,,,,,7070,0,347931,2024270,1835,0,65881,130,0,0,7707080,7126056,7034704,2108,146256
2018-05-15_21-39-52.092336321,1526413192.095048030,16782557517,2018-05-15_21-40-22.143551669,1526413222.146295815,0.27,0.47,0.65,,,,,,7106,0,349129,2034562,1835,0,65946,131,0,0,7707080,7126504,7035156,2108,146260
2018-05-15_21-40-22.191581366,1526413222.194167815,16829987346,2018-05-15_21-40-52.239225654,1526413252.241968990,0.24,0.44,0.63,,,,,,7128,0,350396,2044907,1835,0,66206,131,0,0,7707080,7138372,7047220,2108,146256
2018-05-15_21-40-52.287452175,1526413252.290084788,23804187284,2018-05-15_21-41-22.337942576,1526413282.340666471,0.22,0.42,0.62,,,,,,7159,0,351915,2054323,1835,0,66371,131,0,0,7707080,7138592,7047244,2108,146256
2018-05-15_21-41-22.392418297,1526413282.395012936,23839164456,2018-05-15_21-41-52.445694599,1526413312.448489756,0.27,0.41,0.61,,,,,,7179,0,353414,2063753,1835,0,66520,131,0,0,7707080,7138796,7047448,2108,146256
2018-05-15_21-41-52.517729922,1526413312.521323913,17809345543,2018-05-15_21-42-22.571468855,1526413342.574144115,0.64,0.48,0.62,,,,,,7207,0,355369,2072780,1835,0,67528,132,0,0,7707080,7138264,7047116,2108,146256
2018-05-15_21-42-22.618393361,1526413342.620961209,23809765702,2018-05-15_21-42-52.669474069,1526413372.672192375,0.44,0.45,0.61,,,,,,7230,0,356775,2082247,1835,0,67669,132,0,0,7707080,7138704,7047452,2108,146256
2018-05-15_21-42-52.716385690,1526413372.719067699,23747713025,2018-05-15_21-43-22.765901105,1526413402.768620068,0.46,0.46,0.60,,,,,,7253,0,358186,2091820,1835,0,67820,132,0,0,7707080,7138860,7047256,2108,146256
2018-05-15_21-43-22.812816097,1526413402.815434112,23782565152,2018-05-15_21-43-52.864738222,1526413432.867572542,0.40,0.44,0.59,,,,,,7281,0,359659,2101411,1835,0,67944,134,0,0,7707080,7139008,7047600,2108,146260
2018-05-15_21-43-52.910466219,1526413432.913251460,23828289995,2018-05-15_21-44-22.967654143,1526413462.970852196,0.52,0.47,0.60,,,,,,7308,0,361140,2110880,1835,0,68071,134,0,0,7707080,7138720,7047140,2108,146260
2018-05-15_21-44-23.020401326,1526413463.023027333,16373703444,2018-05-15_21-44-53.081577536,1526413493.084930969,0.79,0.53,0.61,,,,,,7345,0,363098,2119909,1835,0,69069,135,0,0,7707080,7139004,7047656,2108,146260
2018-05-15_21-44-53.130907500,1526413493.133548098,23787587999,2018-05-15_21-45-23.187590941,1526413523.191849960,0.73,0.55,0.61,,,,,,7371,0,364565,2129380,1835,0,69181,135,0,0,7707080,7138920,7047508,2108,146260
2018-05-15_21-45-23.237263142,1526413523.240039081,16634879636,2018-05-15_21-45-53.292630800,1526413553.296279692,0.84,0.59,0.63,,,,,,7419,0,366541,2138353,1835,0,70202,136,0,0,7707080,7125672,7034332,2108,146276
2018-05-15_21-45-53.343346350,1526413553.346095178,23565392890,2018-05-15_21-46-04.714826503,1526413564.717698099,0.86,0.60,0.63,,,,,,7435,0,367224,2141915,1835,0,70255,136,0,0,7707080,7125780,7034440,2108,146276
2018-05-15_21-46-04.760232395,1526413564.762934535,,2018-05-15_21-46-04.775068733,1526413564.777657493,0.86,0.60,0.63,,,,,,7437,0,367228,2141931,1835,0,70255,136,0,0,7707080,7125676,7034336,2108,146276
2018-05-15_21-46-04.817411045,1526413564.820012530,,2018-05-15_21-46-04.831545203,1526413564.834056675,0.86,0.60,0.63,,,,,,7439,0,367232,2141947,1835,0,70255,136,0,0,7707080,7126008,7034404,2108,146276
2018-05-15_21-46-04.873978293,1526413564.876615876,,2018-05-15_21-46-04.887802553,1526413564.890361834,0.86,0.60,0.63,,,,,,7440,0,367237,2141962,1835,0,70255,136,0,0,7707080,7125892,7034552,2108,146276
2018-05-15_21-46-04.929491187,1526413564.932057547,,2018-05-15_21-46-04.943739031,1526413564.946278270,0.86,0.60,0.63,,,,,,7442,0,367242,2141978,1835,0,70255,136,0,0,7707080,7126568,7035136,2108,146276
2018-05-15_21-46-04.984721910,1526413564.987260733,,2018-05-15_21-46-04.999003353,1526413565.001583616,0.79,0.59,0.63,,,,,,7444,0,367246,2141994,1835,0,70255,136,0,0,7707080,7126616,7035472,2108,146276
2018-05-15_21-46-05.040523635,1526413565.043034034,,2018-05-15_21-46-05.054802252,1526413565.057373968,0.79,0.59,0.63,,,,,,7446,0,367251,2142010,1835,0,70255,136,0,0,7707080,7126668,7035284,2108,146276
2018-05-15_21-46-05.096012782,1526413565.098591037,,2018-05-15_21-46-05.109731247,1526413565.112265865,0.79,0.59,0.63,,,,,,7447,0,367255,2142025,1835,0,70255,136,0,0,7707080,7126672,7035528,2108,146276
2018-05-15_21-46-05.150466198,1526413565.153049062,,2018-05-15_21-46-05.164768037,1526413565.167339892,0.79,0.59,0.63,,,,,,7449,0,367260,2142041,1835,0,70255,136,0,0,7707080,7126844,7035504,2108,146276
2018-05-15_21-46-05.205765501,1526413565.208295946,,2018-05-15_21-46-05.219625428,1526413565.222158448,0.79,0.59,0.63,,,,,,7451,0,367265,2142056,1835,0,70255,136,0,0,7707080,7126856,7035224,2108,146276
2018-05-15_21-46-05.260517499,1526413565.263268803,,2018-05-15_21-46-05.275078295,1526413565.277658420,0.79,0.59,0.63,,,,,,7452,0,367270,2142072,1835,0,70255,136,0,0,7707080,7126160,7035016,2108,146276
2018-05-15_21-46-05.316810083,1526413565.319418769,,2018-05-15_21-46-05.330633946,1526413565.333183584,0.79,0.59,0.63,,,,,,7454,0,367274,2142088,1835,0,70255,136,0,0,7707080,7125796,7034456,2108,146276
2018-05-15_21-46-05.371799637,1526413565.374383680,,2018-05-15_21-46-05.385701099,1526413565.388279944,0.79,0.59,0.63,,,,,,7455,0,367279,2142103,1835,0,70255,136,0,0,7707080,7126376,7035036,2108,146276
2018-05-15_21-46-05.426811917,1526413565.429390146,,2018-05-15_21-46-05.440795016,1526413565.443359901,0.79,0.59,0.63,,,,,,7456,0,367284,2142119,1835,0,70255,136,0,0,7707080,7126704,7035364,2108,146276
2018-05-15_21-46-05.482122974,1526413565.484705742,,2018-05-15_21-46-05.496009610,1526413565.498604392,0.79,0.59,0.63,,,,,,7458,0,367289,2142135,1835,0,70255,136,0,0,7707080,7127132,7035528,2108,146276
2018-05-15_21-46-05.537042945,1526413565.539607310,,2018-05-15_21-46-05.551275212,1526413565.553892225,0.79,0.59,0.63,,,,,,7459,0,367294,2142150,1835,0,70255,136,0,0,7707080,7126848,7035360,2108,146276
2018-05-15_21-46-05.592614403,1526413565.595157360,,2018-05-15_21-46-05.606183729,1526413565.608753658,0.79,0.59,0.63,,,,,,7460,0,367299,2142166,1835,0,70255,136,0,0,7707080,7126272,7035084,2108,146276
2018-05-15_21-46-05.647657318,1526413565.650220564,,2018-05-15_21-46-05.661482119,1526413565.664050546,0.79,0.59,0.63,,,,,,7461,0,367304,2142181,1835,0,70255,136,0,0,7707080,7125892,7034348,2108,146276
2018-05-15_21-46-05.702739542,1526413565.705267070,,2018-05-15_21-46-05.716402628,1526413565.718959764,0.79,0.59,0.63,,,,,,7462,0,367309,2142197,1835,0,70255,136,0,0,7707080,7126240,7034752,2108,146276
2018-05-15_21-46-05.757700640,1526413565.760256059,,2018-05-15_21-46-05.771382187,1526413565.773938116,0.79,0.59,0.63,,,,,,7464,0,367314,2142212,1835,0,70255,136,0,0,7707080,7125788,7034448,2108,146276
2018-05-15_21-46-05.812487874,1526413565.815048766,,2018-05-15_21-46-05.826254555,1526413565.828847758,0.79,0.59,0.63,,,,,,7465,0,367319,2142228,1835,0,70255,136,0,0,7707080,7126908,7035568,2108,146276
2018-05-15_21-46-05.867713939,1526413565.870320122,,2018-05-15_21-46-05.881752469,1526413565.884319376,0.79,0.59,0.63,,,,,,7467,0,367323,2142244,1835,0,70255,136,0,0,7707080,7125836,7034496,2108,146276
2018-05-15_21-46-05.923678871,1526413565.926233839,,2018-05-15_21-46-05.937554960,1526413565.940101725,0.79,0.59,0.63,,,,,,7468,0,367329,2142259,1835,0,70255,136,0,0,7707080,7125688,7034348,2108,146276
2018-05-15_21-46-05.978724024,1526413565.981285625,,2018-05-15_21-46-05.992725313,1526413565.995263264,0.79,0.59,0.63,,,,,,7470,0,367334,2142275,1835,0,70255,136,0,0,7707080,7126212,7034716,2108,146276
2018-05-15_21-46-06.034462406,1526413566.037042576,,2018-05-15_21-46-06.062108424,1526413566.064704491,0.79,0.59,0.63,,,,,,7471,0,367340,2142295,1835,0,70255,136,0,0,7707080,7126708,7035020,2108,146276
2018-05-15_21-46-06.103879850,1526413566.106449903,,2018-05-15_21-46-06.117874209,1526413566.120419734,0.79,0.59,0.63,,,,,,7472,0,367345,2142311,1835,0,70255,136,0,0,7707080,7126628,7035288,2108,146276
2018-05-15_21-46-06.159002914,1526413566.161613416,,2018-05-15_21-46-06.173222498,1526413566.175827699,0.79,0.59,0.63,,,,,,7474,0,367350,2142326,1835,0,70255,136,0,0,7707080,7125784,7034444,2108,146276
2018-05-15_21-46-06.214584642,1526413566.217115589,,2018-05-15_21-46-06.228286598,1526413566.230843092,0.79,0.59,0.63,,,,,,7475,0,367356,2142342,1835,0,70255,136,0,0,7707080,7125964,7034352,2108,146276
2018-05-15_21-46-06.269519031,1526413566.272081082,,2018-05-15_21-46-06.283717225,1526413566.286279604,0.79,0.59,0.63,,,,,,7476,0,367361,2142358,1835,0,70255,136,0,0,7707080,7126012,7034524,2108,146280
2018-05-15_21-46-06.325007663,1526413566.327595841,,2018-05-15_21-46-06.338763262,1526413566.341347304,0.79,0.59,0.63,,,,,,7478,0,367366,2142373,1835,0,70255,136,0,0,7707080,7125908,7034568,2108,146280
2018-05-15_21-46-06.379888843,1526413566.382441986,,2018-05-15_21-46-06.393751347,1526413566.396350850,0.79,0.59,0.63,,,,,,7479,0,367371,2142389,1835,0,70255,136,0,0,7707080,7126204,7034708,2108,146280
2018-05-15_21-46-06.435061692,1526413566.437612857,,2018-05-15_21-46-06.448868320,1526413566.451478824,0.79,0.59,0.63,,,,,,7480,0,367376,2142404,1835,0,70255,136,0,0,7707080,7126160,7034820,2108,146280
2018-05-15_21-46-06.490220709,1526413566.492815789,,2018-05-15_21-46-06.504145922,1526413566.506783723,0.79,0.59,0.63,,,,,,7482,0,367381,2142420,1835,0,70255,136,0,0,7707080,7125888,7034548,2108,146280
2018-05-15_21-46-06.545340562,1526413566.547944995,,2018-05-15_21-46-06.559249686,1526413566.561832952,0.79,0.59,0.63,,,,,,7484,0,367385,2142436,1835,0,70255,136,0,0,7707080,7125552,7034268,2108,146280
2018-05-15_21-46-06.600438709,1526413566.603011182,,2018-05-15_21-46-06.614308695,1526413566.616906998,0.79,0.59,0.63,,,,,,7485,0,367390,2142451,1835,0,70255,136,0,0,7707080,7125272,7033932,2108,146280
2018-05-15_21-46-06.655404822,1526413566.657967778,,2018-05-15_21-46-06.669113962,1526413566.671709390,0.79,0.59,0.63,,,,,,7487,0,367394,2142467,1835,0,70255,136,0,0,7707080,7125128,7033788,2108,146280
2018-05-15_21-46-06.710267620,1526413566.712840169,,2018-05-15_21-46-06.723943866,1526413566.726594718,0.79,0.59,0.63,,,,,,7488,0,367400,2142484,1835,0,70255,137,0,0,7707080,7125112,7033772,2108,146280
2018-05-15_21-46-06.770191155,1526413566.772749764,,2018-05-15_21-46-06.783994192,1526413566.786557619,0.79,0.59,0.63,,,,,,7490,0,367404,2142499,1835,0,70255,137,0,0,7707080,7125176,7033836,2108,146280
2018-05-15_21-46-06.825254388,1526413566.827821377,,2018-05-15_21-46-06.839057435,1526413566.841613878,0.79,0.59,0.63,,,,,,7491,0,367409,2142515,1835,0,70255,137,0,0,7707080,7125224,7034080,2108,146280
2018-05-15_21-46-06.880477569,1526413566.883015445,,2018-05-15_21-46-06.894685322,1526413566.897244759,0.79,0.59,0.63,,,,,,7493,0,367413,2142531,1835,0,70255,137,0,0,7707080,7126168,7034580,2108,146280
2018-05-15_21-46-06.935793261,1526413566.938339852,,2018-05-15_21-46-06.949668402,1526413566.952262885,0.79,0.59,0.63,,,,,,7495,0,367418,2142546,1835,0,70255,137,0,0,7707080,7126808,7035468,2108,146280
2018-05-15_21-46-06.990821146,1526413566.993350026,,2018-05-15_21-46-07.004657055,1526413567.007228763,0.79,0.59,0.63,,,,,,7496,0,367422,2142562,1835,0,70255,137,0,0,7707080,7126268,7035136,2108,146280
2018-05-15_21-46-07.045776551,1526413567.048274611,,2018-05-15_21-46-07.059537971,1526413567.062074891,0.79,0.59,0.63,,,,,,7498,0,367427,2142577,1835,0,70255,137,0,0,7707080,7126732,7035392,2108,146280
2018-05-15_21-46-07.100456058,1526413567.102937418,,2018-05-15_21-46-07.114490318,1526413567.117025659,0.79,0.59,0.63,,,,,,7499,0,367431,2142593,1835,0,70255,137,0,0,7707080,7125864,7034524,2108,146280
2018-05-15_21-46-07.155614884,1526413567.158089356,,2018-05-15_21-46-07.169632343,1526413567.172129134,0.79,0.59,0.63,,,,,,7501,0,367436,2142608,1835,0,70255,137,0,0,7707080,7125396,7034056,2108,146280
2018-05-15_21-46-07.210635189,1526413567.213101989,,2018-05-15_21-46-07.225940313,1526413567.228468754,0.79,0.59,0.63,,,,,,7503,0,367440,2142624,1835,0,70255,137,0,0,7707080,7125120,7033780,2108,146280
2018-05-15_21-46-07.266894594,1526413567.269389407,,2018-05-15_21-46-07.281116717,1526413567.283675063,0.79,0.59,0.63,,,,,,7504,0,367445,2142640,1835,0,70255,137,0,0,7707080,7125860,7034260,2108,146284
2018-05-15_21-46-07.322365738,1526413567.324881154,,2018-05-15_21-46-07.336349352,1526413567.338891068,0.79,0.59,0.63,,,,,,7505,0,367450,2142656,1835,0,70255,137,0,0,7707080,7125528,7034192,2108,146284
2018-05-15_21-46-07.377112854,1526413567.379610561,,2018-05-15_21-46-07.391113970,1526413567.393677468,0.79,0.59,0.63,,,,,,7507,0,367455,2142671,1835,0,70255,137,0,0,7707080,7125644,7034308,2108,146284
2018-05-15_21-46-07.431863081,1526413567.434385841,,2018-05-15_21-46-07.446398574,1526413567.448953035,0.79,0.59,0.63,,,,,,7508,0,367459,2142687,1835,0,70255,137,0,0,7707080,7125104,7033768,2108,146284
2018-05-15_21-46-07.486973966,1526413567.489451630,,2018-05-15_21-46-07.500919086,1526413567.503426390,0.79,0.59,0.63,,,,,,7510,0,367464,2142702,1835,0,70255,137,0,0,7707080,7125388,7034052,2108,146284
2018-05-15_21-46-07.541621609,1526413567.544091219,,2018-05-15_21-46-07.555628821,1526413567.558152079,0.79,0.59,0.63,,,,,,7511,0,367469,2142718,1835,0,70255,137,0,0,7707080,7125600,7034264,2108,146284
2018-05-15_21-46-07.599472485,1526413567.601987443,,2018-05-15_21-46-07.614060704,1526413567.616596372,0.79,0.59,0.63,,,,,,7513,0,367474,2142734,1835,0,70255,137,0,0,7707080,7125536,7034200,2108,146284
2018-05-15_21-46-07.654961278,1526413567.657542380,,2018-05-15_21-46-07.668910338,1526413567.671406888,0.79,0.59,0.63,,,,,,7514,0,367479,2142750,1835,0,70255,137,0,0,7707080,7125924,7034316,2108,146284
2018-05-15_21-46-07.709724942,1526413567.712204900,,2018-05-15_21-46-07.723938951,1526413567.726460835,0.79,0.59,0.63,,,,,,7515,0,367484,2142765,1835,0,70255,137,0,0,7707080,7125752,7034416,2108,146284
2018-05-15_21-46-07.764886580,1526413567.767395119,,2018-05-15_21-46-07.778783309,1526413567.781237135,0.79,0.59,0.63,,,,,,7516,0,367489,2142781,1835,0,70255,137,0,0,7707080,7126180,7034572,2108,146284
2018-05-15_21-46-07.819427176,1526413567.821949026,,2018-05-15_21-46-07.833361254,1526413567.835846535,0.79,0.59,0.63,,,,,,7517,0,367493,2142796,1835,0,70255,137,0,0,7707080,7125988,7034348,2108,146284
2018-05-15_21-46-07.874109403,1526413567.876630298,,2018-05-15_21-46-07.888079730,1526413567.890540296,0.79,0.59,0.63,,,,,,7519,0,367498,2142812,1835,0,70255,137,0,0,7707080,7125616,7034476,2108,146284
2018-05-15_21-46-07.928617167,1526413567.931116465,,2018-05-15_21-46-07.942528640,1526413567.945015051,0.79,0.59,0.63,,,,,,7520,0,367503,2142827,1835,0,70255,137,0,0,7707080,7125608,7034468,2108,146284
2018-05-15_21-46-07.982879003,1526413567.985377141,,2018-05-15_21-46-07.997002515,1526413567.999487035,0.79,0.59,0.63,,,,,,7521,0,367508,2142843,1835,0,70255,137,0,0,7707080,7126048,7034436,2108,146284
2018-05-15_21-46-08.038783641,1526413568.041399740,,2018-05-15_21-46-08.053536576,1526413568.056077104,0.79,0.59,0.63,,,,,,7523,0,367512,2142859,1835,0,70255,137,0,0,7707080,7126124,7034984,2108,146284
2018-05-15_21-46-08.094642211,1526413568.097179986,,2018-05-15_21-46-08.108815347,1526413568.111351818,0.79,0.59,0.63,,,,,,7525,0,367517,2142875,1835,0,70255,137,0,0,7707080,7125956,7034552,2108,146284
2018-05-15_21-46-08.149847125,1526413568.152484609,,2018-05-15_21-46-08.164145114,1526413568.166763405,0.79,0.59,0.63,,,,,,7526,0,367522,2142890,1835,0,70255,137,0,0,7707080,7126160,7035024,2108,146284
2018-05-15_21-46-08.205551272,1526413568.208110457,,2018-05-15_21-46-08.219448785,1526413568.221982591,0.79,0.59,0.63,,,,,,7527,0,367526,2142906,1835,0,70255,137,0,0,7707080,7126552,7035216,2108,146284
2018-05-15_21-46-08.260417231,1526413568.262991995,,2018-05-15_21-46-08.274609123,1526413568.277137191,0.79,0.59,0.63,,,,,,7529,0,367530,2142922,1835,0,70255,137,0,0,7707080,7126300,7034964,2108,146288
2018-05-15_21-46-08.315473632,1526413568.317997948,,2018-05-15_21-46-08.329186304,1526413568.331741868,0.79,0.59,0.63,,,,,,7531,0,367535,2142937,1835,0,70255,137,0,0,7707080,7126264,7034656,2108,146288
2018-05-15_21-46-08.370515869,1526413568.373071544,,2018-05-15_21-46-08.384516638,1526413568.387106033,0.79,0.59,0.63,,,,,,7532,0,367540,2142953,1835,0,70255,137,0,0,7707080,7126852,7034824,2108,146288
2018-05-15_21-46-08.425696186,1526413568.428251613,,2018-05-15_21-46-08.439990910,1526413568.442552976,0.79,0.59,0.63,,,,,,7534,0,367544,2142969,1835,0,70255,137,0,0,7707080,7126308,7034480,2108,146288
2018-05-15_21-46-08.483209242,1526413568.485774756,,2018-05-15_21-46-08.497753983,1526413568.500289573,0.79,0.59,0.63,,,,,,7535,0,367550,2142985,1835,0,70255,137,0,0,7707080,7125412,7034076,2108,146288
2018-05-15_21-46-08.538669965,1526413568.541185138,,2018-05-15_21-46-08.552955277,1526413568.555589872,0.79,0.59,0.63,,,,,,7536,0,367554,2143000,1835,0,70255,137,0,0,7707080,7125312,7034172,2108,146288
2018-05-15_21-46-08.594127592,1526413568.596651461,,2018-05-15_21-46-08.608313568,1526413568.610872879,0.79,0.59,0.63,,,,,,7538,0,367559,2143016,1835,0,70255,137,0,0,7707080,7125388,7034052,2108,146288
2018-05-15_21-46-08.649080159,1526413568.651607317,,2018-05-15_21-46-08.663361326,1526413568.665886279,0.79,0.59,0.63,,,,,,7540,0,367563,2143032,1835,0,70255,137,0,0,7707080,7125920,7034584,2108,146288
2018-05-15_21-46-08.703967406,1526413568.706467434,,2018-05-15_21-46-08.718162287,1526413568.720753058,0.79,0.59,0.63,,,,,,7541,0,367568,2143047,1835,0,70255,137,0,0,7707080,7125668,7034332,2108,146288
2018-05-15_21-46-08.758974482,1526413568.761469059,,2018-05-15_21-46-08.773071154,1526413568.775616847,0.79,0.59,0.63,,,,,,7542,0,367573,2143063,1835,0,70255,137,0,0,7707080,7125416,7034080,2108,146288
2018-05-15_21-46-08.813754610,1526413568.816256290,,2018-05-15_21-46-08.827959921,1526413568.830475460,0.79,0.59,0.63,,,,,,7544,0,367578,2143078,1835,0,70255,137,0,0,7707080,7124992,7033852,2108,146288
2018-05-15_21-46-08.868616028,1526413568.871101017,,2018-05-15_21-46-08.882734105,1526413568.885258601,0.79,0.59,0.63,,,,,,7545,0,367583,2143094,1835,0,70255,137,0,0,7707080,7125732,7034396,2108,146288
2018-05-15_21-46-08.923687847,1526413568.926211392,,2018-05-15_21-46-08.937746454,1526413568.940257928,0.79,0.59,0.63,,,,,,7547,0,367588,2143109,1835,0,70255,137,0,0,7707080,7125368,7034032,2108,146288
2018-05-15_21-46-08.978327557,1526413568.980849021,,2018-05-15_21-46-08.992362203,1526413568.994900361,0.79,0.59,0.63,,,,,,7548,0,367593,2143125,1835,0,70255,137,0,0,7707080,7125356,7034020,2108,146288
2018-05-15_21-46-09.033231427,1526413569.035758016,,2018-05-15_21-46-09.047317902,1526413569.050019847,0.79,0.59,0.63,,,,,,7549,0,367598,2143141,1835,0,70255,137,0,0,7707080,7125600,7034264,2108,146288
2018-05-15_21-46-09.088367288,1526413569.090963656,,2018-05-15_21-46-09.102645616,1526413569.105183783,0.79,0.59,0.63,,,,,,7551,0,367602,2143156,1835,0,70255,137,0,0,7707080,7126372,7035036,2108,146288
2018-05-15_21-46-09.144020958,1526413569.146619301,,2018-05-15_21-46-09.158425319,1526413569.161041122,0.79,0.59,0.63,,,,,,7553,0,367605,2143172,1835,0,70255,137,0,0,7707080,7126432,7035096,2108,146288
2018-05-15_21-46-09.199642363,1526413569.202219745,,2018-05-15_21-46-09.213317317,1526413569.215896721,0.79,0.59,0.63,,,,,,7555,0,367610,2143188,1835,0,70255,137,0,0,7707080,7126148,7034744,2108,146288
2018-05-15_21-46-09.254888951,1526413569.257483267,,2018-05-15_21-46-09.268672897,1526413569.271203860,0.79,0.59,0.63,,,,,,7557,0,367614,2143203,1835,0,70255,137,0,0,7707080,7126500,7035164,2108,146292
2018-05-15_21-46-09.309796637,1526413569.312339695,,2018-05-15_21-46-09.323600730,1526413569.326135177,0.79,0.59,0.63,,,,,,7558,0,367620,2143219,1835,0,70255,137,0,0,7707080,7126228,7034896,2108,146292
2018-05-15_21-46-09.364371467,1526413569.366910018,,2018-05-15_21-46-09.378080757,1526413569.380656425,0.79,0.59,0.63,,,,,,7559,0,367625,2143234,1835,0,70255,137,0,0,7707080,7125964,7034632,2108,146292
2018-05-15_21-46-09.419356056,1526413569.421923088,,2018-05-15_21-46-09.433087774,1526413569.435663921,0.79,0.59,0.63,,,,,,7560,0,367630,2143250,1835,0,70255,137,0,0,7707080,7126216,7034628,2108,146292
2018-05-15_21-46-09.474403458,1526413569.476984117,,2018-05-15_21-46-09.488258103,1526413569.490916912,0.79,0.59,0.63,,,,,,7561,0,367636,2143265,1835,0,70255,137,0,0,7707080,7125604,7034272,2108,146292
2018-05-15_21-46-09.529358763,1526413569.531919547,,2018-05-15_21-46-09.543132068,1526413569.545702568,0.79,0.59,0.63,,,,,,7563,0,367640,2143281,1835,0,70255,137,0,0,7707080,7125908,7034576,2108,146292
2018-05-15_21-46-09.584146647,1526413569.586690938,,2018-05-15_21-46-09.597873273,1526413569.600427985,0.79,0.59,0.63,,,,,,7564,0,367645,2143296,1835,0,70255,137,0,0,7707080,7125456,7034272,2108,146292
2018-05-15_21-46-09.638850378,1526413569.641400830,,2018-05-15_21-46-09.652602708,1526413569.655121824,0.79,0.59,0.63,,,,,,7566,0,367649,2143312,1835,0,70255,137,0,0,7707080,7125436,7034104,2108,146292
2018-05-15_21-46-09.693795219,1526413569.696341952,,2018-05-15_21-46-09.707515452,1526413569.710070414,0.79,0.59,0.63,,,,,,7567,0,367654,2143327,1835,0,70255,137,0,0,7707080,7125552,7034120,2108,146292
2018-05-15_21-46-09.752564387,1526413569.755095866,,2018-05-15_21-46-09.766367189,1526413569.768918653,0.79,0.59,0.63,,,,,,7568,0,367659,2143344,1835,0,70255,137,0,0,7707080,7125212,7033880,2108,146292
2018-05-15_21-46-09.807994246,1526413569.810565107,,2018-05-15_21-46-09.821888018,1526413569.824450015,0.79,0.59,0.63,,,,,,7570,0,367664,2143360,1835,0,70255,137,0,0,7707080,7125356,7034024,2108,146292
2018-05-15_21-46-09.862875899,1526413569.865410802,,2018-05-15_21-46-09.876526786,1526413569.879082911,0.79,0.59,0.63,,,,,,7571,0,367669,2143375,1835,0,70255,137,0,0,7707080,7125336,7034004,2108,146292
2018-05-15_21-46-09.917570363,1526413569.920118827,,2018-05-15_21-46-09.931363097,1526413569.933931574,0.79,0.59,0.63,,,,,,7572,0,367674,2143391,1835,0,70255,137,0,0,7707080,7125108,7033776,2108,146292
2018-05-15_21-46-09.972546147,1526413569.975107254,,2018-05-15_21-46-09.986289401,1526413569.988863752,0.73,0.58,0.62,,,,,,7574,0,367679,2143406,1835,0,70255,137,0,0,7707080,7125340,7034008,2108,146292
2018-05-15_21-46-10.027214635,1526413570.029768172,,2018-05-15_21-46-10.040871719,1526413570.043423523,0.73,0.58,0.62,,,,,,7576,0,367683,2143422,1835,0,70255,137,0,0,7707080,7125156,7034168,2108,146292
2018-05-15_21-46-10.084766757,1526413570.087357893,,2018-05-15_21-46-10.100084573,1526413570.102631822,0.73,0.58,0.62,,,,,,7577,0,367688,2143438,1835,0,70255,137,0,0,7707080,7125104,7033968,2108,146292
2018-05-15_21-46-10.141256050,1526413570.143885361,,2018-05-15_21-46-10.154983419,1526413570.157542347,0.73,0.58,0.62,,,,,,7579,0,367693,2143454,1835,0,70255,137,0,0,7707080,7125304,7033972,2108,146292
2018-05-15_21-46-10.196165638,1526413570.198734094,,2018-05-15_21-46-10.209837957,1526413570.212370844,0.73,0.58,0.62,,,,,,7580,0,367697,2143469,1835,0,70255,137,0,0,7707080,7125012,7033880,2108,146292
2018-05-15_21-46-10.251122110,1526413570.253697274,,2018-05-15_21-46-10.264958448,1526413570.267542520,0.73,0.58,0.62,,,,,,7582,0,367701,2143485,1835,0,70255,137,0,0,7707080,7125516,7034184,2108,146292
2018-05-15_21-46-10.306204318,1526413570.308798230,,2018-05-15_21-46-10.319981305,1526413570.322591221,0.73,0.58,0.62,,,,,,7584,0,367706,2143500,1835,0,70255,137,0,0,7707080,7126072,7034740,2108,146296
2018-05-15_21-46-10.361364202,1526413570.363908012,,2018-05-15_21-46-10.375626573,1526413570.378166982,0.73,0.58,0.62,,,,,,7586,0,367711,2143516,1835,0,70255,137,0,0,7707080,7126272,7034716,2108,146296
2018-05-15_21-46-10.416706939,1526413570.419224632,,2018-05-15_21-46-10.430860813,1526413570.433441100,0.73,0.58,0.62,,,,,,7587,0,367716,2143532,1835,0,70255,137,0,0,7707080,7126680,7035092,2108,146296
2018-05-15_21-46-10.472027803,1526413570.474563751,,2018-05-15_21-46-10.486156961,1526413570.488731029,0.73,0.58,0.62,,,,,,7589,0,367720,2143548,1835,0,70255,137,0,0,7707080,7126796,7035264,2108,146296
2018-05-15_21-46-10.527178831,1526413570.529727356,,2018-05-15_21-46-10.541266582,1526413570.543865030,0.73,0.58,0.62,,,,,,7590,0,367725,2143563,1835,0,70255,137,0,0,7707080,7126432,7035100,2108,146296
2018-05-15_21-46-10.582314920,1526413570.584847881,,2018-05-15_21-46-10.595914829,1526413570.598478692,0.73,0.58,0.62,,,,,,7591,0,367730,2143579,1835,0,70255,137,0,0,7707080,7126388,7035056,2108,146296
2018-05-15_21-46-10.639379127,1526413570.641942190,,2018-05-15_21-46-10.653528907,1526413570.656091488,0.73,0.58,0.62,,,,,,7593,0,367735,2143595,1835,0,70255,137,0,0,7707080,7126592,7035036,2108,146296
2018-05-15_21-46-10.694588219,1526413570.697056155,,2018-05-15_21-46-10.708257035,1526413570.710828833,0.73,0.58,0.62,,,,,,7594,0,367740,2143610,1835,0,70255,137,0,0,7707080,7126228,7035092,2108,146296
2018-05-15_21-46-10.749808553,1526413570.752344454,,2018-05-15_21-46-10.763440910,1526413570.766002118,0.73,0.58,0.62,,,,,,7596,0,367746,2143626,1835,0,70256,137,0,0,7707080,7126548,7035216,2108,146296
2018-05-15_21-46-10.808454365,1526413570.811000820,,2018-05-15_21-46-10.822703736,1526413570.825289974,0.73,0.58,0.62,,,,,,7598,0,367750,2143642,1835,0,70256,137,0,0,7707080,7126564,7034992,2108,146296
2018-05-15_21-46-10.863960711,1526413570.866518690,,2018-05-15_21-46-10.878153407,1526413570.880775952,0.73,0.58,0.62,,,,,,7599,0,367755,2143658,1835,0,70256,137,0,0,7707080,7126856,7035300,2108,146296
2018-05-15_21-46-10.919377906,1526413570.921943607,,2018-05-15_21-46-10.933607185,1526413570.936193495,0.73,0.58,0.62,,,,,,7601,0,367759,2143674,1835,0,70256,137,0,0,7707080,7126492,7035356,2108,146296
2018-05-15_21-46-10.974604313,1526413570.977135026,,2018-05-15_21-46-10.988701107,1526413570.991283119,0.73,0.58,0.62,,,,,,7603,0,367764,2143689,1835,0,70256,137,0,0,7707080,7126860,7035304,2108,146296
2018-05-15_21-46-11.029828735,1526413571.032400687,,2018-05-15_21-46-11.043944303,1526413571.046549559,0.73,0.58,0.62,,,,,,7604,0,367769,2143705,1835,0,70256,137,0,0,7707080,7126524,7034920,2108,146296
2018-05-15_21-46-11.085012548,1526413571.087604175,,2018-05-15_21-46-11.099180936,1526413571.101761285,0.73,0.58,0.62,,,,,,7606,0,367774,2143721,1835,0,70256,137,0,0,7707080,7126484,7034928,2108,146296
2018-05-15_21-46-11.147266374,1526413571.149899690,,2018-05-15_21-46-11.161572255,1526413571.164132335,0.73,0.58,0.62,,,,,,7608,0,367781,2143736,1835,0,70256,137,0,0,7707080,7125712,7034296,2108,146296
2018-05-15_21-46-11.203388422,1526413571.205972473,,2018-05-15_21-46-11.217612076,1526413571.220176057,0.73,0.58,0.62,,,,,,7609,0,367786,2143752,1835,0,70256,137,0,0,7707080,7126428,7035012,2108,146296
2018-05-15_21-46-11.259209020,1526413571.261796532,,2018-05-15_21-46-11.273340240,1526413571.275949291,0.73,0.58,0.62,,,,,,7611,0,367791,2143768,1835,0,70256,137,0,0,7707080,7125984,7034640,2108,146300
2018-05-15_21-46-11.314827899,1526413571.317390988,,2018-05-15_21-46-11.328987362,1526413571.331580965,0.73,0.58,0.62,,,,,,7612,0,367795,2143783,1835,0,70256,137,0,0,7707080,7126544,7035000,2108,146300
2018-05-15_21-46-11.370035913,1526413571.372628655,,2018-05-15_21-46-11.384586184,1526413571.387110732,0.73,0.58,0.62,,,,,,7613,0,367801,2143799,1835,0,70256,137,0,0,7707080,7125924,7034596,2108,146300
2018-05-15_21-46-11.425804386,1526413571.428367963,,2018-05-15_21-46-11.440167862,1526413571.442762100,0.73,0.58,0.62,,,,,,7614,0,367805,2143815,1835,0,70256,137,0,0,7707080,7126580,7035252,2108,146300
2018-05-15_21-46-11.481841675,1526413571.484402297,,2018-05-15_21-46-11.496213525,1526413571.498786654,0.73,0.58,0.62,,,,,,7616,0,367810,2143831,1835,0,70256,137,0,0,7707080,7126432,7034888,2108,146300
2018-05-15_21-46-11.537412280,1526413571.539966342,,2018-05-15_21-46-11.551616475,1526413571.554127976,0.73,0.58,0.62,,,,,,7617,0,367815,2143847,1835,0,70256,137,0,0,7707080,7126504,7034920,2108,146300
2018-05-15_21-46-11.592941401,1526413571.595541363,,2018-05-15_21-46-11.607484414,1526413571.610076938,0.73,0.58,0.62,,,,,,7619,0,367819,2143862,1835,0,70256,137,0,0,7707080,7126036,7034708,2108,146300
2018-05-15_21-46-11.648848140,1526413571.651387450,,2018-05-15_21-46-11.662987974,1526413571.665605829,0.73,0.58,0.62,,,,,,7621,0,367824,2143878,1835,0,70256,137,0,0,7707080,7125916,7034332,2108,146300
2018-05-15_21-46-11.708271259,1526413571.710891322,,2018-05-15_21-46-11.722975118,1526413571.725558016,0.73,0.58,0.62,,,,,,7623,0,367829,2143894,1835,0,70256,137,0,0,7707080,7125796,7034468,2108,146300
2018-05-15_21-46-11.764718647,1526413571.767269077,,2018-05-15_21-46-11.781891780,1526413571.784556972,0.73,0.58,0.62,,,,,,7624,0,367833,2143911,1835,0,70256,138,0,0,7707080,7125652,7034280,2108,146300
2018-05-15_21-46-11.823948662,1526413571.826551203,,2018-05-15_21-46-11.838625528,1526413571.841154324,0.73,0.58,0.62,,,,,,7626,0,367838,2143927,1835,0,70256,138,0,0,7707080,7125772,7034180,2108,146300
2018-05-15_21-46-11.879889475,1526413571.882450610,,2018-05-15_21-46-11.893993985,1526413571.896585025,0.73,0.58,0.62,,,,,,7628,0,367842,2143943,1835,0,70256,138,0,0,7707080,7125520,7033996,2108,146300
2018-05-15_21-46-11.935278281,1526413571.937846772,,2018-05-15_21-46-11.949313266,1526413571.951885751,0.73,0.58,0.62,,,,,,7630,0,367847,2143958,1835,0,70256,138,0,0,7707080,7125300,7033972,2108,146300
2018-05-15_21-46-11.990539471,1526413571.993105441,,2018-05-15_21-46-12.005039824,1526413572.007645832,0.73,0.58,0.62,,,,,,7632,0,367851,2143974,1835,0,70256,138,0,0,7707080,7125692,7034364,2108,146300
