StartTime,StartEpoch,BW,EndTime,EndEpoch,CPULoad1m,CPULoad5m,CPULoad5m,NetDevRX,NetDevTX,IRQ0,IRQ1,IRQ2,IRQ3,user,nice,system,idle,iowait,irq,softirq,steal,guest,guest_nice,MemTotal,MemFree,MemAvailable,Buffers,Cached
2018-05-16_08-55-42.379326325,1526453742.382532661,16388343373,2018-05-16_08-56-12.429122583,1526453772.431904304,0.31,0.39,0.58,33880753236,35955573099512,230392838,116254835,117750770,118878227,93810,8,921952,17292471,1865,0,160019,21544,0,0,7707080,7111272,7025192,2108,158548
2018-05-16_08-56-12.477947468,1526453772.480564422,22496402416,2018-05-16_08-56-42.532230002,1526453802.535059208,0.53,0.44,0.59,33989081262,36040418511744,230692175,116254835,117750770,120269243,93838,8,923890,17301342,1865,0,160240,21545,0,0,7707080,7111164,7025280,2108,158548
2018-05-16_08-56-42.581336874,1526453802.583912157,22385518213,2018-05-16_08-57-12.633166735,1526453832.635838531,0.78,0.51,0.61,34092787788,36124844874624,230990585,116254835,118950897,120269243,93866,8,925734,17310330,1865,0,160410,21545,0,0,7707080,7110940,7025252,2108,158548
2018-05-16_08-57-12.691366209,1526453832.693923113,22067820633,2018-05-16_08-57-42.745586571,1526453862.748529547,0.81,0.54,0.62,34178933874,36208076570682,231287307,117491307,118950897,120269245,93903,8,927588,17319252,1865,0,160587,21545,0,0,7707080,7098480,7012404,2108,158556
2018-05-16_08-57-42.800747926,1526453862.803419954,15242394670,2018-05-16_08-58-12.860422938,1526453892.863439457,0.88,0.58,0.63,34278282060,36265581614074,232726764,117491309,118950899,120269247,93934,8,929588,17328281,1865,0,161553,21546,0,0,7707080,7097944,7011800,2108,158556
2018-05-16_08-58-12.915112634,1526453892.917910222,22380985067,2018-05-16_08-58-42.964431584,1526453922.967144034,0.95,0.62,0.64,34384622706,36349992434210,233026553,117491317,120289912,120269250,93974,8,931529,17337145,1865,0,161754,21546,0,0,7707080,7098528,7012436,2108,158560
2018-05-16_08-58-43.016104809,1526453923.018735789,22409056741,2018-05-16_08-59-13.071875381,1526453953.074562547,1.05,0.68,0.66,34487726412,36434509909084,233328279,117491318,120289919,121482334,94014,8,933314,17346055,1865,0,161937,21546,0,0,7707080,7097588,7011688,2108,158564
2018-05-16_08-59-13.134989446,1526453953.137819388,15260784288,2018-05-16_08-59-43.201275776,1526453983.204238096,1.16,0.74,0.68,34583960358,36492087341870,234838442,117491321,120289925,121482336,94046,8,935253,17355083,1865,0,162961,21546,0,0,7707080,7097868,7011484,2108,158564
2018-05-16_08-59-43.250527081,1526453983.253166370,22340714534,2018-05-16_09-00-13.306798137,1526454013.309655109,0.85,0.71,0.67,34692666984,36576346186624,235138293,118830444,120289931,121482338,94086,8,937241,17363813,1865,0,163199,21547,0,0,7707080,7097692,7011720,2108,158576
2018-05-16_09-00-13.360992375,1526454013.363884608,22238661858,2018-05-16_09-00-43.413055468,1526454043.416006175,0.65,0.67,0.66,34779476370,36660222736496,235435565,118830444,120289938,122756786,94113,8,938991,17372810,1865,0,163432,21547,0,0,7707080,7111128,7025224,2108,158568
2018-05-16_09-00-43.465075717,1526454043.467916442,22339718022,2018-05-16_09-01-13.514061540,1526454073.516769377,0.73,0.69,0.67,34880778156,36744475771260,235735323,118830444,121488008,122756786,94141,8,940719,17381799,1865,0,163636,21547,0,0,7707080,7110384,7024488,2108,158568
2018-05-16_09-01-13.563612051,1526454073.566163453,22447707411,2018-05-16_09-01-43.612840928,1526454103.615541677,0.65,0.67,0.66,34981602462,36829136632284,236033748,120001436,121488008,122756786,94168,8,942512,17390775,1865,0,163849,21548,0,0,7707080,7110632,7024472,2108,158568
2018-05-16_09-01-43.661366051,1526454103.663981523,15258741004,2018-05-16_09-02-13.725433972,1526454133.728490870,0.85,0.72,0.68,35081217228,36886691759948,237459083,120001436,121488008,122756786,94191,8,944527,17399801,1865,0,164805,21548,0,0,7707080,7111004,7024596,2108,158568
2018-05-16_09-02-13.776370677,1526454133.779034233,22297330695,2018-05-16_09-02-43.838540167,1526454163.841848633,0.77,0.71,0.68,35167713714,36970784884864,237756128,120001436,122760618,122756786,94222,8,946310,17408811,1865,0,165020,21549,0,0,7707080,7110844,7024948,2108,158568
2018-05-16_09-02-43.900130072,1526454163.903040210,22145132140,2018-05-16_09-03-13.953320494,1526454193.956339377,0.80,0.72,0.69,35253656520,37054306850950,238053147,120001436,122760618,124015674,94264,8,948101,17417786,1865,0,165246,21549,0,0,7707080,7109984,7023892,2108,158572
2018-05-16_09-03-14.005958070,1526454194.008566995,15388364444,2018-05-16_09-03-44.056311266,1526454224.059111549,0.88,0.75,0.69,35354260446,37112351069242,239489732,120001436,122760618,124015674,94294,8,950037,17426810,1865,0,166277,21550,0,0,7707080,7111236,7024856,2108,158572
2018-05-16_09-03-44.107006606,1526454224.109655938,22500148377,2018-05-16_09-04-14.156373062,1526454254.159248885,0.92,0.77,0.70,35462900892,37197210212106,239791522,121352857,122760618,124015674,94321,8,951995,17435584,1865,0,166499,21550,0,0,7707080,7111396,7025304,2108,158572
2018-05-16_09-04-14.206780408,1526454254.209447449,22270173862,2018-05-16_09-04-44.262467875,1526454284.265218078,0.88,0.78,0.71,35607283098,37281206175304,240087746,121352857,122760618,125502713,94348,8,954017,17444239,1865,0,166746,21551,0,0,7707080,7111760,7025388,2108,158572
2018-05-16_09-04-44.321142170,1526454284.323741607,22362103569,2018-05-16_09-05-14.379332390,1526454314.382780651,0.87,0.78,0.71,35756516244,37365543963430,240387107,121352857,124270395,125502713,94385,8,956045,17452870,1865,0,166996,21551,0,0,7707080,7111880,7025456,2108,158572
2018-05-16_09-05-14.448019933,1526454314.450654582,22123678318,2018-05-16_09-05-44.505615784,1526454344.509444390,0.86,0.79,0.71,35868526530,37448982758792,240685351,122854811,124270401,125502713,94428,8,958100,17461484,1865,0,167294,21551,0,0,7707080,7097860,7011772,2108,158584
2018-05-16_09-05-44.563448124,1526454344.566454624,15716276857,2018-05-16_09-06-14.622659688,1526454374.625443190,0.98,0.83,0.73,35969528136,37508271725518,242029334,122854814,124270406,125502713,94455,8,959915,17470510,1865,0,168449,21552,0,0,7707080,7097448,7011708,2108,158584
2018-05-16_09-06-14.673636711,1526454374.676447501,22154231665,2018-05-16_09-06-44.730714202,1526454404.733357117,0.92,0.83,0.73,36110635122,37591830991584,242326699,122854817,125659261,125502713,94489,8,961766,17479207,1865,0,168735,21552,0,0,7707080,7097780,7011892,2108,158584
2018-05-16_09-06-44.796203348,1526454404.798964864,22256550194,2018-05-16_09-07-14.846994709,1526454434.849690849,0.88,0.83,0.73,36256713348,37675774650764,242625865,122854826,125659270,127042474,94521,8,963771,17487806,1865,0,169025,21553,0,0,7707080,7097756,7011872,2108,158588
2018-05-16_09-07-14.906661595,1526454434.917400315,15820913371,2018-05-16_09-07-44.975225702,1526454464.978610943,1.13,0.89,0.76,36362356974,37735451178526,243970055,122854827,125659280,127042474,94554,8,965662,17496837,1865,0,170091,21554,0,0,7707080,7098088,7012008,2108,158588
2018-05-16_09-07-45.032876218,1526454465.035757127,22135279389,2018-05-16_09-08-15.085033751,1526454495.087908210,1.08,0.90,0.77,36505639620,37818939416570,244269390,124295490,125659287,127042476,94598,8,967580,17505378,1865,0,170431,21555,0,0,7707080,7096784,7010704,2108,158592
2018-05-16_09-08-15.136813505,1526454495.139360110,22303101524,2018-05-16_09-08-45.183844252,1526454525.186774813,0.99,0.90,0.77,36617607426,37903054297858,244567650,124295490,125659297,128600442,94626,8,969456,17514148,1865,0,170737,21555,0,0,7707080,7110668,7024708,2108,158588
2018-05-16_09-08-45.233867130,1526454525.237015633,22208344969,2018-05-16_09-09-15.285827818,1526454555.288660978,0.93,0.89,0.77,36761851152,37986813925636,244865590,124295490,127141066,128600442,94657,8,971445,17522784,1865,0,171049,21555,0,0,7707080,7111056,7024976,2108,158588
2018-05-16_09-09-15.334876237,1526454555.337453034,22381938776,2018-05-16_09-09-45.388827512,1526454585.391623901,0.95,0.90,0.78,36873929658,38071230524442,245163156,125807425,127141066,128600442,94686,8,973346,17531531,1865,0,171289,21555,0,0,7707080,7110908,7024928,2108,158588
2018-05-16_09-09-45.448972579,1526454585.451691940,15831830866,2018-05-16_09-10-15.513343323,1526454615.516092331,0.97,0.91,0.79,36978465744,38130962028422,246512985,125807425,127141066,128600442,94725,8,975413,17540552,1865,0,172193,21557,0,0,7707080,7110860,7024700,2108,158592
2018-05-16_09-10-15.593198577,1526454615.596294538,22256654518,2018-05-16_09-10-45.645642318,1526454645.648289841,0.92,0.90,0.79,37064954070,38214902901664,246809826,125807425,128412233,128600442,94754,8,977315,17549545,1865,0,172341,21557,0,0,7707080,7110676,7024796,2108,158596
2018-05-16_09-10-45.697589267,1526454645.700744744,22396485927,2018-05-16_09-11-15.750065934,1526454675.753124473,0.97,0.91,0.79,37167343896,38299371856652,247110138,125807425,128412233,129849137,94779,8,979227,17558532,1865,0,172444,21558,0,0,7707080,7111056,7024980,2108,158596
2018-05-16_09-11-15.804277472,1526454675.806989826,15088605230,2018-05-16_09-11-45.862749550,1526454705.865451200,0.98,0.92,0.80,37266425802,38356296066146,248560350,125807425,128412233,129849137,94802,8,981271,17567560,1865,0,173371,21558,0,0,7707080,7111340,7025024,2108,158596
2018-05-16_09-11-45.913181750,1526454705.916015099,22325301742,2018-05-16_09-12-15.962855987,1526454735.965739060,0.79,0.88,0.79,37351592208,38440496762170,248858731,127036017,128412233,129849137,94831,8,982971,17576564,1865,0,173486,21559,0,0,7707080,7110656,7024580,2108,158596
2018-05-16_09-12-16.012705163,1526454736.015317409,22446468597,2018-05-16_09-12-46.064470821,1526454766.067275916,0.75,0.86,0.78,37453055574,38525154736046,249158732,127036017,128412233,131043337,94878,8,984750,17585537,1865,0,173671,21559,0,0,7707080,7110364,7024292,2108,158600
2018-05-16_09-12-46.121730543,1526454766.124833233,22320676163,2018-05-16_09-13-16.176863369,1526454796.179641179,0.52,0.80,0.76,37538931420,38609338806514,249455462,127036017,129675988,131043337,94905,8,986422,17594609,1865,0,173872,21559,0,0,7707080,7111344,7024980,2108,158600
2018-05-16_09-13-16.249635025,1526454796.252685863,22145880908,2018-05-16_09-13-46.304155522,1526454826.307487057,0.57,0.78,0.76,37625665806,38692863939820,249752967,128279188,129675995,131043337,94946,8,988251,17603517,1865,0,174093,21560,0,0,7707080,7099680,7013608,2108,158608
2018-05-16_09-13-46.361622535,1526454826.364440765,15129086269,2018-05-16_09-14-16.420216950,1526454856.423088401,0.74,0.80,0.77,37722801552,38749933939688,251206150,128279190,129676000,131043337,94976,8,990251,17612545,1865,0,175056,21560,0,0,7707080,7099568,7013692,2108,158608
2018-05-16_09-14-16.474891959,1526454856.477741412,22275364370,2018-05-16_09-14-46.526349534,1526454886.529127052,0.69,0.79,0.77,37868135838,38833947865460,251506295,128279196,131195357,131043337,95011,8,992329,17621133,1865,0,175315,21561,0,0,7707080,7098100,7011936,2108,158612
2018-05-16_09-14-46.575870539,1526454886.578478959,22390259370,2018-05-16_09-15-16.623735172,1526454916.626629955,0.74,0.79,0.77,38013611484,38918390985130,251806722,128279200,131195373,132571449,95047,8,994316,17629764,1865,0,175551,21563,0,0,7707080,7097824,7011904,2108,158612
2018-05-16_09-15-16.671333216,1526454916.673949651,15887941926,2018-05-16_09-15-46.733228647,1526454946.737812955,0.97,0.84,0.79,38111084250,38978324198586,253220440,128279202,131195381,132571449,95089,8,996284,17638791,1865,0,176533,21563,0,0,7707080,7097852,7011484,2108,158612
2018-05-16_09-15-46.786393921,1526454946.788981254,22357978783,2018-05-16_09-16-16.840033728,1526454976.843928151,0.89,0.84,0.79,38257070256,39062645901266,253518976,129767158,131195393,132571449,95126,8,998293,17647352,1865,0,176783,21563,0,0,7707080,7098384,7011996,2108,158616
2018-05-16_09-16-16.893093841,1526454976.895825229,22179486293,2018-05-16_09-16-46.952468841,1526455006.955256012,0.74,0.81,0.78,38400354042,39146300469202,253816004,129767159,131195402,134031456,95171,8,1000219,17655998,1865,0,177061,21564,0,0,7707080,7110408,7024324,2108,158612
2018-05-16_09-16-47.005439074,1526455007.008513141,22310355962,2018-05-16_09-17-17.056252778,1526455037.059008356,0.77,0.81,0.78,38547274788,39230443432122,254115680,129767159,132728731,134031456,95200,8,1002328,17664622,1865,0,177312,21564,0,0,7707080,7110540,7024396,2108,158612
2018-05-16_09-17-17.105414090,1526455037.107999824,22294248786,2018-05-16_09-17-47.153948411,1526455067.156693515,0.79,0.81,0.78,38659216794,39314527989514,254413603,131276203,132728731,134031456,95230,8,1004230,17673348,1865,0,177583,21564,0,0,7707080,7110636,7024552,2108,158612
2018-05-16_09-17-47.202065236,1526455067.204710164,15859623577,2018-05-16_09-18-17.253716757,1526455097.256592330,0.88,0.83,0.78,38757175980,39374346898428,255858122,131276203,132728731,134031456,95277,8,1006182,17682373,1865,0,178574,21566,0,0,7707080,7111332,7025104,2108,158616
2018-05-16_09-18-17.301866446,1526455097.304749901,22457466425,2018-05-16_09-18-47.362169103,1526455127.366033677,0.92,0.85,0.79,38869379106,39459045855422,256156679,131276203,134288882,134031456,95311,8,1007975,17691191,1865,0,178808,21566,0,0,7707080,7110596,7024712,2108,158616
2018-05-16_09-18-47.413295335,1526455127.415997601,22350346252,2018-05-16_09-19-17.466859419,1526455157.470628056,0.83,0.83,0.79,39015041832,39543342505382,256454294,131276203,134288882,135534672,95341,8,1009953,17699862,1865,0,179073,21567,0,0,7707080,7110888,7024808,2108,158616
2018-05-16_09-19-17.517186901,1526455157.519748379,15913188160,2018-05-16_09-19-47.585352997,1526455187.588301914,0.97,0.86,0.80,39122295738,39603381285364,257823706,131276203,134288882,135534672,95384,8,1011995,17708892,1865,0,179978,21567,0,0,7707080,7110868,7024788,2108,158616
2018-05-16_09-19-47.638688957,1526455187.641516693,22265946170,2018-05-16_09-20-17.691449322,1526455217.694550575,0.88,0.85,0.79,39234696804,39687359469980,258121752,132779888,134288882,135534672,95427,8,1013928,17717561,1865,0,180222,21568,0,0,7707080,7110956,7024880,2108,158624
2018-05-16_09-20-17.743175853,1526455217.746089026,22288094660,2018-05-16_09-20-47.792429835,1526455247.795130190,0.92,0.86,0.80,39347884410,39771421624874,258420218,132779888,134288882,137113521,95473,8,1015900,17726276,1865,0,180494,21568,0,0,7707080,7110020,7024156,2108,158628
2018-05-16_09-20-47.839861165,1526455247.842516162,22354042098,2018-05-16_09-21-17.891366527,1526455277.894099702,0.75,0.83,0.79,39495851076,39855730811454,258719673,132779888,135843838,137113521,95504,8,1017840,17734897,1865,0,180826,21569,0,0,7707080,7110820,7024760,2108,158628
2018-05-16_09-21-17.938067221,1526455277.940789235,22225158907,2018-05-16_09-21-47.988650848,1526455307.991441739,0.73,0.81,0.78,39641251302,39939553973956,259017611,134244796,135843838,137113523,95544,8,1019732,17743466,1865,0,181158,21570,0,0,7707080,7097712,7011580,2108,158636
2018-05-16_09-21-48.036611528,1526455308.039227760,15719835914,2018-05-16_09-22-18.096276707,1526455338.099047294,0.96,0.86,0.80,39742526568,39998854671754,260372095,134244797,135843842,137113525,95561,8,1021202,17752490,1865,0,182664,21570,0,0,7707080,7097672,7011384,2108,158636
2018-05-16_09-22-18.152325384,1526455338.155045104,22140973423,2018-05-16_09-22-48.211991789,1526455368.214870053,0.98,0.87,0.80,39829889514,40082358953664,260667278,134244805,137123737,137113530,95594,8,1022842,17761511,1865,0,182983,21571,0,0,7707080,7097312,7011196,2108,158640
2018-05-16_09-22-48.266237344,1526455368.268842429,22404560776,2018-05-16_09-23-18.318108418,1526455398.321428053,0.92,0.87,0.81,39932130360,40166860728154,260967314,134244812,137123747,138343349,95623,8,1024673,17770438,1865,0,183252,21572,0,0,7707080,7096972,7010904,2108,158644
2018-05-16_09-23-18.367122724,1526455398.370006337,16771932436,2018-05-16_09-23-48.420166728,1526455428.423324697,1.21,0.95,0.83,40025181186,40230123193274,262306308,134244813,137123758,138343349,95649,8,1026678,17779463,1865,0,184211,21572,0,0,7707080,7097688,7011816,2108,158644
2018-05-16_09-23-48.470482937,1526455428.473064290,22194838802,2018-05-16_09-24-18.518005373,1526455458.520658708,1.00,0.92,0.83,40112871012,40313831290452,262604312,135502521,137123765,138343352,95681,8,1028443,17788392,1865,0,184388,21572,0,0,7707080,7097624,7011556,2108,158644
2018-05-16_09-24-18.564821577,1526455458.567514627,22382159123,2018-05-16_09-24-48.615053516,1526455488.617710104,0.80,0.88,0.82,40200103938,40398246703346,262901895,135502521,137123773,139624518,95707,8,1030118,17797442,1865,0,184556,21573,0,0,7707080,7110356,7024480,2108,158636
2018-05-16_09-24-48.663002351,1526455488.665626200,22325542946,2018-05-16_09-25-18.718629632,1526455518.721403583,0.66,0.84,0.81,40303257204,40482446867846,263200460,135502521,138318404,139624518,95742,8,1031921,17806403,1865,0,184757,21575,0,0,7707080,7110524,7024616,2108,158644
2018-05-16_09-25-18.768788645,1526455518.772879845,22553299308,2018-05-16_09-25-48.830357624,1526455548.833527097,0.68,0.83,0.80,40415085750,40567510174590,263500149,136874154,138318404,139624518,95770,8,1033861,17815207,1865,0,184968,21575,0,0,7707080,7110628,7024560,2108,158644
2018-05-16_09-25-48.881028828,1526455548.883647737,16904376285,2018-05-16_09-26-18.936577346,1526455578.939660536,0.89,0.86,0.81,40507359876,40631268318336,264820363,136874154,138318404,139624518,95804,8,1035841,17824233,1865,0,185944,21576,0,0,7707080,7110504,7024632,2108,158644
2018-05-16_09-26-18.987849264,1526455578.990708823,22318687730,2018-05-16_09-26-49.038565532,1526455609.041817838,0.93,0.87,0.82,40592009082,40715444353182,265117664,136874154,139561511,139624518,95834,8,1037591,17833265,1865,0,186148,21576,0,0,7707080,7110264,7024196,2108,158644
2018-05-16_09-26-49.088341460,1526455609.091012369,22304988352,2018-05-16_09-27-19.137775993,1526455639.140411094,0.80,0.85,0.82,40676692968,40799568860506,265416143,136874154,139561511,140866623,95864,8,1039111,17842341,1865,0,186272,21576,0,0,7707080,7110772,7024704,2108,158644
2018-05-16_09-27-19.186076643,1526455639.189004250,15315870143,2018-05-16_09-27-49.236243080,1526455669.238927572,0.93,0.88,0.83,40775396454,40857335180298,266888805,136874154,139561511,140866623,95893,8,1041102,17851367,1865,0,187243,21576,0,0,7707080,7110616,7024352,2108,158644
2018-05-16_09-27-49.286438260,1526455669.289049898,22510580678,2018-05-16_09-28-19.345030172,1526455699.348033758,0.91,0.88,0.83,40884386100,40942234790740,267190244,138229875,139561511,140866623,95920,8,1043013,17860150,1865,0,187494,21577,0,0,7707080,7110552,7024368,2108,158644
2018-05-16_09-28-19.406491555,1526455699.409182138,22427075360,2018-05-16_09-28-49.459021246,1526455729.461802638,0.81,0.86,0.82,40970565126,41026819987730,267488258,138229875,139561511,142137783,95947,8,1044674,17869206,1865,0,187694,21577,0,0,7707080,7111180,7025012,2108,158644
2018-05-16_09-28-49.515162354,1526455729.517839627,22352391804,2018-05-16_09-29-19.569728694,1526455759.572921747,0.88,0.87,0.83,41080147332,41111123251770,267789141,138229875,140898534,142137783,95992,8,1046622,17878006,1865,0,187941,21578,0,0,7707080,7110412,7024344,2108,158644
2018-05-16_09-29-19.620010694,1526455759.622784409,22315786107,2018-05-16_09-29-49.671154396,1526455789.673948373,0.88,0.87,0.83,41181413418,41195287310194,268089237,139398867,140898534,142137785,96025,8,1048445,17886901,1865,0,188167,21578,0,0,7707080,7097844,7011976,2108,158656
2018-05-16_09-29-49.724076455,1526455789.726753417,15283384808,2018-05-16_09-30-19.781155661,1526455819.783867090,1.04,0.91,0.85,41276450124,41252949384224,269632594,139398867,140898539,142137788,96065,8,1050371,17895915,1865,0,189205,21578,0,0,7707080,7097408,7011508,2108,158656
2018-05-16_09-30-19.831081083,1526455819.833734542,22304362822,2018-05-16_09-30-49.883597824,1526455849.886278360,1.09,0.94,0.86,41420596710,41337069662414,269930258,139398867,142381499,142137792,96100,8,1052347,17904556,1865,0,189483,21578,0,0,7707080,7097408,7011360,2108,158656
2018-05-16_09-30-49.936145850,1526455849.938710544,22346064941,2018-05-16_09-31-19.987197271,1526455879.993833428,1.06,0.94,0.86,41567820276,41421347213730,270229916,139398867,142381512,143661725,96134,8,1054333,17913166,1865,0,189747,21578,0,0,7707080,7097808,7011764,2108,158660
2018-05-16_09-31-20.047112723,1526455880.049749265,15780814353,2018-05-16_09-31-50.106256475,1526455910.108975661,1.03,0.95,0.87,41669440062,41480880322240,271595833,139398867,142381519,143661727,96157,8,1056327,17922199,1865,0,190721,21579,0,0,7707080,7098076,7012032,2108,158660
2018-05-16_09-31-50.178567802,1526455910.181179737,22290411800,2018-05-16_09-32-20.232988808,1526455940.235756968,0.88,0.92,0.86,41815503828,41564951197870,271895909,140905815,142381531,143661727,96190,8,1058394,17930713,1865,0,190977,21580,0,0,7707080,7097804,7011964,2108,158664
2018-05-16_09-32-20.291332698,1526455940.294130420,22182094250,2018-05-16_09-32-50.342794280,1526455970.345552834,0.87,0.91,0.86,41959688514,41648611304958,272193287,140905816,142381538,145143227,96217,8,1060356,17939361,1865,0,191249,21580,0,0,7707080,7110116,7024276,2108,158660
2018-05-16_09-32-50.394623159,1526455970.397156068,22337027885,2018-05-16_09-33-20.442735815,1526456000.445586224,0.92,0.92,0.86,42073844880,41732857476512,272492475,140905816,143960626,145143227,96243,8,1062249,17948096,1865,0,191515,21581,0,0,7707080,7110804,7024768,2108,158660
2018-05-16_09-33-20.496111470,1526456000.498835969,22341422251,2018-05-16_09-33-50.548445455,1526456030.551151834,0.95,0.93,0.87,42221565066,41817119601792,272791505,142419490,143960626,145143227,96292,8,1064292,17956633,1865,0,191778,21581,0,0,7707080,7110396,7024088,2108,158664
2018-05-16_09-33-50.601239537,1526456030.603889168,15788523725,2018-05-16_09-34-20.653270760,1526456060.656200401,0.97,0.94,0.87,42319224192,41876668668024,274223135,142419490,143960626,145143227,96315,8,1066221,17965659,1865,0,192818,21581,0,0,7707080,7110540,7024860,2108,158664
2018-05-16_09-34-20.712613308,1526456060.715243994,16439111572,2018-05-16_09-34-50.766127553,1526456090.768809018,0.79,0.89,0.86,42342594078,41938671419916,274344740,142419490,144512196,145143227,96333,8,1067304,17976011,1865,0,192864,21582,0,0,7707080,7110644,7024620,2108,158664
2018-05-16_09-34-50.847226323,1526456090.849932552,16444839363,2018-05-16_09-35-20.898534056,1526456120.901380643,0.70,0.86,0.85,42366035424,42000695797324,274469230,142419490,144512196,145691625,96354,8,1068391,17986354,1865,0,192905,21582,0,0,7707080,7110676,7024616,2108,158664
2018-05-16_09-35-20.954648388,1526456120.957304543,16472916269,2018-05-16_09-35-51.005634548,1526456151.008458090,0.48,0.79,0.83,42389605590,42062826427358,275085915,142419490,144512196,145691625,96372,8,1069459,17996707,1865,0,193119,21583,0,0,7707080,7110472,7024292,2108,158664
2018-05-16_09-35-51.058104352,1526456151.060740372,16383476265,2018-05-16_09-36-21.105303092,1526456181.108516038,0.43,0.75,0.81,42413766936,42124619724552,275212976,142968270,144512196,145691625,96389,8,1070489,18007014,1865,0,193166,21584,0,0,7707080,7110496,7024680,2108,158664
2018-05-16_09-36-21.157340487,1526456181.160234656,16439814573,2018-05-16_09-36-51.207104863,1526456211.209873299,0.52,0.74,0.81,42437197062,42186625027778,275337359,142968270,144512196,146244904,96408,8,1071574,18017380,1865,0,193208,21584,0,0,7707080,7111168,7024848,2108,158664
2018-05-16_09-36-51.255808312,1526456211.258416300,16392694706,2018-05-16_09-37-21.312971787,1526456241.315816919,0.49,0.72,0.80,42461245728,42248454367138,275463549,142968270,145070757,146244904,96426,8,1072632,18027721,1865,0,193253,21585,0,0,7707080,7110040,7024016,2108,158664
2018-05-16_09-37-21.376747373,1526456241.379561310,16400993494,2018-05-16_09-37-51.430172166,1526456271.433263775,0.50,0.70,0.79,42484689174,42310314878400,275586550,143511097,145070765,146244904,96467,8,1073767,18038006,1865,0,193319,21586,0,0,7707080,7098160,7012344,2108,158676
2018-05-16_09-37-51.482531223,1526456271.485354055,16415761940,2018-05-16_09-38-21.543768889,1526456301.547250559,0.56,0.69,0.78,42508354080,42372230212250,276203514,143511099,145070769,146244904,96492,8,1074918,18048330,1865,0,193497,21586,0,0,7707080,7098120,7011808,2108,158676
2018-05-16_09-38-21.601878013,1526456301.604836754,22323364724,2018-05-16_09-38-51.653061925,1526456331.655891180,0.66,0.71,0.78,42614592066,42456422499362,276504600,143511099,146436053,146244912,96533,8,1076809,18057152,1865,0,193749,21587,0,0,7707080,7097172,7011144,2108,158680
2018-05-16_09-38-51.703854694,1526456331.706465717,22474168040,2018-05-16_09-39-21.751269980,1526456361.754122155,0.84,0.74,0.79,42720530952,42541182918552,276806961,143511103,146436069,147608568,96570,8,1078571,18066048,1865,0,193965,21587,0,0,7707080,7097744,7011668,2108,158680
2018-05-16_09-39-21.800675860,1526456361.803368697,15475575619,2018-05-16_09-39-51.858968278,1526456391.861672897,0.90,0.76,0.79,42821463858,42599568701302,278267299,143511106,146436076,147608568,96594,8,1080546,18075075,1865,0,194957,21587,0,0,7707080,7097552,7011528,2108,158684
2018-05-16_09-39-51.908671836,1526456391.911235176,22231080239,2018-05-16_09-40-21.959314676,1526456421.962182936,0.82,0.75,0.79,42923666004,42683412308268,278565834,144683842,146436085,147608576,96634,8,1082426,18083926,1865,0,195178,21588,0,0,7707080,7097788,7011684,2108,158692
2018-05-16_09-40-22.015186362,1526456422.019061595,22235579958,2018-05-16_09-40-52.074200972,1526456452.077628625,0.75,0.74,0.78,43010635770,42767276852018,278861896,144683842,146436093,148881402,96671,8,1084151,18092964,1865,0,195379,21588,0,0,7707080,7110564,7024696,2108,158684
2018-05-16_09-40-52.132572156,1526456452.135831689,22204453190,2018-05-16_09-41-22.185460302,1526456482.188818032,0.71,0.74,0.78,43098535236,42851020390354,279157850,144683842,147715391,148881402,96697,8,1085893,18101976,1865,0,195605,21588,0,0,7707080,7110808,7024536,2108,158684
2018-05-16_09-41-22.241702213,1526456482.244534057,22479705232,2018-05-16_09-41-52.291166303,1526456512.294094331,0.68,0.73,0.77,43206916362,42935801356028,279458130,146058755,147715391,148881402,96728,8,1087800,18110773,1865,0,195826,21589,0,0,7707080,7110480,7024408,2108,158684
2018-05-16_09-41-52.342375010,1526456512.345105544,15246664514,2018-05-16_09-42-22.399300540,1526456542.402040757,1.03,0.80,0.80,43304512008,42993316957972,280888449,146058755,147715391,148881402,96755,8,1089771,18119801,1865,0,196821,21589,0,0,7707080,7110340,7024708,2108,158684
2018-05-16_09-42-22.450104122,1526456542.452718773,16509021440,2018-05-16_09-42-52.511883616,1526456572.514749583,1.10,0.84,0.81,43397959734,43055601284010,282208778,146058755,147715391,148881402,96793,8,1091794,18128799,1865,0,197783,21590,0,0,7707080,7109900,7023880,2108,158688
2018-05-16_09-42-52.576585370,1526456572.579200032,22262153283,2018-05-16_09-43-22.627671784,1526456602.631115636,0.86,0.81,0.80,43485945360,43139561916602,282504382,147329419,147715391,148881402,96818,8,1093500,18137802,1865,0,198003,21590,0,0,7707080,7110260,7024240,2108,158688
2018-05-16_09-43-22.703404797,1526456602.706385807,22478559746,2018-05-16_09-43-52.761812502,1526456632.765615984,0.86,0.81,0.80,43595180586,43224339052406,282803832,147329419,149078231,148881402,96848,8,1095387,18146667,1865,0,198235,21590,0,0,7707080,7110352,7024724,2108,158688
2018-05-16_09-43-52.818693761,1526456632.821754758,22222193975,2018-05-16_09-44-22.869967673,1526456662.872876253,0.79,0.80,0.79,43682783712,43308151016386,283101357,147329419,149078231,150155675,96877,8,1097089,18155643,1865,0,198438,21590,0,0,7707080,7110616,7024792,2108,158688
2018-05-16_09-44-22.921720805,1526456662.924421887,22268353603,2018-05-16_09-44-52.969680862,1526456692.972368660,0.89,0.82,0.80,43770454458,43392137369208,283398460,148595432,149078231,150155675,96904,8,1098826,18164598,1865,0,198658,21590,0,0,7707080,7110536,7024712,2108,158688
2018-05-16_09-44-53.020869276,1526456693.023462774,15052779147,2018-05-16_09-45-23.080965731,1526456723.083599253,1.02,0.85,0.81,43866615564,43448928045902,284830877,148595432,149078231,150155675,96942,8,1100773,18173628,1865,0,199666,21591,0,0,7707080,7110544,7024732,2108,158688
2018-05-16_09-45-23.132418257,1526456723.135066448,22266730605,2018-05-16_09-45-53.184792113,1526456753.187900808,0.96,0.85,0.81,43954558530,43532909008248,285129934,148595439,149078231,151442752,96979,8,1102383,18182599,1865,0,199876,21592,0,0,7707080,7097664,7011644,2108,158696
2018-05-16_09-45-53.245417495,1526456753.248123083,22264674929,2018-05-16_09-46-23.320061941,1526456783.323081027,0.84,0.83,0.81,44042382576,43616880324470,285426105,148595439,150367103,151442754,97010,8,1104114,18191636,1865,0,200082,21592,0,0,7707080,7097796,7011716,2108,158696
2018-05-16_09-46-23.374475626,1526456783.377149513,16393240873,2018-05-16_09-46-53.428055696,1526456813.431020172,0.82,0.83,0.81,44065813242,43678711126494,286039230,148595439,150367116,151442758,97044,8,1105182,18201916,1865,0,200279,21593,0,0,7707080,7097548,7011484,2108,158700
2018-05-16_09-46-53.481366762,1526456813.484194881,16442363232,2018-05-16_09-47-23.531621937,1526456843.535130628,0.76,0.82,0.80,44089222128,43740726001608,286161373,149134913,150367131,151442759,97069,8,1106308,18212199,1865,0,200333,21593,0,0,7707080,7097520,7011708,2108,158708
2018-05-16_09-47-23.584749551,1526456843.587618582,16435547204,2018-05-16_09-47-53.646295260,1526456873.650600108,0.54,0.76,0.78,44113089954,43802715754152,286285675,149134916,150926369,151442760,97093,8,1107401,18222556,1865,0,200394,21593,0,0,7707080,7098972,7011760,2108,158708
2018-05-16_09-47-53.722647470,1526456873.726758250,16390046685,2018-05-16_09-48-23.773444963,1526456903.776158814,0.45,0.72,0.77,44136934020,43864534130674,286410931,149134916,150926378,152001216,97113,8,1108522,18232896,1865,0,200441,21594,0,0,7707080,7097440,7011824,2108,158708
2018-05-16_09-48-23.820011969,1526456903.822602884,16437963225,2018-05-16_09-48-53.876418973,1526456933.879158510,0.42,0.68,0.75,44160346566,43926534179370,286535309,149678093,150926384,152001216,97134,8,1109641,18243231,1865,0,200493,21594,0,0,7707080,7110180,7024172,2108,158704
2018-05-16_09-48-53.925338192,1526456933.927918643,16438714377,2018-05-16_09-49-23.984140490,1526456963.988163960,0.39,0.65,0.74,44183807652,43988535391096,287148717,149678093,150926388,152001216,97158,8,1110748,18253569,1865,0,200711,21594,0,0,7707080,7110380,7024068,2108,158704
2018-05-16_09-49-24.032479899,1526456964.035107153,16376466179,2018-05-16_09-49-54.091776881,1526456994.096217027,0.30,0.60,0.72,44207715918,44050302272928,287275520,149678093,150926388,152561899,97181,8,1111849,18263928,1865,0,200767,21595,0,0,7707080,7110672,7024664,2108,158704
2018-05-16_09-49-54.147467192,1526456994.150068511,16427945536,2018-05-16_09-50-24.201233426,1526457024.204422383,0.43,0.61,0.72,44231157744,44112263495004,287399424,149678093,151475830,152561899,97206,8,1112950,18274270,1865,0,200821,21595,0,0,7707080,7110236,7024232,2108,158712
2018-05-16_09-50-24.253868656,1526457024.256583532,16017654744,2018-05-16_09-50-54.310600293,1526457054.313411896,0.66,0.64,0.73,44338876050,44172690774316,288786003,149678093,151475830,152561899,97227,8,1114939,18283298,1865,0,201804,21596,0,0,7707080,7110584,7024580,2108,158712
2018-05-16_09-50-54.359768428,1526457054.362525740,22301632111,2018-05-16_09-51-24.409458239,1526457084.412136205,0.85,0.69,0.74,44484926976,44256800790064,289086310,151185825,151475830,152561899,97267,8,1116907,18291851,1865,0,202051,21596,0,0,7707080,7109924,7023772,2108,158712
2018-05-16_09-51-24.456305299,1526457084.459025009,22512932629,2018-05-16_09-51-54.507014623,1526457114.509698430,0.85,0.71,0.75,44599014342,44341710263360,289385554,151185825,153078239,152561899,97294,8,1118832,18300626,1865,0,202253,21597,0,0,7707080,7111132,7025276,2108,158712
2018-05-16_09-51-54.558676116,1526457114.561247205,22470682271,2018-05-16_09-52-24.613338218,1526457144.616242436,0.91,0.73,0.76,44747718108,44426461172304,289685451,151185825,153078239,154110183,97322,8,1120854,18309265,1865,0,202484,21597,0,0,7707080,7110308,7024500,2108,158712
2018-05-16_09-52-24.671985302,1526457144.674669721,22322458818,2018-05-16_09-52-54.726675762,1526457174.729287686,0.87,0.74,0.76,44892448494,44510650907866,289982294,152655612,153078239,154110183,97353,8,1122865,18317853,1865,0,202731,21597,0,0,7707080,7110384,7024320,2108,158712
2018-05-16_09-52-54.777878213,1526457174.780450022,15882752302,2018-05-16_09-53-24.840604056,1526457204.843616318,0.92,0.77,0.77,44997935160,44570570929342,291344308,152655612,153078239,154110183,97374,8,1124797,18326881,1865,0,203769,21598,0,0,7707080,7110764,7024760,2108,158712
2018-05-16_09-53-24.890587531,1526457204.893423904,22318578479,2018-05-16_09-53-54.941634515,1526457234.944341451,0.86,0.77,0.77,45144918006,44654745941640,291645054,152655620,153078239,155632984,97419,8,1126824,18335485,1865,0,204017,21598,0,0,7707080,7098160,7012304,2108,158720
2018-05-16_09-53-54.990734037,1526457234.993454534,22388389025,2018-05-16_09-54-25.038388098,1526457265.041054229,0.94,0.80,0.78,45257174172,44739185237812,291945043,152655625,154617344,155632987,97454,8,1128722,18344248,1865,0,204223,21599,0,0,7707080,7096684,7010880,2108,158728
2018-05-16_09-54-25.089870327,1526457265.092471229,15227377177,2018-05-16_09-54-55.142012219,1526457295.144814366,1.05,0.83,0.79,45356243478,44796622797040,293372917,152655628,154617349,155632990,97479,8,1130685,18353273,1865,0,205227,21599,0,0,7707080,7097256,7011452,2108,158728
2018-05-16_09-54-55.192156874,1526457295.194764145,22180938966,2018-05-16_09-55-25.248322876,1526457325.251153718,1.04,0.85,0.80,45441119784,44880278283074,293669052,153874503,154617356,155632994,97508,8,1132408,18362272,1865,0,205421,21600,0,0,7707080,7097692,7011692,2108,158732
2018-05-16_09-55-25.296154526,1526457325.298899905,22239701897,2018-05-16_09-55-55.352866708,1526457355.355781196,1.07,0.87,0.80,45526349730,44964155753852,293965931,153874503,155870300,155632995,97548,8,1134142,18371292,1865,0,205621,21600,0,0,7707080,7096868,7011072,2108,158736
2018-05-16_09-55-55.410174911,1526457355.412964326,22427512335,2018-05-16_09-56-25.461726921,1526457385.464530291,1.12,0.89,0.81,45629185296,45048742284350,294265475,153874503,155870311,156832639,97575,8,1135949,18380263,1865,0,205825,21600,0,0,7707080,7097512,7011452,2108,158736
2018-05-16_09-56-25.512987463,1526457385.515617877,22464113182,2018-05-16_09-56-55.562109454,1526457415.565389927,1.00,0.89,0.81,45733490562,45133466305836,294565791,155151367,155870318,156832640,97605,8,1137791,18389120,1865,0,206061,21600,0,0,7707080,7109572,7023784,2108,158728
2018-05-16_09-56-55.616436930,1526457415.619192971,15384596393,2018-05-16_09-57-25.671965796,1526457445.674794549,1.05,0.91,0.82,45832823568,45191503535300,296025854,155151367,155870321,156832640,97634,8,1139729,18398147,1865,0,207087,21601,0,0,7707080,7110116,7024328,2108,158728
2018-05-16_09-57-25.723262939,1526457445.725956404,22388761061,2018-05-16_09-57-55.780315523,1526457475.783252278,0.79,0.86,0.81,45917902374,45275945574102,296323208,155151367,155870321,158090908,97661,8,1141357,18407237,1865,0,207286,21601,0,0,7707080,7110328,7024284,2108,158728
2018-05-16_09-57-55.843908331,1526457475.846559850,22496844113,2018-05-16_09-58-25.898540642,1526457505.901357112,0.95,0.89,0.82,46025356680,45360794038466,296624588,155151367,157203925,158090908,97686,8,1143230,18416127,1865,0,207531,21601,0,0,7707080,7110116,7024132,2108,158728
2018-05-16_09-58-25.978941498,1526457505.981824543,15511718949,2018-05-16_09-58-56.036601254,1526457536.039306221,1.19,0.95,0.84,46125557346,45419309261840,298076133,155151367,157203925,158090908,97710,8,1145196,18425155,1865,0,208535,21601,0,0,7707080,7110104,7024316,2108,158728
2018-05-16_09-58-56.092314602,1526457536.095329292,22444098831,2018-05-16_09-59-26.142592664,1526457566.145816698,1.00,0.92,0.84,46229567352,45503957226994,298376908,156459631,157203925,158090908,97737,8,1147031,18433996,1865,0,208783,21602,0,0,7707080,7111144,7025104,2108,158728
2018-05-16_09-59-26.195100942,1526457566.197756694,22535342231,2018-05-16_09-59-56.248340033,1526457596.250999883,1.00,0.93,0.84,46337129598,45588951742850,298678282,156459631,158557797,158090908,97766,8,1148903,18442871,1865,0,209049,21602,0,0,7707080,7109948,7023928,2108,158728
2018-05-16_09-59-56.298618904,1526457596.301354609,22408647527,2018-05-16_10-00-26.360735896,1526457626.363559662,0.87,0.91,0.84,46442599584,45673466578680,298979673,156459631,158557797,159358934,97802,8,1150529,18451830,1865,0,209271,21602,0,0,7707080,7109924,7024136,2108,158732
2018-05-16_10-00-26.425859914,1526457626.428630703,22244587817,2018-05-16_10-00-56.476482743,1526457656.479151222,0.91,0.91,0.84,46529502210,45757361714356,299276803,157716004,158557797,159358934,97845,8,1152344,18460758,1865,0,209511,21602,0,0,7707080,7110060,7023812,2108,158736
2018-05-16_10-00-56.555935592,1526457656.558763987,15247210397,2018-05-16_10-01-26.617255445,1526457686.620939447,0.95,0.92,0.85,46625928276,45814883517400,300750917,157716004,158557797,159358934,97886,8,1154292,18469775,1865,0,210526,21603,0,0,7707080,7110376,7024284,2108,158736
2018-05-16_10-01-26.677866383,1526457686.681196167,22337168027,2018-05-16_10-01-56.731446564,1526457716.734552928,0.75,0.88,0.84,46728974082,45899129186806,301052755,157716006,158557805,160555493,97918,8,1156100,18478723,1865,0,210765,21603,0,0,7707080,7097020,7010960,2108,158752
2018-05-16_10-01-56.784648940,1526457716.787245869,22428771321,2018-05-16_10-02-26.834775109,1526457746.837542914,0.79,0.88,0.84,46836195048,45983719952378,301354472,157716009,159869150,160555493,97952,8,1157943,18487590,1865,0,211006,21604,0,0,7707080,7097420,7011616,2108,158752
2018-05-16_10-02-26.885334522,1526457746.887956933,15779257906,2018-05-16_10-02-56.943829576,1526457776.946738978,1.05,0.94,0.86,46938056034,46043241462238,302719249,157716012,159869157,160555493,97979,8,1159889,18496614,1865,0,212029,21604,0,0,7707080,7097488,7011488,2108,158752
