StartTime,StartEpoch,BW,EndTime,EndEpoch,CPULoad1m,CPULoad5m,CPULoad5m,NetDevRX,NetDevTX,IRQconfig,IRQinput,IRQoutput,user,nice,system,idle,iowait,irq,softirq,steal,guest,guest_nice,MemTotal,MemFree,MemAvailable,Buffers,Cached
2018-05-15_17-42-08.959542234,1526398928.962025457,12344104681,2018-05-15_17-42-39.020311109,1526398959.022461899,0.13,0.15,0.06,82298902,46340745948,0,0,0,531,0,2676,70048,1922,0,97,0,0,0,7707080,7335648,7243348,2108,144492
2018-05-15_17-42-39.056444191,1526398959.058641781,12038599931,2018-05-15_17-43-09.100216661,1526398989.102423453,0.27,0.18,0.08,162387868,91534138292,0,0,0,547,0,4386,79980,1922,0,219,0,0,0,7707080,7335940,7243620,2108,144492
2018-05-15_17-43-09.138304517,1526398989.140491721,12499086728,2018-05-15_17-43-39.183297435,1526399019.185823043,0.36,0.21,0.09,245202934,138458510268,0,0,0,562,0,5914,90069,1922,0,333,0,0,0,7707080,7336060,7244124,2108,144492
2018-05-15_17-43-39.222755454,1526399019.225147507,12224076170,2018-05-15_17-44-09.267196682,1526399049.269398118,0.30,0.21,0.09,325814860,184349652040,0,0,0,575,0,7363,100225,1922,0,439,0,0,0,7707080,7335520,7243208,2108,144492
2018-05-15_17-44-09.304685224,1526399049.306861848,11535170218,2018-05-15_17-44-39.349271550,1526399079.351518068,0.31,0.22,0.10,401933806,227654732206,0,0,0,595,0,8645,110561,1922,0,511,0,0,0,7707080,7334376,7242408,2108,144496
2018-05-15_17-44-39.385043647,1526399079.387203249,11552281420,2018-05-15_17-45-09.432246138,1526399109.434805114,0.32,0.23,0.11,478243072,271024151272,0,0,0,612,0,10010,120814,1922,0,591,1,0,0,7707080,7335796,7243624,2108,144496
2018-05-15_17-45-09.471908096,1526399109.474256486,10103371883,2018-05-15_17-45-39.523180162,1526399139.525440741,0.40,0.26,0.12,545355178,308959073786,0,0,0,627,0,11053,131433,1922,0,647,1,0,0,7707080,7335316,7243092,2108,144496
2018-05-15_17-45-39.560654550,1526399139.562842448,4127411431,2018-05-15_17-46-09.607107318,1526399169.609390050,0.30,0.25,0.12,573672424,324454429428,0,0,0,634,0,11503,142815,1922,0,660,1,0,0,7707080,7335880,7243268,2108,144496
2018-05-15_17-46-09.643373398,1526399169.645522078,4286387165,2018-05-15_17-46-39.693201900,1526399199.695626941,0.18,0.22,0.12,603653290,340546538618,0,0,0,643,0,11950,154185,1922,0,672,2,0,0,7707080,7336040,7243864,2108,144496
2018-05-15_17-46-39.732672915,1526399199.735037350,4289057097,2018-05-15_17-47-09.777888430,1526399229.780387991,0.18,0.22,0.12,634381276,356646605548,0,0,0,650,0,12407,165550,1922,0,684,2,0,0,7707080,7335704,7243528,2108,144496
2018-05-15_17-47-09.817133009,1526399229.819494537,4315510573,2018-05-15_17-47-39.863761880,1526399259.866238539,0.33,0.25,0.14,664360762,372847217460,0,0,0,658,0,12884,176887,1922,0,696,2,0,0,7707080,7336308,7243936,2108,144496
2018-05-15_17-47-39.902211438,1526399259.904597031,3858414111,2018-05-15_17-48-09.947132614,1526399289.949769716,0.26,0.24,0.14,691044448,387331135058,0,0,0,667,0,13274,188339,1922,0,705,3,0,0,7707080,7336236,7243584,2108,144496
2018-05-15_17-48-09.986575980,1526399289.988929512,4394988409,2018-05-15_17-48-40.030899745,1526399320.033355197,0.23,0.23,0.14,722307454,403829375290,0,0,0,680,0,13764,199599,1922,0,722,3,0,0,7707080,7334888,7242476,2108,144496
2018-05-15_17-48-40.070045830,1526399320.072428497,4395046684,2018-05-15_17-49-10.120059860,1526399350.122485170,0.20,0.22,0.14,753670060,420328219490,0,0,0,686,0,14211,210957,1922,0,734,3,0,0,7707080,7335664,7243488,2108,144496
2018-05-15_17-49-10.159175554,1526399350.161628380,4184259568,2018-05-15_17-49-40.216945199,1526399380.219424808,0.12,0.20,0.13,782504206,436036050838,0,0,0,694,0,14653,222321,1922,0,746,3,0,0,7707080,7335796,7243816,2108,144496
2018-05-15_17-49-40.257115198,1526399380.259428220,4154022845,2018-05-15_17-50-10.311832685,1526399410.314041393,0.13,0.20,0.14,811366792,451631090106,0,0,0,703,0,15097,233692,1922,0,758,3,0,0,7707080,7335584,7243424,2108,144504
2018-05-15_17-50-10.348866373,1526399410.351124023,4051856204,2018-05-15_17-50-40.395903439,1526399440.398385958,0.21,0.21,0.14,839741278,466843075682,0,0,0,711,0,15561,245089,1922,0,769,4,0,0,7707080,7336160,7243792,2108,144504
2018-05-15_17-50-40.436452516,1526399440.438881559,3942129741,2018-05-15_17-51-10.483826739,1526399470.486243077,0.13,0.19,0.14,867267004,481642792732,0,0,0,719,0,15995,256513,1922,0,779,4,0,0,7707080,7336032,7243716,2108,144508
2018-05-15_17-51-10.524370704,1526399470.526718956,3837175395,2018-05-15_17-51-40.569801299,1526399500.572133590,0.21,0.20,0.14,893938030,496047917372,0,0,0,728,0,16395,267967,1922,0,788,4,0,0,7707080,7336188,7243972,2108,144508
2018-05-15_17-51-40.608657100,1526399500.610968685,4311078918,2018-05-15_17-52-10.654315849,1526399530.656589285,0.13,0.18,0.14,925622296,512232523132,0,0,0,735,0,16920,279287,1922,0,800,4,0,0,7707080,7336308,7243796,2108,144508
2018-05-15_17-52-10.693280427,1526399530.695494151,4247005523,2018-05-15_17-52-40.739157742,1526399560.741688461,0.08,0.17,0.13,956643562,528176789622,0,0,0,743,0,17399,290652,1922,0,810,4,0,0,7707080,7336092,7243924,2108,144508
2018-05-15_17-52-40.780232704,1526399560.782652499,4298062163,2018-05-15_17-53-10.824549997,1526399590.826983242,0.11,0.17,0.14,988145368,544311909242,0,0,0,751,0,17928,301960,1922,0,824,5,0,0,7707080,7335588,7243224,2108,144508
2018-05-15_17-53-10.864465044,1526399590.866872378,4320862138,2018-05-15_17-53-40.913163970,1526399620.915354162,0.17,0.18,0.14,1019356954,560532498122,0,0,0,762,0,18454,313265,1922,0,838,5,0,0,7707080,7335380,7243216,2108,144512
2018-05-15_17-53-40.950191095,1526399620.952358544,4230320725,2018-05-15_17-54-10.993698328,1526399650.995903438,0.18,0.18,0.14,1047335500,576413352508,0,0,0,770,0,18979,324577,1922,0,849,5,0,0,7707080,7335764,7243548,2108,144512
2018-05-15_17-54-11.030819440,1526399651.032962786,3954464412,2018-05-15_17-54-41.077320206,1526399681.079539174,0.11,0.16,0.14,1073590726,591259511490,0,0,0,776,0,19419,335996,1922,0,858,5,0,0,7707080,7334256,7242220,2108,144512
2018-05-15_17-54-41.113600164,1526399681.115753536,4257171906,2018-05-15_17-55-11.157761914,1526399711.159874156,0.12,0.16,0.14,1101810292,607241372074,0,0,0,784,0,19956,347285,1922,0,873,6,0,0,7707080,7334572,7242184,2108,144512
2018-05-15_17-55-11.194877028,1526399711.197060573,4025214852,2018-05-15_17-55-41.243106196,1526399741.245284572,0.08,0.15,0.13,1128662578,622354673462,0,0,0,791,0,20380,358718,1922,0,885,6,0,0,7707080,7334700,7242312,2108,144512
2018-05-15_17-55-41.278646156,1526399741.280801130,4307448451,2018-05-15_17-56-11.323971724,1526399771.326435597,0.13,0.15,0.14,1157527144,638524493362,0,0,0,800,0,20868,370056,1922,0,898,6,0,0,7707080,7334472,7242436,2108,144512
2018-05-15_17-56-11.362736825,1526399771.365012297,4464104804,2018-05-15_17-56-41.406904218,1526399801.409093150,0.14,0.15,0.14,1187156650,655280901004,0,0,0,807,0,21337,381402,1922,0,909,7,0,0,7707080,7334452,7242416,2108,144512
2018-05-15_17-56-41.444570307,1526399801.446940340,4187662821,2018-05-15_17-57-11.489676942,1526399831.492078309,0.14,0.15,0.14,1215221956,671001813936,0,0,0,814,0,21784,392812,1922,0,920,7,0,0,7707080,7334620,7242584,2108,144512
2018-05-15_17-57-11.530080935,1526399831.532519408,4005813288,2018-05-15_17-57-41.577454276,1526399861.579936880,0.14,0.15,0.14,1242160822,686039301040,0,0,0,826,0,22169,404238,1922,0,930,7,0,0,7707080,7334448,7242212,2108,144512
2018-05-15_17-57-41.614895761,1526399861.617172852,4252961292,2018-05-15_17-58-11.662952408,1526399891.665173596,0.15,0.16,0.14,1270526188,702003053948,0,0,0,832,0,22590,415620,1922,0,944,7,0,0,7707080,7334284,7242048,2108,144512
2018-05-15_17-58-11.702763112,1526399891.704948149,4398779747,2018-05-15_17-58-41.746089522,1526399921.748261067,0.24,0.17,0.14,1299809554,718513920522,0,0,0,840,0,23079,426902,1922,0,957,8,0,0,7707080,7334336,7241820,2108,144512
2018-05-15_17-58-41.783246948,1526399921.785371325,4444554007,2018-05-15_17-59-11.828950930,1526399951.831445642,0.31,0.20,0.15,1329208960,735197753290,0,0,0,847,0,23604,438178,1922,0,969,8,0,0,7707080,7334192,7241808,2108,144512
2018-05-15_17-59-11.868162029,1526399951.870540381,4414459137,2018-05-15_17-59-41.911792109,1526399981.913988931,0.25,0.20,0.15,1358291626,751768871832,0,0,0,855,0,24123,449465,1922,0,981,8,0,0,7707080,7334248,7242012,2108,144512
2018-05-15_17-59-41.948419767,1526399981.950557724,4391617580,2018-05-15_18-00-11.993660083,1526400011.996079802,0.23,0.20,0.15,1387556512,768254178648,0,0,0,865,0,24617,460788,1922,0,994,8,0,0,7707080,7334124,7242092,2108,144524
2018-05-15_18-00-12.032881018,1526400012.035262516,4267105215,2018-05-15_18-00-42.080945903,1526400042.083455154,0.20,0.19,0.15,1416109738,784271428826,0,0,0,872,0,25081,472147,1922,0,1005,9,0,0,7707080,7334768,7242540,2108,144524
2018-05-15_18-00-42.120912654,1526400042.123248980,4240018466,2018-05-15_18-01-12.166551797,1526400072.168987090,0.18,0.19,0.15,1444468564,800188084136,0,0,0,882,0,25561,483504,1923,0,1017,9,0,0,7707080,7334028,7242016,2108,144568
2018-05-15_18-01-12.205376768,1526400072.207733691,4246095282,2018-05-15_18-01-42.250166502,1526400102.252352499,0.19,0.19,0.15,1472791630,816127979122,0,0,0,890,0,26068,494843,1923,0,1028,9,0,0,7707080,7334432,7242224,2108,144568
2018-05-15_18-01-42.288642836,1526400102.290819799,4323983089,2018-05-15_18-02-12.334734682,1526400132.337156191,0.24,0.20,0.16,1502806036,832358348500,0,0,0,902,0,26499,506210,1923,0,1043,9,0,0,7707080,7334276,7242268,2108,144572
2018-05-15_18-02-12.374741144,1526400132.377119641,4355902589,2018-05-15_18-02-42.418738360,1526400162.421020227,0.23,0.20,0.16,1533832462,848709017048,0,0,0,910,0,26939,517590,1923,0,1053,10,0,0,7707080,7334284,7242080,2108,144572
2018-05-15_18-02-42.456124231,1526400162.458255140,4228442894,2018-05-15_18-03-12.505204302,1526400192.507623293,0.14,0.18,0.15,1562961748,864579994902,0,0,0,917,0,27326,529003,1923,0,1065,10,0,0,7707080,7334480,7242480,2108,144572
2018-05-15_18-03-12.545703781,1526400192.548114512,4040440874,2018-05-15_18-03-42.590731095,1526400222.592991123,0.08,0.16,0.14,1591070974,879747041728,0,0,0,924,0,27720,540445,1923,0,1073,10,0,0,7707080,7333980,7241972,2108,144572
2018-05-15_18-03-42.627447721,1526400222.629597871,4338415426,2018-05-15_18-04-12.674326544,1526400252.676540271,0.16,0.18,0.15,1621054660,896033700768,0,0,0,930,0,28200,551801,1923,0,1088,10,0,0,7707080,7334500,7242296,2108,144572
2018-05-15_18-04-12.711602699,1526400252.713702660,4375296576,2018-05-15_18-04-42.755810481,1526400282.758234271,0.10,0.16,0.14,1651793626,912456460404,0,0,0,937,0,28663,563147,1923,0,1100,10,0,0,7707080,7334372,7242364,2108,144572
2018-05-15_18-04-42.794046029,1526400282.796309780,4384944516,2018-05-15_18-05-12.839710445,1526400312.842200338,0.20,0.18,0.15,1682924512,928916038624,0,0,0,943,0,29095,574510,1923,0,1112,10,0,0,7707080,7334888,7242684,2108,144572
2018-05-15_18-05-12.878826602,1526400312.881221930,4331640663,2018-05-15_18-05-42.924896394,1526400342.927075680,0.18,0.18,0.15,1713326278,945175420476,0,0,0,950,0,29553,585854,1923,0,1128,10,0,0,7707080,7334732,7242380,2108,144572
2018-05-15_18-05-42.960239677,1526400342.962372925,4394025651,2018-05-15_18-06-13.005095555,1526400373.007537869,0.19,0.18,0.15,1737279124,961668906218,0,0,0,962,0,30052,597195,1923,0,1140,11,0,0,7707080,7333064,7240668,2108,144572
2018-05-15_18-06-13.044214899,1526400373.046666681,4009232094,2018-05-15_18-06-43.089498419,1526400403.091921771,0.27,0.19,0.15,1759647670,976717674966,0,0,0,970,0,30425,608672,1923,0,1153,11,0,0,7707080,7334384,7242580,2108,144572
2018-05-15_18-06-43.129201663,1526400403.131530223,4261793659,2018-05-15_18-07-13.173300646,1526400433.175649062,0.24,0.19,0.15,1786025476,992716690456,0,0,0,977,0,30951,620009,1923,0,1167,11,0,0,7707080,7333836,7241832,2108,144572
2018-05-15_18-07-13.213324854,1526400433.215719060,4495869731,2018-05-15_18-07-43.257466473,1526400463.259875642,0.20,0.19,0.15,1809515482,1009592777632,0,0,0,983,0,31441,631368,1923,0,1177,11,0,0,7707080,7334184,7241916,2108,144572
2018-05-15_18-07-43.296039382,1526400463.298395530,4307150497,2018-05-15_18-08-13.340493563,1526400493.342909763,0.18,0.18,0.15,1834525108,1025761802592,0,0,0,991,0,31971,642684,1923,0,1187,11,0,0,7707080,7333864,7241516,2108,144572
2018-05-15_18-08-13.380056536,1526400493.382449609,4338403600,2018-05-15_18-08-43.427584817,1526400523.430321658,0.11,0.17,0.14,1859432614,1042049302680,0,0,0,997,0,32466,654052,1923,0,1199,11,0,0,7707080,7333848,7241648,2108,144572
2018-05-15_18-08-43.467519713,1526400523.469948211,4200726889,2018-05-15_18-09-13.513607952,1526400553.516008125,0.06,0.15,0.14,1884496780,1057819285008,0,0,0,1005,0,32940,665409,1923,0,1210,12,0,0,7707080,7334632,7242176,2108,144576
2018-05-15_18-09-13.552437741,1526400553.554768872,4158217647,2018-05-15_18-09-43.598193490,1526400583.600603712,0.10,0.15,0.14,1909277806,1073429588508,0,0,0,1012,0,33433,676793,1923,0,1220,12,0,0,7707080,7334260,7242392,2108,144576
2018-05-15_18-09-43.636974706,1526400583.639320871,4214794140,2018-05-15_18-10-13.685078530,1526400613.687504487,0.06,0.14,0.13,1937546152,1089251258528,0,0,0,1022,0,33864,688176,1923,0,1235,12,0,0,7707080,7334128,7242080,2108,144584
2018-05-15_18-10-13.723682409,1526400613.725880185,4384316563,2018-05-15_18-10-43.770498396,1526400643.772871564,0.16,0.16,0.14,1966765678,1105711164886,0,0,0,1031,0,34372,699502,1923,0,1248,12,0,0,7707080,7334572,7242324,2108,144584
2018-05-15_18-10-43.809081857,1526400643.811448636,4306350259,2018-05-15_18-11-13.855831783,1526400673.858183767,0.09,0.14,0.14,1995754804,1121876560634,0,0,0,1042,0,34830,710866,1923,0,1262,12,0,0,7707080,7333184,7240992,2108,144588
2018-05-15_18-11-13.894635759,1526400673.896984519,4249476880,2018-05-15_18-11-43.941956876,1526400703.944623020,0.18,0.16,0.14,2024386222,1137830108248,0,0,0,1048,0,35269,722234,1923,0,1279,12,0,0,7707080,7334492,7242052,2108,144588
2018-05-15_18-11-43.981430520,1526400703.983609254,4080318069,2018-05-15_18-12-14.026805351,1526400734.029185808,0.18,0.16,0.14,2051510428,1153147987566,0,0,0,1056,0,35739,733632,1923,0,1289,13,0,0,7707080,7334612,7242420,2108,144588
2018-05-15_18-12-14.064218363,1526400734.066411499,3724398810,2018-05-15_18-12-44.110131203,1526400764.112658857,0.24,0.18,0.15,2076561274,1167128310116,0,0,0,1063,0,36061,745136,1923,0,1300,13,0,0,7707080,7334560,7242564,2108,144588
2018-05-15_18-12-44.150541323,1526400764.152957100,4084607739,2018-05-15_18-13-14.195807469,1526400794.198012161,0.15,0.16,0.14,2103902140,1182461126302,0,0,0,1069,0,36496,756540,1923,0,1308,13,0,0,7707080,7334508,7242316,2108,144588
2018-05-15_18-13-14.233080167,1526400794.235196504,4351005481,2018-05-15_18-13-44.280325621,1526400824.282657474,0.09,0.14,0.13,2132696686,1198793866530,0,0,0,1075,0,36940,767904,1923,0,1321,13,0,0,7707080,7334264,7241940,2108,144588
2018-05-15_18-13-44.319272839,1526400824.321527269,4185350619,2018-05-15_18-14-14.366350231,1526400854.368839003,0.19,0.16,0.14,2158682992,1214506649678,0,0,0,1083,0,37431,779266,1923,0,1331,13,0,0,7707080,7334384,7242192,2108,144588
2018-05-15_18-14-14.406651873,1526400854.409056935,4386068027,2018-05-15_18-14-44.454155572,1526400884.456638302,0.12,0.15,0.14,2182422658,1230971748658,0,0,0,1090,0,37907,790633,1923,0,1343,13,0,0,7707080,7334164,7242168,2108,144588
2018-05-15_18-14-44.494126752,1526400884.496516949,4382057011,2018-05-15_18-15-14.538991390,1526400914.541187180,0.20,0.17,0.14,2206027264,1247421267214,0,0,0,1101,0,38411,801970,1923,0,1354,13,0,0,7707080,7334580,7242596,2108,144592
2018-05-15_18-15-14.575610250,1526400914.577759808,4283188363,2018-05-15_18-15-44.620889574,1526400944.623302431,0.23,0.18,0.15,2232217750,1263500977778,0,0,0,1110,0,38912,813323,1923,0,1364,14,0,0,7707080,7334656,7242644,2108,144592
2018-05-15_18-15-44.660624497,1526400944.663012003,4378273984,2018-05-15_18-16-14.709911911,1526400974.712310729,0.28,0.20,0.15,2255272996,1279937540296,0,0,0,1118,0,39418,824643,1923,0,1376,14,0,0,7707080,7334808,7242476,2108,144592
2018-05-15_18-16-14.747856317,1526400974.750061523,3956463778,2018-05-15_18-16-44.794562626,1526401004.796915930,0.29,0.21,0.16,2280584662,1294791036596,0,0,0,1125,0,39860,836061,1923,0,1389,14,0,0,7707080,7334600,7242408,2108,144592
2018-05-15_18-16-44.833100837,1526401004.835389698,4238231654,2018-05-15_18-17-14.878101341,1526401034.880279341,0.30,0.22,0.16,2304237148,1310699777196,0,0,0,1132,0,40279,847468,1923,0,1400,14,0,0,7707080,7334704,7242512,2108,144592
2018-05-15_18-17-14.913891432,1526401034.916025955,4046275264,2018-05-15_18-17-44.957911823,1526401064.960150749,0.24,0.22,0.16,2328907234,1325890100090,0,0,0,1140,0,40729,858886,1923,0,1410,14,0,0,7707080,7333888,7241700,2108,144596
2018-05-15_18-17-44.993885033,1526401064.996051464,4305244792,2018-05-15_18-18-15.036791523,1526401095.038990256,0.28,0.23,0.17,2357430820,1342052352302,0,0,0,1147,0,41260,870203,1923,0,1421,14,0,0,7707080,7333976,7241788,2108,144596
2018-05-15_18-18-15.072905387,1526401095.075012706,4267908407,2018-05-15_18-18-45.118807929,1526401125.121359977,0.17,0.21,0.16,2386074886,1358072633756,0,0,0,1156,0,41702,881579,1924,0,1434,14,0,0,7707080,7334192,7242232,2108,144636
2018-05-15_18-18-45.159828559,1526401125.162228414,4267523051,2018-05-15_18-19-15.206386937,1526401155.208640189,0.10,0.19,0.15,2414593192,1374091415436,0,0,0,1170,0,42139,892935,1926,0,1447,15,0,0,7707080,7332792,7240968,2108,145044
2018-05-15_18-19-15.246341465,1526401155.248721229,4164261260,2018-05-15_18-19-45.292713026,1526401185.295133559,0.11,0.18,0.15,2442504178,1389722358338,0,0,0,1177,0,42455,904438,1926,0,1460,15,0,0,7707080,7333292,7241616,2108,145044
2018-05-15_18-19-45.331306361,1526401185.333642304,4184300793,2018-05-15_18-20-15.378345649,1526401215.380744793,0.13,0.18,0.15,2470305724,1405430264204,0,0,0,1185,0,42902,915823,1926,0,1474,15,0,0,7707080,7333992,7241620,2108,145048
2018-05-15_18-20-15.416914373,1526401215.419302394,4050243446,2018-05-15_18-20-45.465476965,1526401245.467955662,0.14,0.18,0.15,2497400770,1420635225152,0,0,0,1193,0,43339,927235,1926,0,1484,16,0,0,7707080,7333160,7241340,2108,145048
2018-05-15_18-20-45.506684432,1526401245.509115687,4076724543,2018-05-15_18-21-15.554962408,1526401275.557353475,0.08,0.16,0.15,2524580956,1435940951968,0,0,0,1201,0,43798,938622,1926,0,1496,16,0,0,7707080,7333308,7241688,2108,145048
2018-05-15_18-21-15.594894079,1526401275.597250966,4256930796,2018-05-15_18-21-45.640958514,1526401305.643120007,0.12,0.16,0.14,2552788462,1451921494584,0,0,0,1208,0,44273,949992,1926,0,1507,20,0,0,7707080,7333132,7241316,2108,145048
2018-05-15_18-21-45.677677449,1526401305.679872483,4164633637,2018-05-15_18-22-15.721692703,1526401335.723891249,0.07,0.15,0.14,2580415828,1467553660416,0,0,0,1215,0,44640,961446,1926,0,1519,31,0,0,7707080,7333376,7241560,2108,145048
2018-05-15_18-22-15.758258305,1526401335.760384494,4257114588,2018-05-15_18-22-45.802955194,1526401365.805138573,0.04,0.13,0.13,2607963574,1483532991166,0,0,0,1222,0,44974,972942,1926,0,1532,64,0,0,7707080,7333072,7241452,2108,145048
2018-05-15_18-22-45.839896751,1526401365.842026215,4196049065,2018-05-15_18-23-15.885524749,1526401395.887705349,0.17,0.15,0.14,2635542220,1499285272426,0,0,0,1236,0,45362,984401,1926,0,1543,154,0,0,7707080,7332192,7240584,2108,145048
2018-05-15_18-23-15.920988534,1526401395.923099313,4300039417,2018-05-15_18-23-45.968341872,1526401425.970567902,0.11,0.14,0.14,2663547226,1515427039548,0,0,0,1245,0,45690,995896,1926,0,1555,253,0,0,7707080,7333020,7241400,2108,145048
2018-05-15_18-23-46.005373885,1526401426.007524130,4069848146,2018-05-15_18-24-16.048649154,1526401456.050830934,0.06,0.12,0.13,2690698792,1530705330736,0,0,0,1254,0,46046,1007387,1926,0,1566,352,0,0,7707080,7333512,7241696,2108,145048
2018-05-15_18-24-16.083963724,1526401456.086082295,4220803528,2018-05-15_18-24-46.127768219,1526401486.130011236,0.04,0.11,0.13,2718322198,1546549537874,0,0,0,1263,0,46445,1018760,1926,0,1581,455,0,0,7707080,7333648,7241552,2108,145048
2018-05-15_18-24-46.163477512,1526401486.165539251,4078886212,2018-05-15_18-25-16.210049733,1526401516.212235143,0.02,0.10,0.13,2745595024,1561862735132,0,0,0,1270,0,46814,1030255,1926,0,1591,546,0,0,7707080,7333288,7241876,2108,145048
2018-05-15_18-25-16.246927888,1526401516.249083717,4184027825,2018-05-15_18-25-46.290888521,1526401546.292987916,0.16,0.12,0.13,2773242916,1577569992826,0,0,0,1283,0,47246,1041618,1926,0,1607,652,0,0,7707080,7332112,7240056,2108,145048
2018-05-15_18-25-46.327769560,1526401546.329895368,4246788253,2018-05-15_18-26-16.371181215,1526401576.373438789,0.22,0.14,0.14,2804286082,1593510756492,0,0,0,1293,0,47593,1053086,1926,0,1619,793,0,0,7707080,7331536,7239916,2108,145048
2018-05-15_18-26-16.407032030,1526401576.409151033,4168737912,2018-05-15_18-26-46.453291365,1526401606.455516905,0.22,0.15,0.14,2834691328,1609161777214,0,0,0,1304,0,47974,1064545,1926,0,1630,923,0,0,7707080,7331644,7240032,2108,145052
2018-05-15_18-26-46.490904637,1526401606.492996669,4208342456,2018-05-15_18-27-16.534369097,1526401636.536523001,0.13,0.13,0.14,2865336574,1624958890934,0,0,0,1314,0,48336,1076007,1926,0,1644,1026,0,0,7707080,7331484,7239868,2108,145052
2018-05-15_18-27-16.570040221,1526401636.572166258,4238408784,2018-05-15_18-27-46.612913565,1526401666.615155272,0.19,0.15,0.14,2896331800,1640868497992,0,0,0,1326,0,48683,1087475,1926,0,1657,1137,0,0,7707080,7331748,7240132,2108,145052
2018-05-15_18-27-46.648797904,1526401666.650896727,4152977022,2018-05-15_18-28-16.692481246,1526401696.694649962,0.12,0.14,0.14,2926006426,1656458900756,0,0,0,1339,0,49072,1098922,1926,0,1667,1333,0,0,7707080,7331688,7239620,2108,145056
2018-05-15_18-28-16.727532694,1526401696.729660867,4207011224,2018-05-15_18-28-46.770687662,1526401726.772821984,0.25,0.17,0.15,2956202812,1672250174830,0,0,0,1351,0,49404,1110403,1926,0,1681,1406,0,0,7707080,7331620,7240212,2108,145056
2018-05-15_18-28-46.805930139,1526401726.808048451,4085541512,2018-05-15_18-29-16.851239452,1526401756.853477822,0.21,0.17,0.15,2984877058,1687588018564,0,0,0,1361,0,49789,1121876,1926,0,1691,1496,0,0,7707080,7331868,7240064,2108,145056
2018-05-15_18-29-16.887075040,1526401756.889200381,4184493160,2018-05-15_18-29-46.929761367,1526401786.931951761,0.18,0.17,0.15,3014791024,1703296033522,0,0,0,1373,0,50165,1133338,1926,0,1704,1566,0,0,7707080,7331824,7240020,2108,145056
2018-05-15_18-29-46.964831075,1526401786.966953992,4235779239,2018-05-15_18-30-17.009944396,1526401817.012119184,0.17,0.17,0.14,3045952450,1719197304202,0,0,0,1386,0,50531,1144790,1926,0,1718,1648,0,0,7707080,7331952,7240004,2108,145060
2018-05-15_18-30-17.044955169,1526401817.047083229,4269588561,2018-05-15_18-30-47.089960154,1526401847.092115631,0.16,0.17,0.14,3077584996,1735223387940,0,0,0,1396,0,50847,1156275,1926,0,1732,1749,0,0,7707080,7332148,7240348,2108,145060
2018-05-15_18-30-47.125421947,1526401847.127562546,4216321730,2018-05-15_18-31-17.169767336,1526401877.171928004,0.10,0.15,0.14,3108491902,1751050900928,0,0,0,1407,0,51198,1167741,1926,0,1742,1872,0,0,7707080,7332168,7240368,2108,145060
2018-05-15_18-31-17.205015831,1526401877.207146222,4172171343,2018-05-15_18-31-47.249839086,1526401907.252031491,0.12,0.15,0.14,3139080448,1766714314454,0,0,0,1420,0,51577,1179201,1926,0,1757,1961,0,0,7707080,7331244,7239640,2108,145060
2018-05-15_18-31-47.285180110,1526401907.287329782,4151601473,2018-05-15_18-32-17.330694812,1526401937.332969906,0.14,0.15,0.14,3169826014,1782298600246,0,0,0,1430,0,51892,1190701,1926,0,1769,2047,0,0,7707080,7333148,7241280,2108,145060
2018-05-15_18-32-17.366174053,1526401937.368290453,4141703985,2018-05-15_18-32-47.409496230,1526401967.411598099,0.14,0.15,0.14,3199450120,1797846957748,0,0,0,1442,0,52279,1202167,1926,0,1780,2083,0,0,7707080,7332420,7240620,2108,145060
2018-05-15_18-32-47.444725604,1526401967.446869636,4078330041,2018-05-15_18-33-17.491722438,1526401997.493888876,0.16,0.16,0.14,3228101326,1813158022728,0,0,0,1451,0,52642,1213660,1926,0,1793,2114,0,0,7707080,7332816,7241216,2108,145060
2018-05-15_18-33-17.526997049,1526401997.529112120,4200532888,2018-05-15_18-33-47.572129085,1526402027.574337233,0.09,0.14,0.13,3258085492,1828927819116,0,0,0,1458,0,53023,1225126,1926,0,1805,2151,0,0,7707080,7333052,7241444,2108,145060
