StartTime,StartEpoch,BW,EndTime,EndEpoch,CPULoad1m,CPULoad5m,CPULoad5m,NetDevRX,NetDevTX,IRQconfig,IRQinput,IRQoutput,user,nice,system,idle,iowait,irq,softirq,steal,guest,guest_nice,MemTotal,MemFree,MemAvailable,Buffers,Cached
2018-05-09_14-05-30.748608796,1525867530.750992751,23291813764,2018-05-09_14-06-00.794242825,1525867560.796530312,0.33,0.32,0.43,31236018758,29035232367912,,,,7514,6,485697,4299396,1031,0,10386,241,0,0,7707424,7215652,7128796,948,150904
2018-05-09_14-06-00.830408624,1525867560.832520310,23517017087,2018-05-09_14-06-30.874738581,1525867590.876987045,0.41,0.34,0.43,31318752182,29126687049558,,,,7537,6,487360,4308360,1031,0,10405,241,0,0,7707424,7214992,7127828,948,150908
2018-05-09_14-06-30.909449502,1525867590.911527253,21496324890,2018-05-09_14-07-00.953742001,1525867620.955956721,0.37,0.34,0.43,31394460242,29210282268354,,,,7555,6,488890,4317503,1031,0,10426,242,0,0,7707424,7228280,7141128,948,150904
2018-05-09_14-07-00.989443450,1525867620.991556842,23418975414,2018-05-09_14-07-31.044055887,1525867651.046609013,0.42,0.35,0.43,31476894672,29301357086782,,,,7571,6,490571,4326446,1031,0,10444,242,0,0,7707424,7228592,7141468,948,150904
2018-05-09_14-07-31.082773656,1525867651.085301973,23166260243,2018-05-09_14-08-01.129935381,1525867681.132089198,0.45,0.37,0.43,31558422944,29391448044372,,,,7586,6,492245,4335445,1031,0,10462,242,0,0,7707424,7228856,7142024,948,150904
2018-05-09_14-08-01.165335086,1525867681.167740317,23420928039,2018-05-09_14-08-31.210655907,1525867711.212965283,0.69,0.43,0.45,31640866820,29482529283836,,,,7603,6,493945,4344381,1031,0,10483,243,0,0,7707424,7229084,7142224,948,150904
2018-05-09_14-08-31.245974779,1525867711.248092192,21435943837,2018-05-09_14-09-01.288972567,1525867741.291038285,0.54,0.42,0.45,31716391404,29565889659036,,,,7615,6,495422,4353513,1031,0,10498,243,0,0,7707424,7229512,7142680,948,150904
2018-05-09_14-09-01.322943215,1525867741.325041694,23543005593,2018-05-09_14-09-31.368818803,1525867771.371078452,0.50,0.43,0.45,31799240644,29657447806792,,,,7632,6,497096,4362479,1031,0,10517,244,0,0,7707424,7229840,7142984,948,150904
2018-05-09_14-09-31.403566771,1525867771.405714049,23383826028,2018-05-09_14-10-01.447867079,1525867801.450232192,0.49,0.43,0.45,31881536598,29748383194296,,,,7650,6,498746,4371444,1031,0,10541,244,0,0,7707424,7229044,7142212,948,150904
2018-05-09_14-10-01.483172943,1525867801.485360584,23400503191,2018-05-09_14-10-31.552283452,1525867831.556497429,0.79,0.52,0.48,31963908400,29839387278010,,,,7671,6,500428,4380436,1031,0,10562,244,0,0,7707424,7229068,7142208,948,150908
2018-05-09_14-10-31.595655181,1525867831.597810999,21425642712,2018-05-09_14-11-01.643016476,1525867861.645140278,0.66,0.52,0.48,32039395692,29922708672898,,,,7695,6,501881,4389612,1031,0,10590,244,0,0,7707424,7228780,7141720,948,150912
2018-05-09_14-11-01.679006480,1525867861.681096834,23406140579,2018-05-09_14-11-31.722063688,1525867891.724142601,0.60,0.52,0.48,32121760098,30013730278058,,,,7711,6,503585,4398527,1031,0,10612,244,0,0,7707424,7229156,7142308,948,150912
2018-05-09_14-11-31.756411322,1525867891.758512933,23508503104,2018-05-09_14-12-01.800059107,1525867921.802198648,0.57,0.52,0.49,32204472238,30105150690886,,,,7731,6,505208,4407508,1031,0,10635,245,0,0,7707424,7216592,7129580,948,150924
2018-05-09_14-12-01.834231092,1525867921.836308400,23555835812,2018-05-09_14-12-31.877883300,1525867951.880049622,0.55,0.52,0.49,32287376866,30196755461968,,,,7751,6,506845,4416425,1031,0,10659,245,0,0,7707424,7215832,7129188,948,150924
2018-05-09_14-12-31.911879916,1525867951.914016040,21503690822,2018-05-09_14-13-01.957586865,1525867981.959739566,0.60,0.53,0.49,32363146788,30280378882868,,,,7770,6,508312,4425545,1031,0,10685,245,0,0,7707424,7216580,7129732,948,150924
2018-05-09_14-13-01.992642528,1525867981.994780666,23388691790,2018-05-09_14-13-32.043200347,1525868012.045531343,0.57,0.53,0.50,32445486084,30371336525732,,,,7795,6,509958,4434484,1031,0,10710,245,0,0,7707424,7216192,7129340,948,150928
2018-05-09_14-13-32.080795403,1525868012.083040023,23329024784,2018-05-09_14-14-02.126824190,1525868042.129119140,0.53,0.52,0.50,32527593084,30462058307206,,,,7813,6,511563,4443469,1031,0,10729,245,0,0,7707424,7215628,7128772,948,150928
2018-05-09_14-14-02.161626766,1525868042.163679241,21280445602,2018-05-09_14-14-32.206303737,1525868072.208513894,0.46,0.51,0.49,32602591146,30544816272162,,,,7832,6,513020,4452612,1031,0,10753,247,0,0,7707424,7215560,7128724,948,150936
2018-05-09_14-14-32.240712069,1525868072.242982307,23514098756,2018-05-09_14-15-02.285070730,1525868102.287274971,0.54,0.52,0.50,32685354018,30636258352638,,,,7846,6,514624,4461553,1031,0,10771,247,0,0,7707424,7228560,7141712,948,150932
2018-05-09_14-15-02.319914752,1525868102.322016265,23330150142,2018-05-09_14-15-32.364103219,1525868132.366231766,0.65,0.55,0.51,32767473666,30726986951464,,,,7867,6,516211,4470548,1031,0,10797,247,0,0,7707424,7227568,7140740,948,150932
2018-05-09_14-15-32.398234909,1525868132.400256378,23555905043,2018-05-09_14-16-02.443116109,1525868162.445342985,0.60,0.55,0.51,32850373566,30818593073478,,,,7888,6,517869,4479443,1045,0,10827,247,0,0,7707424,7226032,7139672,948,152392
2018-05-09_14-16-02.478358415,1525868162.480475260,23392748571,2018-05-09_14-16-32.544195134,1525868192.546872096,0.54,0.54,0.51,32932705038,30909566345074,,,,7905,6,519487,4488368,1045,0,10840,247,0,0,7707424,7225756,7139644,948,152392
2018-05-09_14-16-32.585825457,1525868192.588084949,23528717563,2018-05-09_14-17-02.634759421,1525868222.636905036,0.51,0.54,0.50,33015498848,31001068319058,,,,7920,6,521084,4497356,1045,0,10856,248,0,0,7707424,7227000,7140900,948,152392
2018-05-09_14-17-02.669982414,1525868222.672186354,21612749257,2018-05-09_14-17-32.714287171,1525868252.716476726,0.50,0.53,0.50,33091631824,31085117260804,,,,7935,6,522544,4506465,1045,0,10877,248,0,0,7707424,7226380,7140268,948,152392
2018-05-09_14-17-32.748622088,1525868252.750720614,23518965178,2018-05-09_14-18-02.792965802,1525868282.795065046,0.62,0.56,0.51,33174382008,31176580457280,,,,7949,6,524191,4515422,1045,0,10893,249,0,0,7707424,7226932,7141212,948,152392
2018-05-09_14-18-02.826992745,1525868282.829007119,23469951763,2018-05-09_14-18-32.871709532,1525868312.873932661,0.46,0.53,0.50,33256933656,31267852322470,,,,7962,6,525762,4524400,1045,0,10922,249,0,0,7707424,7227672,7141560,948,152392
2018-05-09_14-18-32.905939202,1525868312.907966985,21566568535,2018-05-09_14-19-02.950764110,1525868342.953105623,0.33,0.49,0.49,33332911886,31351720109008,,,,7995,6,527267,4533486,1048,0,10966,249,0,0,7707424,7218848,7136140,948,158628
2018-05-09_14-19-02.985962640,1525868342.988070619,23489760569,2018-05-09_14-19-33.041031964,1525868373.043646681,0.40,0.49,0.49,33415588502,31443071403910,,,,8012,6,528867,4542461,1048,0,10993,249,0,0,7707424,7219232,7136712,948,158656
2018-05-09_14-19-33.080986831,1525868373.083184987,23490301494,2018-05-09_14-20-03.128220349,1525868403.130352137,0.69,0.54,0.51,33498233344,31534420061276,,,,8042,6,530475,4551344,1048,0,11050,249,0,0,7707424,7205920,7123296,948,158676
2018-05-09_14-20-03.162512511,1525868403.164544418,23478362030,2018-05-09_14-20-33.209151826,1525868433.211313038,0.64,0.54,0.51,33580835548,31625724923286,,,,8059,6,532071,4560314,1048,0,11077,249,0,0,7707424,7206244,7123628,948,158816
2018-05-09_14-20-33.243635797,1525868433.245738020,23557045860,2018-05-09_14-21-03.286812492,1525868463.288901655,0.64,0.55,0.51,33663744362,31717335486508,,,,8088,6,533677,4569199,1051,0,11126,250,0,0,7707424,7204632,7122796,948,160824
2018-05-09_14-21-03.320128507,1525868463.324633048,23520372140,2018-05-09_14-21-33.366142527,1525868493.368389485,0.64,0.56,0.52,33746518988,31808801401570,,,,8106,6,535236,4578193,1051,0,11151,250,0,0,7707424,7205576,7123748,948,160824
2018-05-09_14-21-33.400388628,1525868493.402492167,21539540176,2018-05-09_14-22-03.444223972,1525868523.446387768,0.67,0.57,0.52,33822411828,31892564901820,,,,8129,6,536645,4587321,1051,0,11177,251,0,0,7707424,7205164,7123596,948,160824
2018-05-09_14-22-03.478723911,1525868523.480751294,23537896700,2018-05-09_14-22-33.530085759,1525868553.532380324,0.53,0.55,0.51,33905240974,31984102628026,,,,8159,6,538244,4596305,1051,0,11204,251,0,0,7707424,7204432,7122860,948,160828
2018-05-09_14-22-33.568154149,1525868553.570707714,23502974870,2018-05-09_14-23-03.614718320,1525868583.616913898,0.53,0.55,0.51,33987928956,32075503267282,,,,8180,6,539824,4605228,1051,0,11220,251,0,0,7707424,7217864,7136288,948,160824
2018-05-09_14-23-03.648903142,1525868583.650952078,23489594303,2018-05-09_14-23-33.693076108,1525868613.695319939,0.58,0.56,0.52,34070583056,32166851079642,,,,8194,6,541403,4614161,1051,0,11237,251,0,0,7707424,7218012,7135856,948,160824
2018-05-09_14-23-33.728048995,1525868613.730132731,21481133728,2018-05-09_14-24-03.772295379,1525868643.774769989,0.62,0.57,0.52,34146274796,32250389143350,,,,8211,6,542825,4623346,1051,0,11251,251,0,0,7707424,7217720,7135864,948,160824
2018-05-09_14-24-03.806538961,1525868643.808645715,23564861293,2018-05-09_14-24-33.849969378,1525868673.852149154,0.55,0.56,0.52,34229187408,32342028466794,,,,8224,6,544353,4632312,1051,0,11262,251,0,0,7707424,7217764,7136332,948,160824
2018-05-09_14-24-33.884430931,1525868673.886499225,23487337201,2018-05-09_14-25-03.933998609,1525868703.936212221,0.54,0.56,0.52,34311813834,32433366865900,,,,8246,6,545899,4641311,1051,0,11284,251,0,0,7707424,7217632,7136252,948,160828
2018-05-09_14-25-03.968176955,1525868703.970219319,23449585415,2018-05-09_14-25-34.035366724,1525868734.038423650,0.47,0.53,0.51,34394328472,32524560517738,,,,8261,6,547464,4650305,1051,0,11298,252,0,0,7707424,7217748,7136172,948,160828
2018-05-09_14-25-34.077056451,1525868734.079488332,21444847795,2018-05-09_14-26-04.126675801,1525868764.128862442,0.36,0.50,0.50,34469886270,32607957414964,,,,8275,6,548886,4659446,1051,0,11311,253,0,0,7707424,7217308,7135928,948,160828
2018-05-09_14-26-04.162398833,1525868764.164469857,21386712377,2018-05-09_14-26-34.207891514,1525868794.210042528,0.41,0.50,0.50,34545235862,32691128454814,,,,8291,6,550279,4668575,1051,0,11325,253,0,0,7707424,7217624,7135988,948,160828
2018-05-09_14-26-34.242805973,1525868794.244890423,23534691152,2018-05-09_14-27-04.286139915,1525868824.288456915,0.47,0.50,0.50,34628053054,32782651444078,,,,8310,6,551814,4677547,1051,0,11364,253,0,0,7707424,7217800,7135944,948,160828
2018-05-09_14-27-04.320705513,1525868824.322769368,23464117396,2018-05-09_14-27-34.365014669,1525868854.367066307,0.61,0.53,0.51,34710595702,32873900145568,,,,8326,6,553382,4686539,1051,0,11380,253,0,0,7707424,7217384,7136008,948,160828
2018-05-09_14-27-34.398756992,1525868854.400777239,23563450637,2018-05-09_14-28-04.443391000,1525868884.445539242,0.63,0.54,0.51,34793497620,32965535105018,,,,8346,6,554943,4695461,1051,0,11415,254,0,0,7707424,7204544,7123176,948,160836
2018-05-09_14-28-04.478346686,1525868884.480404619,21463981623,2018-05-09_14-28-34.542807611,1525868914.545845443,0.44,0.51,0.50,34869127282,33049005571898,,,,8360,6,556350,4704644,1051,0,11485,254,0,0,7707424,7204804,7123364,948,160836
2018-05-09_14-28-34.582917423,1525868914.585035834,23494035551,2018-05-09_14-29-04.630165499,1525868944.632305035,0.41,0.49,0.50,34951809172,33140369318258,,,,8378,6,557900,4713613,1051,0,11517,256,0,0,7707424,7204496,7122936,948,160840
2018-05-09_14-29-04.665942841,1525868944.668103907,23457522923,2018-05-09_14-29-34.709649044,1525868974.711916819,0.45,0.49,0.50,35034347314,33231590737696,,,,8396,6,559412,4722571,1051,0,11539,256,0,0,7707424,7205088,7123524,948,160840
2018-05-09_14-29-34.745130464,1525868974.747272732,23550072855,2018-05-09_14-30-04.791808431,1525869004.793834105,0.62,0.53,0.51,35117222424,33323174312514,,,,8421,6,561036,4731512,1051,0,11564,256,0,0,7707424,7204244,7122676,948,160848
2018-05-09_14-30-04.827268997,1525869004.829353723,21488843107,2018-05-09_14-30-34.872092819,1525869034.874210078,0.45,0.49,0.50,35192932748,33406740636232,,,,8437,6,562397,4740648,1051,0,11583,257,0,0,7707424,7204392,7122768,948,160848
2018-05-09_14-30-34.905571785,1525869034.907625692,23540015385,2018-05-09_14-31-04.950407753,1525869064.952608350,0.39,0.48,0.49,35275764934,33498284995538,,,,8451,6,564010,4749566,1051,0,11601,258,0,0,7707424,7217264,7135696,948,160844
2018-05-09_14-31-04.985663794,1525869064.987790307,23494706316,2018-05-09_14-31-35.040341854,1525869095.043351702,0.58,0.51,0.51,35358445206,33589651922134,,,,8470,6,565568,4758523,1051,0,11622,258,0,0,7707424,7217260,7135700,948,160848
2018-05-09_14-31-35.081856408,1525869095.084052756,23561161534,2018-05-09_14-32-05.130107536,1525869125.132301734,0.54,0.51,0.50,35441371092,33681279523840,,,,8483,6,567065,4767481,1051,0,11638,258,0,0,7707424,7218292,7136732,948,160848
2018-05-09_14-32-05.166064336,1525869125.168172198,21491355683,2018-05-09_14-32-35.209678234,1525869155.211889063,0.58,0.52,0.51,35517105294,33764854895694,,,,8497,6,568464,4776655,1051,0,11649,258,0,0,7707424,7217404,7135840,948,160848
2018-05-09_14-32-35.244832884,1525869155.246976502,23553832843,2018-05-09_14-33-05.290081871,1525869185.292172234,0.56,0.52,0.51,35599987626,33856454377262,,,,8508,6,569962,4785623,1051,0,11666,258,0,0,7707424,7217956,7136396,948,160848
2018-05-09_14-33-05.324256829,1525869185.326334730,23432007487,2018-05-09_14-33-35.366926550,1525869215.369051623,0.68,0.55,0.52,35682436434,33947577114054,,,,8523,6,571497,4794567,1051,0,11714,258,0,0,7707424,7218384,7136624,948,160848
2018-05-09_14-33-35.401334106,1525869215.403377696,23616106150,2018-05-09_14-34-05.446819279,1525869245.449179074,0.75,0.58,0.52,35765515402,34039418165260,,,,8538,6,572999,4803579,1051,0,11754,259,0,0,7707424,7217536,7135572,948,160848
2018-05-09_14-34-05.482330983,1525869245.484446983,23121211759,2018-05-09_14-34-35.544862365,1525869275.548204764,0.71,0.59,0.53,35846880630,34129333288398,,,,8567,6,574710,4812424,1051,0,11783,259,0,0,7707424,7217924,7136356,948,160852
2018-05-09_14-34-35.588660763,1525869275.591269323,23146237950,2018-05-09_14-35-05.634584505,1525869305.636774099,0.83,0.63,0.54,35928330994,34219346362682,,,,8582,6,576367,4821385,1051,0,11825,259,0,0,7707424,7217692,7136124,948,160852
2018-05-09_14-35-05.670452101,1525869305.672638479,23511420281,2018-05-09_14-35-35.714904774,1525869335.717027970,0.63,0.60,0.54,36011080894,34310777909564,,,,8595,6,577983,4830376,1051,0,11867,259,0,0,7707424,7217280,7135716,948,160852
2018-05-09_14-35-35.749148714,1525869335.751266903,21508984933,2018-05-09_14-36-05.793131501,1525869365.795340313,0.51,0.57,0.53,36086859414,34394423470886,,,,8609,6,579437,4839470,1051,0,11902,259,0,0,7707424,7204716,7122888,948,160860
2018-05-09_14-36-05.827651201,1525869365.829780620,23632239270,2018-05-09_14-36-35.872109279,1525869395.874179988,0.56,0.58,0.53,36170004686,34486327469318,,,,8624,6,581016,4848445,1051,0,11918,259,0,0,7707424,7204272,7122716,948,160860
2018-05-09_14-36-35.906040393,1525869395.908139248,23580795065,2018-05-09_14-37-05.950340735,1525869425.952483750,0.49,0.56,0.53,36252948532,34578031522680,,,,8642,6,582663,4857344,1051,0,11937,259,0,0,7707424,7204552,7122992,948,160864
2018-05-09_14-37-05.985223540,1525869425.987359263,23582804097,2018-05-09_14-37-36.050876796,1525869456.054124997,0.52,0.55,0.53,36335927404,34669743470798,,,,8661,6,584256,4866281,1051,0,11958,260,0,0,7707424,7204892,7123368,948,160868
2018-05-09_14-37-36.093498918,1525869456.095743452,21550430597,2018-05-09_14-38-06.143518159,1525869486.145625906,0.56,0.56,0.53,36411842030,34753549487164,,,,8676,6,585690,4875428,1051,0,11979,260,0,0,7707424,7204712,7123160,948,160868
2018-05-09_14-38-06.178397644,1525869486.180621675,23481370199,2018-05-09_14-38-36.224619748,1525869516.226707306,0.61,0.57,0.53,36494480584,34844866358128,,,,8702,6,587357,4884305,1051,0,12015,260,0,0,7707424,7204752,7122728,948,160872
2018-05-09_14-38-36.258998507,1525869516.261218340,23505823280,2018-05-09_14-39-06.306251702,1525869546.308527769,0.62,0.58,0.54,36577199784,34936280086060,,,,8719,6,589023,4893260,1051,0,12033,260,0,0,7707424,7217796,7136088,948,160864
2018-05-09_14-39-06.340973381,1525869546.343054205,23419090386,2018-05-09_14-39-36.384147408,1525869576.386245082,0.56,0.57,0.54,36659605384,35027352393808,,,,8735,6,590612,4902286,1051,0,12049,261,0,0,7707424,7217832,7136276,948,160864
2018-05-09_14-39-36.417812206,1525869576.419865227,20307833949,2018-05-09_14-40-06.462782262,1525869606.464972902,0.46,0.55,0.53,36731260594,35106327113822,,,,8754,6,591973,4911549,1051,0,12097,261,0,0,7707424,7217688,7136136,948,160868
2018-05-09_14-40-06.497239733,1525869606.499316430,23639656970,2018-05-09_14-40-36.542876724,1525869636.544978283,0.69,0.59,0.54,36814440196,35198259411206,,,,8770,6,593647,4920499,1051,0,12112,262,0,0,7707424,7217624,7136076,948,160872
2018-05-09_14-40-36.577886775,1525869636.579974784,23511779331,2018-05-09_14-41-06.643612039,1525869666.646209736,0.62,0.59,0.54,36897187552,35289695025064,,,,8785,6,595281,4929444,1051,0,12127,262,0,0,7707424,7217376,7135528,948,160872
2018-05-09_14-41-06.684727840,1525869666.686929024,23520663624,2018-05-09_14-41-36.732815290,1525869696.734947632,0.57,0.58,0.54,36979968654,35381164085978,,,,8799,6,596884,4938411,1051,0,12171,262,0,0,7707424,7217480,7135936,948,160872
2018-05-09_14-41-36.768506162,1525869696.770607841,21436175636,2018-05-09_14-42-06.813311671,1525869726.815650001,0.60,0.59,0.54,37055506588,35464527379504,,,,8813,6,598308,4947589,1051,0,12204,262,0,0,7707424,7217316,7135764,948,160872
2018-05-09_14-42-06.848608876,1525869726.850737120,21466796684,2018-05-09_14-42-36.893108504,1525869756.895571092,0.44,0.55,0.53,37131150808,35548008439300,,,,8827,6,599738,4956772,1051,0,12218,262,0,0,7707424,7217980,7136408,948,160872
2018-05-09_14-42-36.927641504,1525869756.929735682,23557165326,2018-05-09_14-43-06.974480306,1525869786.976608924,0.41,0.53,0.53,37214055228,35639620578118,,,,8850,6,601479,4965656,1051,0,12242,263,0,0,7707424,7216200,7134652,948,160872
2018-05-09_14-43-07.008983651,1525869787.011114443,23520042137,2018-05-09_14-43-37.077736484,1525869817.081179760,0.36,0.50,0.52,37296809108,35731087508616,,,,8865,6,603101,4974586,1051,0,12261,263,0,0,7707424,7217776,7136224,948,160872
2018-05-09_14-43-37.120490774,1525869817.122513657,23589851666,2018-05-09_14-44-07.168976874,1525869847.171244668,0.41,0.50,0.51,37379837318,35822825742442,,,,8884,6,604726,4983552,1051,0,12285,263,0,0,7707424,7203944,7122392,948,160884
2018-05-09_14-44-07.204606039,1525869847.206643286,21499318204,2018-05-09_14-44-37.248938125,1525869877.251203288,0.57,0.53,0.52,37455581548,35906432116308,,,,8898,6,606165,4992659,1051,0,12303,263,0,0,7707424,7204956,7123092,948,160884
2018-05-09_14-44-37.283824492,1525869877.285916708,23535614001,2018-05-09_14-45-07.328419154,1525869907.330540914,0.62,0.54,0.53,37538392616,35997959592190,,,,8916,6,607867,5001570,1051,0,12348,264,0,0,7707424,7204116,7122280,948,160884
2018-05-09_14-45-07.363252615,1525869907.365270947,23467777299,2018-05-09_14-45-37.407836801,1525869937.409985775,0.58,0.54,0.53,37620965712,36089224350856,,,,8933,6,609494,5010546,1051,0,12400,264,0,0,7707424,7204484,7122868,948,160888
2018-05-09_14-45-37.441597678,1525869937.443641641,23496702214,2018-05-09_14-46-07.487079402,1525869967.489242615,0.61,0.55,0.53,37703663018,36180600458066,,,,8946,6,611184,5019424,1051,0,12448,264,0,0,7707424,7204032,7122684,948,160888
2018-05-09_14-46-07.522018677,1525869967.524096264,21532534328,2018-05-09_14-46-37.585475267,1525869997.588363568,0.58,0.55,0.53,37779515642,36264337159314,,,,8967,6,612659,5028558,1051,0,12495,264,0,0,7707424,7204052,7122512,948,160892
2018-05-09_14-46-37.626590561,1525869997.628942879,23620528292,2018-05-09_14-47-07.676122225,1525870027.678641412,0.69,0.58,0.54,37862619700,36356195089772,,,,8984,6,614319,5037476,1051,0,12542,264,0,0,7707424,7216708,7135156,948,160884
2018-05-09_14-47-07.711707046,1525870027.713784014,23531917089,2018-05-09_14-47-37.757075244,1525870057.759203846,0.81,0.62,0.55,37945410806,36447708660470,,,,9005,6,615950,5046402,1051,0,12575,265,0,0,7707424,7216536,7135004,948,160884
2018-05-09_14-47-37.791675737,1525870057.793811030,23609179713,2018-05-09_14-48-07.835000062,1525870087.837347859,0.76,0.62,0.56,38028460876,36539521473446,,,,9018,6,617609,5055364,1051,0,12593,265,0,0,7707424,7216824,7135288,948,160884
2018-05-09_14-48-07.869645083,1525870087.871825647,21554501932,2018-05-09_14-48-37.914779286,1525870117.917030795,0.71,0.62,0.56,38104393832,36623344130398,,,,9032,6,619074,5064496,1051,0,12609,265,0,0,7707424,7216884,7135364,948,160884
2018-05-09_14-48-37.949635293,1525870117.951770988,23633624965,2018-05-09_14-49-07.994620918,1525870147.996886030,0.75,0.64,0.57,38187544238,36715252247290,,,,9049,6,620692,5073454,1051,0,12624,265,0,0,7707424,7216884,7135364,948,160888
2018-05-09_14-49-08.029419743,1525870148.031518603,23516247158,2018-05-09_14-49-38.096919647,1525870178.099839568,0.85,0.68,0.58,38270284766,36806707123474,,,,9064,6,622333,5082435,1051,0,12640,265,0,0,7707424,7217016,7135516,948,160888
2018-05-09_14-49-38.137533333,1525870178.140134803,23549594441,2018-05-09_14-50-08.187983593,1525870208.190189164,0.70,0.66,0.58,38353159664,36898288181218,,,,9086,6,624005,5091327,1051,0,12662,266,0,0,7707424,7216688,7134896,948,160896
2018-05-09_14-50-08.222802404,1525870208.224868955,23509347753,2018-05-09_14-50-38.266485389,1525870238.268670492,0.68,0.66,0.59,38435871796,36989711541344,,,,9107,6,625694,5100275,1051,0,12680,267,0,0,7707424,7216368,7135060,948,160896
2018-05-09_14-50-38.303070861,1525870238.305177027,23504275252,2018-05-09_14-51-08.347949045,1525870268.350051366,0.47,0.61,0.57,38518566464,37081116958934,,,,9128,6,627360,5109168,1051,0,12705,267,0,0,7707424,7215744,7134004,948,160900
2018-05-09_14-51-08.382095707,1525870268.384399047,21370960773,2018-05-09_14-51-38.426012598,1525870298.428165031,0.54,0.62,0.58,38593879278,37164224635164,,,,9161,6,628813,5118276,1052,0,12729,267,0,0,7707424,7208688,7127424,948,160948
2018-05-09_14-51-38.459612204,1525870298.461674245,23124386554,2018-05-09_14-52-08.503618073,1525870328.505800674,0.54,0.61,0.58,38675255820,37254153264780,,,,9179,6,630470,5127239,1052,0,12749,268,0,0,7707424,7204340,7122812,948,160956
2018-05-09_14-52-08.537705910,1525870328.539736089,23339785416,2018-05-09_14-52-38.587961418,1525870358.590272890,0.59,0.61,0.58,38757399472,37344920304024,,,,9202,6,632120,5136138,1052,0,12804,268,0,0,7707424,7205048,7123568,948,160956
2018-05-09_14-52-38.623927660,1525870358.626486053,23507255321,2018-05-09_14-53-08.668015097,1525870388.670126186,0.62,0.62,0.58,38840091482,37436335492278,,,,9233,6,633876,5145021,1052,0,12842,268,0,0,7707424,7204316,7123052,948,160960
2018-05-09_14-53-08.703024150,1525870388.705059704,21445514655,2018-05-09_14-53-38.747836515,1525870418.750122085,0.45,0.58,0.57,38915640680,37519735050180,,,,9249,6,635329,5154173,1052,0,12874,268,0,0,7707424,7204100,7122620,948,160960
2018-05-09_14-53-38.782485558,1525870418.784646967,23368140912,2018-05-09_14-54-08.825931372,1525870448.828111969,0.49,0.57,0.57,38997855256,37610609185432,,,,9269,6,636961,5163112,1052,0,12907,268,0,0,7707424,7204292,7123040,948,160964
2018-05-09_14-54-08.859908943,1525870448.862014518,23493132170,2018-05-09_14-54-38.903993462,1525870478.906064591,0.50,0.56,0.57,39080505542,37701971205988,,,,9286,6,638592,5172099,1052,0,12926,268,0,0,7707424,7203940,7122196,948,160964
2018-05-09_14-54-38.938317986,1525870478.940351495,23543353838,2018-05-09_14-55-08.983050354,1525870508.985222911,0.55,0.57,0.57,39163342158,37793528364204,,,,9300,6,640206,5181035,1052,0,12948,268,0,0,7707424,7216704,7135236,948,160956
2018-05-09_14-55-09.018548791,1525870509.020680130,21334246757,2018-05-09_14-55-39.076299680,1525870539.078874415,0.48,0.55,0.57,39238525412,37876496010668,,,,9315,6,641648,5190171,1052,0,12968,269,0,0,7707424,7216468,7135008,948,160956
2018-05-09_14-55-39.115011470,1525870539.117307530,23451444542,2018-05-09_14-56-09.164065302,1525870569.166217293,0.63,0.58,0.58,39321051396,37967695623828,,,,9337,6,643326,5199097,1052,0,12992,269,0,0,7707424,7216596,7135136,948,160964
2018-05-09_14-56-09.199355309,1525870569.201477257,23445284229,2018-05-09_14-56-39.244709841,1525870599.249564237,0.75,0.62,0.59,39403519964,38058871746608,,,,9351,6,644973,5208023,1052,0,13006,270,0,0,7707424,7216408,7134960,948,160964
