StartTime,StartEpoch,EndTime,EndEpoch,CPULoad1m,CPULoad5m,CPULoad5m,NetDevRX,NetDevTX,IRQens2-0,IRQens2-1,IRQens2-2,IRQens2-3,IRQens2-4,IRQens2-5,IRQens2-6,IRQens2-7,user,nice,system,idle,iowait,irq,softirq,steal,guest,guest_nice,MemTotal,MemFree,MemAvailable,Buffers,Cached
2018-05-15_21-46-26.460623628,1526413586.462417570,2018-05-15_21-46-26.466366233,1526413586.468106222,1.17,1.37,1.40,3434,64,5,0,0,0,0,8,0,0,574712,0,442891,4908245,6188,0,85,0,572200,0,32804244,13918008,14363592,2116,755304
2018-05-15_21-46-56.511603978,1526413616.513384298,2018-05-15_21-46-56.517195409,1526413616.518911446,1.26,1.37,1.40,3434,64,5,0,0,0,0,8,0,0,576486,0,445459,4927743,6191,0,86,0,573970,0,32804244,13917724,14363312,2116,755308
2018-05-15_21-47-26.562972884,1526413646.564782942,2018-05-15_21-47-26.568719965,1526413646.570433935,1.47,1.41,1.42,3434,64,5,0,0,0,0,8,0,0,579221,0,448483,4945979,6192,0,86,0,576699,0,32804244,13919572,14365168,2116,755316
2018-05-15_21-47-56.614141435,1526413676.615934112,2018-05-15_21-47-56.619770946,1526413676.621478022,1.28,1.37,1.40,3434,64,5,0,0,0,0,8,0,0,582051,0,448841,4966806,6192,0,86,0,579523,0,32804244,13918684,14364280,2116,755316
2018-05-15_21-48-26.665305234,1526413706.667079333,2018-05-15_21-48-26.670927957,1526413706.672631203,1.49,1.41,1.42,3434,64,5,0,0,0,0,8,0,0,584600,0,452159,4984923,6199,0,87,0,582067,0,32804244,13919268,14364872,2116,755320
2018-05-15_21-48-56.716466739,1526413736.718281315,2018-05-15_21-48-56.722191922,1526413736.723951227,1.61,1.45,1.43,3434,64,5,0,0,0,0,8,0,0,587051,0,455444,5003179,6202,0,87,0,584512,0,32804244,13918032,14363640,2116,755324
2018-05-15_21-49-26.767774398,1526413766.769556512,2018-05-15_21-49-26.773426891,1526413766.775145728,1.45,1.43,1.42,3434,64,5,0,0,0,0,8,0,0,589910,0,455733,5024048,6203,0,87,0,587367,0,32804244,13931600,14376932,2116,755316
2018-05-15_21-49-56.819281773,1526413796.821043524,2018-05-15_21-49-56.824868703,1526413796.826571649,1.67,1.48,1.44,3434,64,5,0,0,0,0,8,0,0,592504,0,459017,5042148,6209,0,88,0,589956,0,32804244,13932412,14378276,2116,755316
2018-05-15_21-50-26.870002246,1526413826.871780963,2018-05-15_21-50-26.875666912,1526413826.877386343,1.80,1.53,1.45,3434,64,5,0,0,0,0,8,0,0,595049,0,462375,5060237,6212,0,88,0,592497,0,32804244,13933344,14378580,2116,755320
2018-05-15_21-50-56.920756000,1526413856.922521184,2018-05-15_21-50-56.926378616,1526413856.928097964,1.82,1.56,1.47,3434,64,5,0,0,0,0,8,0,0,597698,0,465645,5078326,6215,0,88,0,595142,0,32804244,13931968,14377840,2116,755320
2018-05-15_21-51-26.971893674,1526413886.973646412,2018-05-15_21-51-26.977483500,1526413886.979193250,1.86,1.60,1.48,3434,64,5,0,0,0,0,8,0,0,600067,0,469021,5096590,6217,0,89,0,597507,0,32804244,13933104,14378712,2116,755320
2018-05-15_21-51-57.022229140,1526413917.023996603,2018-05-15_21-51-57.027805270,1526413917.029513463,1.60,1.56,1.47,3434,64,5,0,0,0,0,8,0,0,602913,0,469295,5117487,6219,0,89,0,600349,0,32804244,13934204,14379812,2116,755320
2018-05-15_21-52-27.072481787,1526413947.074225278,2018-05-15_21-52-27.078024776,1526413947.079738599,1.56,1.56,1.48,3434,64,5,0,0,0,0,8,0,0,605352,0,472688,5135665,6219,0,90,0,602784,0,32804244,13933288,14378592,2116,755320
2018-05-15_21-52-57.123288709,1526413977.125213108,2018-05-15_21-52-57.129056882,1526413977.130765799,1.72,1.60,1.49,3434,64,5,0,0,0,0,8,0,0,608197,0,475694,5153823,6221,0,90,0,605623,0,32804244,13932680,14378552,2116,755320
2018-05-15_21-53-27.174517512,1526414007.176263859,2018-05-15_21-53-27.180075495,1526414007.181791734,1.35,1.52,1.47,3434,64,5,0,0,0,0,8,0,0,611037,0,475956,5174736,6223,0,90,0,608461,0,32804244,13932736,14378344,2116,755320
2018-05-15_21-53-57.225365920,1526414037.227124270,2018-05-15_21-53-57.231383450,1526414037.233101777,1.61,1.57,1.49,3434,64,5,0,0,0,0,8,0,0,613874,0,479043,5192818,6224,0,90,0,611293,0,32804244,13932776,14378388,2116,755324
2018-05-15_21-54-27.276942306,1526414067.278783023,2018-05-15_21-54-27.282807963,1526414067.284551746,1.78,1.61,1.51,3434,64,5,0,0,0,0,8,0,0,616513,0,482285,5210934,6228,0,91,0,613925,0,32804244,13919804,14365424,2116,755336
2018-05-15_21-54-57.328667506,1526414097.330497358,2018-05-15_21-54-57.334492451,1526414097.336234541,1.87,1.65,1.52,3434,64,5,0,0,0,0,8,0,0,618922,0,485701,5229099,6231,0,91,0,616327,0,32804244,13919080,14364964,2116,755340
2018-05-15_21-55-27.380127959,1526414127.381924649,2018-05-15_21-55-27.385831553,1526414127.387571036,1.92,1.68,1.54,3434,64,5,0,0,0,0,8,0,0,622450,0,488144,5247136,6233,0,92,0,619852,0,32804244,13919012,14364644,2116,755344
2018-05-15_21-55-57.431313610,1526414157.433108369,2018-05-15_21-55-57.437060396,1526414157.438811007,1.56,1.62,1.52,3434,64,5,0,0,0,0,8,0,0,625296,0,488397,5268049,6238,0,93,0,622691,0,32804244,13917796,14363440,2116,755352
2018-05-15_21-56-27.482965885,1526414187.484773748,2018-05-15_21-56-27.488726933,1526414187.490439787,1.73,1.65,1.53,3434,64,5,0,0,0,0,8,0,0,628829,0,490879,5286039,6240,0,93,0,626217,0,32804244,13918604,14364252,2116,755356
2018-05-15_21-56-57.534695637,1526414217.536504828,2018-05-15_21-56-57.540418715,1526414217.542160022,1.84,1.69,1.55,3434,64,5,0,0,0,0,8,0,0,632369,0,493311,5304070,6243,0,93,0,629753,0,32804244,13918888,14364540,2116,755360
2018-05-15_21-57-27.586015462,1526414247.587788654,2018-05-15_21-57-27.591651918,1526414247.593367352,1.51,1.62,1.53,3434,64,5,0,0,0,0,8,0,0,635212,0,493532,5325021,6247,0,93,0,632591,0,32804244,13932756,14378056,2116,755352
2018-05-15_21-57-57.636733261,1526414277.638491436,2018-05-15_21-57-57.642310791,1526414277.644026043,1.70,1.66,1.55,3434,64,5,0,0,0,0,8,0,0,638842,0,495920,5343019,6248,0,93,0,636215,0,32804244,13932268,14378184,2116,755352
2018-05-15_21-58-27.687330691,1526414307.689072958,2018-05-15_21-58-27.692880544,1526414307.694580820,1.82,1.69,1.56,3434,64,5,0,0,0,0,8,0,0,642383,0,498394,5361010,6250,0,94,0,639751,0,32804244,13933648,14379296,2116,755352
2018-05-15_21-58-57.737423071,1526414337.739182466,2018-05-15_21-58-57.743013924,1526414337.744726894,1.89,1.72,1.58,3434,64,5,0,0,0,0,8,0,0,645935,0,500852,5379001,6252,0,94,0,643298,0,32804244,13933912,14379560,2116,755352
2018-05-15_21-59-27.787550114,1526414367.789303603,2018-05-15_21-59-27.793106060,1526414367.794820913,1.93,1.75,1.59,3434,64,5,0,0,0,0,8,0,0,649554,0,503229,5397011,6255,0,94,0,646913,0,32804244,13932548,14378196,2116,755352
2018-05-15_21-59-57.838993761,1526414397.840779364,2018-05-15_21-59-57.844610765,1526414397.846342808,1.57,1.68,1.57,3434,64,5,0,0,0,0,8,0,0,652363,0,503456,5417995,6256,0,94,0,649716,0,32804244,13931112,14376760,2116,755352
2018-05-15_22-00-27.890455060,1526414427.892229252,2018-05-15_22-00-27.896131836,1526414427.897845146,1.74,1.71,1.59,3434,64,5,0,0,0,0,8,0,0,655910,0,505958,5435949,6259,0,95,0,653258,0,32804244,13933364,14379032,2116,755372
2018-05-15_22-00-57.941164006,1526414457.943168361,2018-05-15_22-00-57.947176791,1526414457.948946567,1.84,1.73,1.60,3434,64,5,0,0,0,0,8,0,0,659336,0,508547,5453936,6263,0,96,0,656679,0,32804244,13930996,14376664,2116,755372
2018-05-15_22-01-27.992938623,1526414487.995035789,2018-05-15_22-01-27.999440281,1526414488.001403434,1.51,1.66,1.58,3434,64,5,0,0,0,0,8,0,0,662156,0,508765,5474916,6266,0,96,0,659495,0,32804244,13931372,14377048,2116,755376
2018-05-15_22-01-58.047817837,1526414518.049560279,2018-05-15_22-01-58.053360129,1526414518.055075904,1.65,1.68,1.59,3434,64,5,0,0,0,0,8,0,0,665819,0,511131,5492890,6270,0,96,0,663153,0,32804244,13932748,14378424,2116,755376
2018-05-15_22-02-28.098759116,1526414548.100598341,2018-05-15_22-02-28.104618319,1526414548.106397791,1.79,1.71,1.60,3434,64,5,0,0,0,0,8,0,0,669248,0,513738,5510855,6276,0,97,0,666576,0,32804244,13919268,14364684,2116,755384
2018-05-15_22-02-58.151396605,1526414578.153242955,2018-05-15_22-02-58.157254908,1526414578.159005752,1.87,1.74,1.61,3434,64,5,0,0,0,0,8,0,0,672703,0,516305,5528839,6279,0,98,0,670023,0,32804244,13918792,14364480,2116,755392
2018-05-15_22-03-28.203029084,1526414608.204833500,2018-05-15_22-03-28.208767724,1526414608.210510186,1.92,1.76,1.63,3434,64,5,0,0,0,0,8,0,0,675440,0,519413,5546921,6283,0,98,0,672755,0,32804244,13918568,14364516,2116,755392
2018-05-15_22-03-58.254496975,1526414638.256318633,2018-05-15_22-03-58.260267105,1526414638.262042179,1.56,1.69,1.61,3434,64,5,0,0,0,0,8,0,0,678277,0,519632,5567875,6290,0,99,0,675586,0,32804244,13918148,14363840,2116,755396
2018-05-15_22-04-28.306178091,1526414668.308024909,2018-05-15_22-04-28.312062851,1526414668.313838056,1.55,1.67,1.60,3434,64,5,0,0,0,0,8,0,0,680869,0,522891,5585972,6293,0,99,0,678171,0,32804244,13918348,14364048,2116,755404
2018-05-15_22-04-58.357908359,1526414698.359672133,2018-05-15_22-04-58.363505709,1526414698.365216440,1.60,1.67,1.60,3434,64,5,0,0,0,0,8,0,0,683539,0,526091,5604049,6295,0,100,0,680838,0,32804244,13919216,14364592,2116,755408
2018-05-15_22-05-28.408974819,1526414728.410759258,2018-05-15_22-05-28.414630882,1526414728.416466609,1.36,1.61,1.58,3434,64,5,0,0,0,0,8,0,0,686343,0,526338,5625015,6297,0,100,0,683637,0,32804244,13932740,14378444,2116,755404
2018-05-15_22-05-58.459958521,1526414758.461822389,2018-05-15_22-05-58.465676875,1526414758.467397443,1.63,1.65,1.60,3434,64,5,0,0,0,0,8,0,0,689113,0,529280,5643192,6305,0,101,0,686403,0,32804244,13933232,14378400,2116,755404
2018-05-15_22-06-28.511084815,1526414788.512845696,2018-05-15_22-06-28.516654338,1526414788.518374364,1.78,1.68,1.61,3434,64,5,0,0,0,0,8,0,0,691923,0,532370,5661267,6307,0,101,0,689208,0,32804244,13933640,14379348,2116,755408
2018-05-15_22-06-58.561455259,1526414818.563261903,2018-05-15_22-06-58.567105027,1526414818.568814710,1.87,1.71,1.62,3434,64,5,0,0,0,0,8,0,0,694792,0,535454,5679295,6309,0,102,0,692073,0,32804244,13934116,14380088,2116,755408
2018-05-15_22-07-28.611799170,1526414848.613544457,2018-05-15_22-07-28.617375109,1526414848.619096541,1.87,1.72,1.63,3434,64,5,0,0,0,0,8,0,0,697199,0,538811,5697434,6312,0,102,0,694477,0,32804244,13933800,14378868,2116,755408
2018-05-15_22-07-58.662426532,1526414878.664196847,2018-05-15_22-07-58.668025136,1526414878.669744645,1.52,1.65,1.61,3434,64,5,0,0,0,0,8,0,0,700006,0,539080,5718371,6314,0,103,0,697280,0,32804244,13933020,14378992,2116,755408
2018-05-15_22-08-28.712814843,1526414908.714567579,2018-05-15_22-08-28.718390829,1526414908.720105609,1.71,1.69,1.62,3434,64,5,0,0,0,0,8,0,0,702480,0,542347,5736559,6315,0,103,0,699749,0,32804244,13932184,14377896,2116,755408
2018-05-15_22-08-58.763867382,1526414938.765728835,2018-05-15_22-08-58.769580950,1526414938.771299517,1.83,1.72,1.63,3434,64,5,0,0,0,0,8,0,0,704752,0,545835,5754689,6316,0,103,0,702018,0,32804244,13931944,14377656,2116,755408
2018-05-15_22-09-28.815476003,1526414968.817444942,2018-05-15_22-09-28.821282157,1526414968.823008403,1.50,1.65,1.61,3434,64,5,0,0,0,0,8,0,0,707562,0,546113,5775615,6317,0,104,0,704824,0,32804244,13932088,14377800,2116,755408
2018-05-15_22-09-58.866866414,1526414998.868731443,2018-05-15_22-09-58.872570250,1526414998.874286369,1.59,1.65,1.61,3434,64,5,0,0,0,0,8,0,0,710440,0,549086,5793735,6319,0,104,0,707698,0,32804244,13932884,14378596,2116,755408
2018-05-15_22-10-28.917862020,1526415028.919720324,2018-05-15_22-10-28.923757593,1526415028.925519856,1.75,1.68,1.62,3434,64,5,0,0,0,0,8,0,0,713062,0,552352,5811798,6324,0,104,0,710313,0,32804244,13919288,14365012,2116,755424
2018-05-15_22-10-58.970210532,1526415058.972063531,2018-05-15_22-10-58.976085121,1526415058.977844744,1.85,1.71,1.63,3434,64,5,0,0,0,0,8,0,0,715440,0,555751,5829943,6328,0,105,0,712684,0,32804244,13918492,14364228,2116,755436
2018-05-15_22-11-29.022100263,1526415089.023984134,2018-05-15_22-11-29.027863459,1526415089.029574913,1.91,1.74,1.64,3434,64,5,0,0,0,0,8,0,0,718897,0,558306,5847933,6331,0,105,0,716138,0,32804244,13919736,14365476,2116,755440
2018-05-15_22-11-59.073457816,1526415119.075261604,2018-05-15_22-11-59.079217415,1526415119.080982117,1.55,1.67,1.62,3434,64,5,0,0,0,0,8,0,0,721754,0,558591,5868802,6337,0,105,0,718990,0,32804244,13918260,14364260,2116,755440
2018-05-15_22-12-29.124989515,1526415149.126792042,2018-05-15_22-12-29.130726794,1526415149.132555750,1.73,1.70,1.64,3434,64,5,0,0,0,0,8,0,0,725216,0,561034,5886903,6338,0,106,0,722446,0,32804244,13918368,14364376,2116,755444
2018-05-15_22-12-59.177004608,1526415179.178908901,2018-05-15_22-12-59.182852631,1526415179.184601259,1.83,1.73,1.65,3434,64,5,0,0,0,0,8,0,0,728190,0,564115,5904871,6341,0,106,0,725416,0,32804244,13919044,14364792,2116,755444
2018-05-15_22-13-29.228620102,1526415209.230471559,2018-05-15_22-13-29.234388041,1526415209.236115025,1.59,1.68,1.63,3434,64,5,0,0,0,0,8,0,0,730823,0,564849,5925744,6344,0,106,0,728044,0,32804244,13932416,14378428,2116,755444
2018-05-15_22-13-59.279285649,1526415239.281062603,2018-05-15_22-13-59.284890232,1526415239.286594073,1.75,1.71,1.64,3434,64,5,0,0,0,0,8,0,0,734267,0,567462,5943855,6351,0,107,0,731485,0,32804244,13933020,14378772,2116,755444
2018-05-15_22-14-29.329600667,1526415269.331356158,2018-05-15_22-14-29.335166000,1526415269.336885780,1.80,1.72,1.65,3434,64,5,0,0,0,0,8,0,0,737747,0,570047,5961846,6355,0,107,0,734962,0,32804244,13933928,14379308,2116,755444
2018-05-15_22-14-59.379821784,1526415299.381578416,2018-05-15_22-14-59.385393929,1526415299.387109857,1.93,1.76,1.67,3434,64,5,0,0,0,0,8,0,0,741261,0,572675,5979835,6356,0,107,0,738472,0,32804244,13934156,14379908,2116,755444
2018-05-15_22-15-29.431144773,1526415329.433160095,2018-05-15_22-15-29.437222038,1526415329.438934792,1.96,1.79,1.68,3434,64,5,0,0,0,0,8,0,0,744715,0,575388,5997831,6358,0,107,0,741923,0,32804244,13932648,14378400,2116,755444
2018-05-15_22-15-59.482906442,1526415359.484751203,2018-05-15_22-15-59.488566188,1526415359.490279470,1.97,1.81,1.69,3434,64,5,0,0,0,0,8,0,0,748331,0,577956,6015825,6359,0,108,0,745534,0,32804244,13933644,14379400,2116,755448
2018-05-15_22-16-29.533976270,1526415389.535722822,2018-05-15_22-16-29.539507883,1526415389.541220327,1.98,1.82,1.70,3434,64,5,0,0,0,0,8,0,0,752006,0,580388,6033820,6360,0,108,0,749205,0,32804244,13934212,14379688,2116,755448
2018-05-15_22-16-59.584380241,1526415419.586132366,2018-05-15_22-16-59.589938074,1526415419.591639943,1.60,1.74,1.68,3434,64,5,0,0,0,0,8,0,0,754983,0,580658,6054658,6361,0,108,0,752177,0,32804244,13934440,14379824,2116,755448
2018-05-15_22-17-29.634401409,1526415449.636152134,2018-05-15_22-17-29.639947764,1526415449.641644213,1.76,1.77,1.69,3434,64,5,0,0,0,0,8,0,0,758605,0,583025,6072813,6361,0,108,0,755795,0,32804244,13934052,14379808,2116,755448
2018-05-15_22-17-59.684439356,1526415479.686214512,2018-05-15_22-17-59.690015074,1526415479.691713928,1.80,1.78,1.69,3434,64,5,0,0,0,0,8,0,0,762279,0,585569,6090756,6362,0,109,0,759465,0,32804244,13933896,14379912,2116,755448
2018-05-15_22-18-29.734839284,1526415509.736657891,2018-05-15_22-18-29.740678298,1526415509.742434319,1.48,1.70,1.67,3434,64,5,0,0,0,0,8,0,0,765223,0,585864,6111553,6366,0,109,0,762405,0,32804244,13917408,14363436,2116,755464
2018-05-15_22-18-59.786504496,1526415539.788289596,2018-05-15_22-18-59.792221111,1526415539.793944866,1.58,1.70,1.67,3434,64,5,0,0,0,0,8,0,0,768827,0,588105,6129724,6370,0,109,0,766000,0,32804244,13919172,14364944,2116,755468
2018-05-15_22-19-29.837859813,1526415569.839614046,2018-05-15_22-19-29.843471780,1526415569.845197931,1.75,1.73,1.68,3434,64,5,0,0,0,0,8,0,0,771373,0,591520,6147837,6371,0,109,0,768543,0,32804244,13919712,14365484,2116,755468
2018-05-15_22-19-59.889000722,1526415599.890806089,2018-05-15_22-19-59.895067212,1526415599.896826407,1.85,1.75,1.69,3434,64,5,0,0,0,0,8,0,0,773767,0,595029,6165960,6378,0,110,0,770931,0,32804244,13919796,14365832,2116,755472
2018-05-15_22-20-29.940905274,1526415629.942744278,2018-05-15_22-20-29.946757137,1526415629.948496329,1.84,1.76,1.69,3434,64,5,0,0,0,0,8,0,0,776649,0,598086,6184037,6382,0,110,0,773807,0,32804244,13919780,14365576,2116,755492
2018-05-15_22-20-59.992457210,1526415659.994260796,2018-05-15_22-20-59.998156747,1526415659.999900522,1.56,1.70,1.68,3434,64,5,0,0,0,0,8,0,0,779457,0,598509,6204837,6385,0,111,0,776611,0,32804244,13919020,14364824,2116,755500
2018-05-15_22-21-30.043714855,1526415690.045491069,2018-05-15_22-21-30.049367825,1526415690.051092877,1.63,1.70,1.68,3434,64,5,0,0,0,0,8,0,0,781886,0,601772,6223147,6390,0,111,0,779035,0,32804244,13932884,14378312,2116,755492
2018-05-15_22-22-00.094629841,1526415720.096462679,2018-05-15_22-22-00.100291023,1526415720.101996945,1.84,1.75,1.69,3434,64,5,0,0,0,0,8,0,0,784333,0,605241,6241253,6390,0,111,0,781479,0,32804244,13933516,14379576,2116,755492
2018-05-15_22-22-30.144945181,1526415750.146682016,2018-05-15_22-22-30.150489321,1526415750.152191134,1.56,1.69,1.67,3434,64,5,0,0,0,0,8,0,0,787107,0,605699,6262040,6397,0,111,0,784250,0,32804244,13932460,14378268,2116,755500
2018-05-15_22-23-00.196012300,1526415780.197771442,2018-05-15_22-23-00.201595477,1526415780.203302748,1.62,1.69,1.68,3434,64,5,0,0,0,0,8,0,0,789646,0,608820,6280404,6400,0,112,0,786783,0,32804244,13933680,14379488,2116,755500
2018-05-15_22-23-30.246451212,1526415810.248267919,2018-05-15_22-23-30.252096233,1526415810.253816610,1.77,1.72,1.69,3434,64,5,0,0,0,0,8,0,0,792289,0,612109,6298514,6401,0,112,0,789423,0,32804244,13933940,14379748,2116,755500
2018-05-15_22-24-00.296752330,1526415840.298501362,2018-05-15_22-24-00.302300533,1526415840.304014206,1.86,1.75,1.70,3434,64,5,0,0,0,0,8,0,0,795159,0,615210,6316558,6402,0,112,0,792290,0,32804244,13931572,14377380,2116,755500
2018-05-15_22-24-30.347901911,1526415870.349642812,2018-05-15_22-24-30.353497841,1526415870.355197833,1.86,1.75,1.70,3434,64,5,0,0,0,0,8,0,0,797650,0,618612,6334676,6403,0,113,0,794776,0,32804244,13933800,14379608,2116,755500
2018-05-15_22-25-00.397967677,1526415900.399732999,2018-05-15_22-25-00.403537332,1526415900.405243772,1.57,1.70,1.68,3434,64,5,0,0,0,0,8,0,0,800405,0,619113,6355437,6404,0,113,0,797527,0,32804244,13932896,14378704,2116,755500
2018-05-15_22-25-30.448498323,1526415930.450274841,2018-05-15_22-25-30.454099500,1526415930.455818641,1.69,1.71,1.69,3434,64,5,0,0,0,0,8,0,0,802825,0,622305,6373799,6405,0,113,0,799943,0,32804244,13932756,14378828,2116,755504
2018-05-15_22-26-00.499221748,1526415960.501170495,2018-05-15_22-26-00.505018190,1526415960.506734509,1.75,1.72,1.69,3434,64,5,0,0,0,0,8,0,0,805681,0,625425,6391821,6406,0,113,0,802795,0,32804244,13932416,14378228,2116,755504
2018-05-15_22-26-30.550903844,1526415990.552852506,2018-05-15_22-26-30.556884871,1526415990.558632472,1.57,1.68,1.68,3434,64,5,0,0,0,0,8,0,0,808486,0,625936,6412521,6407,0,114,0,805594,0,32804244,13919188,14365004,2116,755512
2018-05-15_22-27-00.603018935,1526416020.604932787,2018-05-15_22-27-00.608967561,1526416020.610730151,1.63,1.68,1.68,3434,64,5,0,0,0,0,8,0,0,811077,0,628946,6430888,6414,0,114,0,808178,0,32804244,13920128,14365688,2116,755520
2018-05-15_22-27-30.654737436,1526416050.656533202,2018-05-15_22-27-30.660456410,1526416050.662205671,1.72,1.70,1.68,3434,64,5,0,0,0,0,8,0,0,814565,0,631480,6448867,6417,0,114,0,811663,0,32804244,13919312,14365136,2116,755520
2018-05-15_22-28-00.705931609,1526416080.707751506,2018-05-15_22-28-00.711655306,1526416080.713401314,1.83,1.73,1.69,3434,64,5,0,0,0,0,8,0,0,818126,0,633956,6466836,6421,0,115,0,815216,0,32804244,13919900,14365732,2116,755528
2018-05-15_22-28-30.757922423,1526416110.759751174,2018-05-15_22-28-30.763766242,1526416110.765525298,1.90,1.75,1.70,3434,64,5,0,0,0,0,8,0,0,821991,0,636113,6484823,6425,0,115,0,819076,0,32804244,13919612,14365448,2116,755532
2018-05-15_22-29-00.809434009,1526416140.811252616,2018-05-15_22-29-00.815184849,1526416140.816952004,1.60,1.70,1.68,3434,64,5,0,0,0,0,8,0,0,824905,0,636511,6505529,6427,0,115,0,821987,0,32804244,13918824,14364920,2116,755532
2018-05-15_22-29-30.860845124,1526416170.862616928,2018-05-15_22-29-30.866504514,1526416170.868223055,1.64,1.70,1.68,3434,64,5,0,0,0,0,8,0,0,828629,0,638508,6523818,6431,0,116,0,825706,0,32804244,13932372,14378204,2116,755524
2018-05-15_22-30-00.911276717,1526416200.913038200,2018-05-15_22-30-00.916855125,1526416200.918563637,1.78,1.72,1.69,3434,64,5,0,0,0,0,8,0,0,832295,0,640877,6541786,6434,0,116,0,829368,0,32804244,13933376,14379208,2116,755524
2018-05-15_22-30-30.961568307,1526416230.963356411,2018-05-15_22-30-30.967234718,1526416230.968953879,1.66,1.70,1.68,3434,64,5,0,0,0,0,8,0,0,835193,0,641316,6562465,6436,0,116,0,832262,0,32804244,13933736,14379832,2116,755532
2018-05-15_22-31-01.011877548,1526416261.013637488,2018-05-15_22-31-01.017450594,1526416261.019151541,1.74,1.72,1.69,3434,64,5,0,0,0,0,8,0,0,838792,0,643424,6580761,6444,0,116,0,835856,0,32804244,13933536,14379380,2116,755536
2018-05-15_22-31-31.062984375,1526416291.064734567,2018-05-15_22-31-31.068540429,1526416291.070258667,1.84,1.74,1.70,3434,64,5,0,0,0,0,8,0,0,842353,0,645874,6598754,6447,0,116,0,839414,0,32804244,13932360,14378208,2116,755540
2018-05-15_22-32-01.113580164,1526416321.115336011,2018-05-15_22-32-01.119155084,1526416321.120861971,1.90,1.77,1.71,3434,64,5,0,0,0,0,8,0,0,845908,0,648332,6616745,6448,0,117,0,842964,0,32804244,13933872,14379720,2116,755540
2018-05-15_22-32-31.163750547,1526416351.165497476,2018-05-15_22-32-31.169305819,1526416351.171010582,1.88,1.77,1.71,3434,64,5,0,0,0,0,8,0,0,849543,0,650710,6634744,6448,0,117,0,846595,0,32804244,13933780,14379888,2116,755540
2018-05-15_22-33-01.213890018,1526416381.215655027,2018-05-15_22-33-01.219522911,1526416381.221239841,1.59,1.72,1.69,3434,64,5,0,0,0,0,8,0,0,852451,0,651160,6655406,6449,0,117,0,849498,0,32804244,13933100,14378948,2116,755540
2018-05-15_22-33-31.264521680,1526416411.266391463,2018-05-15_22-33-31.270242496,1526416411.271959380,1.88,1.77,1.71,3434,64,5,0,0,0,0,8,0,0,855808,0,653479,6673739,6449,0,118,0,852851,0,32804244,13933656,14379504,2116,755540
2018-05-15_22-34-01.315055658,1526416441.316826829,2018-05-15_22-34-01.320672275,1526416441.322390045,1.92,1.80,1.72,3434,64,5,0,0,0,0,8,0,0,859261,0,656059,6691709,6450,0,118,0,856298,0,32804244,13933592,14379440,2116,755540
2018-05-15_22-34-31.366321740,1526416471.368173908,2018-05-15_22-34-31.372228348,1526416471.373991292,1.61,1.74,1.70,3434,64,5,0,0,0,0,8,0,0,862180,0,656563,6712303,6451,0,118,0,859211,0,32804244,13919588,14365440,2116,755548
2018-05-15_22-35-01.418436551,1526416501.420485633,2018-05-15_22-35-01.424855034,1526416501.426616237,1.71,1.75,1.71,3434,64,5,0,0,0,0,8,0,0,865796,0,658619,6730635,6459,0,119,0,862821,0,32804244,13917824,14363688,2116,755560
2018-05-15_22-35-31.470847403,1526416531.472629444,2018-05-15_22-35-31.476494105,1526416531.478304306,1.70,1.74,1.70,3434,64,5,0,0,0,0,8,0,0,868806,0,661565,6748677,6462,0,119,0,865826,0,32804244,13918400,14364268,2116,755564
2018-05-15_22-36-01.522539239,1526416561.524364167,2018-05-15_22-36-01.528301237,1526416561.530056047,1.82,1.76,1.71,3434,64,5,0,0,0,0,8,0,0,871775,0,664590,6766684,6464,0,120,0,868788,0,32804244,13918360,14363968,2116,755568
2018-05-15_22-36-31.574243254,1526416591.576076241,2018-05-15_22-36-31.580087937,1526416591.581834445,1.89,1.79,1.72,3434,64,5,0,0,0,0,8,0,0,874796,0,667528,6784711,6468,0,120,0,871801,0,32804244,13917468,14363344,2116,755572
2018-05-15_22-37-01.626123204,1526416621.628085824,2018-05-15_22-37-01.632019836,1526416621.633786279,1.59,1.73,1.70,3434,64,5,0,0,0,0,8,0,0,877544,0,668211,6805286,6471,0,121,0,874542,0,32804244,13918324,14364200,2116,755572
2018-05-15_22-37-31.678306000,1526416651.680124835,2018-05-15_22-37-31.684043814,1526416651.685768762,1.64,1.72,1.70,3434,64,5,0,0,0,0,8,0,0,880733,0,670751,6823539,6476,0,122,0,877726,0,32804244,13932736,14378612,2116,755568
2018-05-15_22-38-01.729189266,1526416681.730963956,2018-05-15_22-38-01.734812966,1526416681.736521525,1.81,1.75,1.71,3434,64,5,0,0,0,0,8,0,0,883912,0,673729,6841370,6478,0,123,0,880897,0,32804244,13933448,14379324,2116,755568
2018-05-15_22-38-31.779877756,1526416711.781680185,2018-05-15_22-38-31.785652336,1526416711.787416129,1.67,1.72,1.70,3434,64,5,0,0,0,0,8,0,0,887019,0,674529,6861412,6485,0,124,0,883914,0,32804244,13928648,14375044,2116,755828
2018-05-15_22-39-01.831267908,1526416741.833051500,2018-05-15_22-39-01.836911695,1526416741.838633681,1.69,1.72,1.70,3434,64,5,0,0,0,0,8,0,0,890238,0,677053,6879657,6491,0,125,0,887115,0,32804244,13929668,14376820,2116,756844
2018-05-15_22-39-31.882060470,1526416771.883830969,2018-05-15_22-39-31.887677456,1526416771.889398772,1.83,1.75,1.71,3434,64,5,0,0,0,0,8,0,0,893148,0,680104,6897685,6495,0,126,0,890020,0,32804244,13931596,14378784,2116,756880
