StartTime,StartEpoch,EndTime,EndEpoch,CPULoad1m,CPULoad5m,CPULoad5m,NetDevRX,NetDevTX,IRQens2-0,IRQens2-1,IRQens2-2,IRQens2-3,IRQens2-4,IRQens2-5,IRQens2-6,IRQens2-7,user,nice,system,idle,iowait,irq,softirq,steal,guest,guest_nice,MemTotal,MemFree,MemAvailable,Buffers,Cached
2018-05-10_20-20-04.019743870,1525976404.021468524,2018-05-10_20-20-04.025243053,1525976404.026924569,0.40,0.80,0.90,296152084,343995130528,603963,1061252,16175,1310339,499530,372918,2834,1176366,891463,170,93400,68807748,18717,0,3028,0,872401,0,32804244,12849892,14431528,1080,1892468
2018-05-10_20-20-34.070225926,1525976434.071974082,2018-05-10_20-20-34.075760670,1525976434.077462071,0.45,0.77,0.89,296152084,343995130528,603963,1061252,16175,1310339,499530,372918,2834,1176366,894482,170,93421,68828728,18720,0,3028,0,875415,0,32804244,12850768,14432416,1080,1892480
2018-05-10_20-21-04.120120905,1525976464.121869548,2018-05-10_20-21-04.125709024,1525976464.127420631,0.75,0.81,0.90,296152084,343995130528,603963,1061252,16175,1310339,499530,372918,2834,1176366,897487,170,93443,68849716,18726,0,3028,0,878416,0,32804244,12851144,14433060,1080,1892480
2018-05-10_20-21-34.170390770,1525976494.172119249,2018-05-10_20-21-34.175901642,1525976494.177592204,0.85,0.83,0.90,296152084,343995130528,603963,1061252,16175,1310339,499530,372918,2834,1176366,900496,170,93456,68870712,18732,0,3028,0,881421,0,32804244,12851676,14433332,1080,1892480
2018-05-10_20-22-04.220178550,1525976524.221935212,2018-05-10_20-22-04.225730657,1525976524.227441098,0.91,0.84,0.90,296152084,343995130528,603963,1061252,16175,1310339,499530,372918,2834,1176366,903505,170,93471,68891711,18733,0,3028,0,884424,0,32804244,12851212,14432868,1080,1892480
2018-05-10_20-22-34.270163812,1525976554.271896845,2018-05-10_20-22-34.275681375,1525976554.277373789,0.94,0.86,0.90,296152084,343995130528,603963,1061252,16175,1310339,499530,372918,2834,1176366,906513,170,93488,68912709,18735,0,3028,0,887427,0,32804244,12851528,14433184,1080,1892480
2018-05-10_20-23-04.319971581,1525976584.321726298,2018-05-10_20-23-04.325538225,1525976584.327235150,0.91,0.86,0.90,296152084,343995130528,603963,1061252,16175,1310339,499530,372918,2834,1176366,909519,170,93507,68933707,18736,0,3029,0,890427,0,32804244,12850540,14432196,1080,1892480
2018-05-10_20-23-34.370208335,1525976614.371981399,2018-05-10_20-23-34.375847069,1525976614.377553609,0.89,0.85,0.90,296152084,343995130528,603963,1061252,16175,1310339,499530,372918,2834,1176366,912537,170,93530,68954688,18736,0,3029,0,893439,0,32804244,12837752,14419412,1080,1892488
2018-05-10_20-24-04.421053816,1525976644.422900500,2018-05-10_20-24-04.426753533,1525976644.428467117,0.93,0.87,0.90,296152084,343995130528,603963,1061252,16175,1310339,499530,372918,2834,1176366,915554,170,93549,68975665,18745,0,3029,0,896450,0,32804244,12837132,14418796,1080,1892492
2018-05-10_20-24-34.472107638,1525976674.473853038,2018-05-10_20-24-34.477635910,1525976674.479320798,0.96,0.88,0.91,296152084,343995130528,603963,1061252,16175,1310339,499530,372918,2834,1176366,918575,170,93571,68996641,18750,0,3029,0,899465,0,32804244,12838600,14420264,1080,1892492
2018-05-10_20-25-04.521991033,1525976704.523759506,2018-05-10_20-25-04.527605553,1525976704.529306195,0.97,0.89,0.91,296152084,343995130528,603963,1061252,16175,1310339,499530,372918,2834,1176366,921593,170,93601,69017614,18751,0,3029,0,902476,0,32804244,12838100,14419768,1080,1892496
2018-05-10_20-25-34.572257948,1525976734.574025800,2018-05-10_20-25-34.578148187,1525976734.580270131,0.98,0.90,0.91,296152084,343995130528,603963,1061252,16175,1310339,499530,372918,2834,1176366,924606,170,93628,69038586,18761,0,3029,0,905482,0,32804244,12837840,14419244,1080,1892496
2018-05-10_20-26-04.623723861,1525976764.625545038,2018-05-10_20-26-04.629320778,1525976764.631014300,0.99,0.91,0.91,296152084,343995130528,603963,1061252,16175,1310339,499530,372918,2834,1176366,927611,170,93648,69059581,18764,0,3030,0,908482,0,32804244,12837896,14419564,1080,1892496
2018-05-10_20-26-34.673652384,1525976794.675391783,2018-05-10_20-26-34.679185738,1525976794.680882600,0.94,0.90,0.91,296152084,343995130528,603963,1061252,16175,1310339,499530,372918,2834,1176366,930621,170,93661,69080577,18768,0,3030,0,911486,0,32804244,12851172,14432840,1080,1892492
2018-05-10_20-27-04.723495292,1525976824.725234980,2018-05-10_20-27-04.729033206,1525976824.730738369,0.96,0.91,0.91,296152084,343995130528,603963,1061252,16175,1310339,499530,372918,2834,1176366,933629,170,93677,69101569,18775,0,3030,0,914490,0,32804244,12850616,14432288,1080,1892496
2018-05-10_20-27-34.773536291,1525976854.775325633,2018-05-10_20-27-34.779092699,1525976854.780783413,0.98,0.92,0.92,296152084,343995130528,603963,1061252,16175,1310339,499530,372918,2834,1176366,936636,170,93691,69122568,18779,0,3030,0,917494,0,32804244,12850652,14432584,1080,1892496
2018-05-10_20-28-04.823245856,1525976884.824997346,2018-05-10_20-28-04.828803656,1525976884.830514399,0.99,0.93,0.92,296152084,343995130528,603963,1061252,16175,1310339,499530,372918,2834,1176366,939641,170,93711,69143564,18781,0,3030,0,920494,0,32804244,12850976,14432384,1080,1892496
2018-05-10_20-28-34.873129208,1525976914.874860285,2018-05-10_20-28-34.878621893,1525976914.880309203,0.99,0.93,0.92,296152084,343995130528,603963,1061252,16175,1310339,499530,372918,2834,1176366,942655,170,93748,69164535,18781,0,3030,0,923503,0,32804244,12850828,14432412,1080,1892496
2018-05-10_20-29-04.923635331,1525976944.925372397,2018-05-10_20-29-04.929156614,1525976944.930835558,0.99,0.94,0.93,296152084,343995130528,603963,1061252,16175,1310339,499530,372918,2834,1176366,945661,170,93766,69185532,18784,0,3030,0,926506,0,32804244,12850908,14432580,1080,1892496
2018-05-10_20-29-34.973309303,1525976974.975037408,2018-05-10_20-29-34.978771046,1525976974.980456840,1.00,0.95,0.93,296152084,343995130528,603963,1061252,16175,1310339,499530,372918,2834,1176366,948668,170,93780,69206535,18785,0,3030,0,929509,0,32804244,12851252,14432924,1080,1892496
2018-05-10_20-30-05.022953870,1525977005.024700207,2018-05-10_20-30-05.028533187,1525977005.030240964,1.00,0.95,0.93,296152084,343995130528,603963,1061252,16175,1310339,499530,372918,2834,1176366,951686,170,93804,69227514,18786,0,3030,0,932522,0,32804244,12851228,14432904,1080,1892500
2018-05-10_20-30-35.072966467,1525977035.074917554,2018-05-10_20-30-35.078712225,1525977035.080397133,1.00,0.96,0.94,296152084,343995130528,603963,1061252,16175,1310339,499530,372918,2834,1176366,954695,170,93818,69248513,18787,0,3030,0,935526,0,32804244,12850784,14432464,1080,1892504
2018-05-10_20-31-05.122871578,1525977065.124824403,2018-05-10_20-31-05.128684075,1525977065.130382332,1.00,0.96,0.94,296152084,343995130528,603963,1061252,16175,1310339,499530,372918,2834,1176366,957698,170,93841,69269507,18788,0,3030,0,938525,0,32804244,12850692,14432372,1080,1892504
2018-05-10_20-31-35.173195780,1525977095.174976324,2018-05-10_20-31-35.178870310,1525977095.180605457,1.00,0.96,0.94,296152084,343995130528,603963,1061252,16175,1310339,499530,372918,2834,1176366,960709,170,93872,69290483,18788,0,3031,0,941531,0,32804244,12838876,14420560,1080,1892512
2018-05-10_20-32-05.223744096,1525977125.225512534,2018-05-10_20-32-05.229347399,1525977125.231061524,1.00,0.97,0.94,296152084,343995130528,603963,1061252,16175,1310339,499530,372918,2834,1176366,963728,170,93891,69311463,18792,0,3031,0,944542,0,32804244,12837624,14419312,1080,1892516
2018-05-10_20-32-35.273830085,1525977155.275792247,2018-05-10_20-32-35.279622912,1525977155.281318185,1.14,1.00,0.96,296152084,343995130528,603963,1061252,16175,1310339,499530,372918,2834,1176366,966411,170,94288,69332444,18792,0,3031,0,947222,0,32804244,12838240,14419928,1080,1892516
2018-05-10_20-33-05.324080693,1525977185.325848712,2018-05-10_20-33-05.329688775,1525977185.331391840,1.14,1.02,0.96,296152084,343995130528,603963,1061252,16175,1310339,499530,372918,2834,1176366,969126,170,94849,69353422,18794,0,3031,0,949928,0,32804244,12838492,14420184,1080,1892520
2018-05-10_20-33-35.374563787,1525977215.376388834,2018-05-10_20-33-35.380286075,1525977215.381989873,1.09,1.01,0.96,296152084,343995130528,603963,1061252,16175,1310339,499530,372918,2834,1176366,972263,170,94925,69374383,18801,0,3031,0,953058,0,32804244,12838248,14420204,1080,1892524
2018-05-10_20-34-05.424914806,1525977245.426670728,2018-05-10_20-34-05.430483273,1525977245.432195679,1.10,1.03,0.97,296152084,343995130528,603963,1061252,16175,1310339,499530,372918,2834,1176366,975336,170,94960,69395374,18808,0,3031,0,956125,0,32804244,12838468,14420168,1080,1892528
2018-05-10_20-34-35.475056215,1525977275.476823352,2018-05-10_20-34-35.480635788,1525977275.482323070,1.06,1.03,0.97,296152084,343995130528,603963,1061252,16175,1310339,499530,372918,2834,1176366,978355,170,94990,69416370,18810,0,3031,0,959141,0,32804244,12851628,14433324,1080,1892520
2018-05-10_20-35-05.525030685,1525977305.526793816,2018-05-10_20-35-05.530630181,1525977305.532324530,1.09,1.04,0.97,296152084,343995130528,603963,1061252,16175,1310339,499530,372918,2834,1176366,981368,170,95012,69437365,18815,0,3032,0,962149,0,32804244,12851684,14433380,1080,1892520
2018-05-10_20-35-35.575137583,1525977335.576875387,2018-05-10_20-35-35.580888904,1525977335.582628472,1.12,1.05,0.98,296152084,343995130528,603963,1061252,16175,1310339,499530,372918,2834,1176366,984378,170,95037,69458366,18817,0,3032,0,965154,0,32804244,12851576,14433272,1080,1892520
2018-05-10_20-36-05.625138017,1525977365.627007564,2018-05-10_20-36-05.631215641,1525977365.632947926,1.08,1.05,0.98,296152084,343995130528,603963,1061252,16175,1310339,499530,372918,2834,1176366,987387,170,95070,69479357,18823,0,3032,0,968159,0,32804244,12850808,14432504,1080,1892520
2018-05-10_20-36-35.675855567,1525977395.677612368,2018-05-10_20-36-35.681405312,1525977395.683124640,1.05,1.04,0.98,296152084,343995130528,603963,1061252,16175,1310339,499530,372918,2834,1176366,990392,170,95102,69500354,18825,0,3032,0,971159,0,32804244,12851384,14433080,1080,1892520
2018-05-10_20-37-05.726152117,1525977425.728293613,2018-05-10_20-37-05.732178752,1525977425.733893356,0.92,1.01,0.97,296152084,343995130528,603963,1061252,16175,1310339,499530,372918,2834,1176366,993411,170,95143,69521323,18827,0,3032,0,974174,0,32804244,12851208,14432596,1080,1892520
2018-05-10_20-37-35.776739228,1525977455.778486763,2018-05-10_20-37-35.782494691,1525977455.784266330,0.95,1.01,0.97,296152084,343995130528,603963,1061252,16175,1310339,499530,372918,2834,1176366,996420,170,95162,69542321,18830,0,3032,0,977178,0,32804244,12851584,14433280,1080,1892520
2018-05-10_20-38-05.826928163,1525977485.828697629,2018-05-10_20-38-05.832511788,1525977485.834211059,0.97,1.01,0.97,296152084,343995130528,603963,1061252,16175,1310339,499530,372918,2834,1176366,999428,170,95178,69563320,18832,0,3033,0,980182,0,32804244,12851132,14432828,1080,1892520
2018-05-10_20-38-35.877186748,1525977515.879287520,2018-05-10_20-38-35.883189979,1525977515.884901519,0.98,1.01,0.97,296152084,343995130528,603963,1061252,16175,1310339,499530,372918,2834,1176366,1002437,170,95193,69584322,18834,0,3033,0,983186,0,32804244,12851128,14432824,1080,1892520
2018-05-10_20-39-05.927938604,1525977545.929916729,2018-05-10_20-39-05.934489357,1525977545.936513424,0.99,1.01,0.97,296152084,343995130528,603963,1061252,16175,1310339,499530,372918,2834,1176366,1005454,170,95235,69605287,18836,0,3033,0,986198,0,32804244,12834180,14415596,1080,1892528
2018-05-10_20-39-35.984218058,1525977575.985977272,2018-05-10_20-39-35.989809237,1525977575.991538986,0.99,1.01,0.97,296152084,343995130528,603963,1061252,16175,1310339,499530,372918,2834,1176366,1008463,170,95250,69626288,18838,0,3033,0,989203,0,32804244,12836940,14418644,1080,1892532
2018-05-10_20-40-06.034917546,1525977606.036672883,2018-05-10_20-40-06.040543089,1525977606.042244311,1.00,1.01,0.97,296152084,343995130528,603963,1061252,16175,1310339,499530,372918,2834,1176366,1011483,170,95287,69647248,18843,0,3033,0,992215,0,32804244,12836696,14418668,1080,1892540
2018-05-10_20-40-36.085321504,1525977636.087110783,2018-05-10_20-40-36.091584739,1525977636.093351543,1.00,1.01,0.97,296152084,343995130528,603963,1061252,16175,1310339,499530,372918,2834,1176366,1014502,170,95305,69668231,18849,0,3034,0,995228,0,32804244,12836820,14418800,1080,1892548
2018-05-10_20-41-06.136506215,1525977666.138254354,2018-05-10_20-41-06.142082213,1525977666.143784321,1.00,1.01,0.97,296152084,343995130528,603963,1061252,16175,1310339,499530,372918,2834,1176366,1017512,170,95322,69689227,18850,0,3034,0,998232,0,32804244,12837344,14419068,1080,1892552
2018-05-10_20-41-36.186862921,1525977696.188657153,2018-05-10_20-41-36.192560259,1525977696.194261816,0.95,0.99,0.96,296152084,343995130528,603963,1061252,16175,1310339,499530,372918,2834,1176366,1020541,170,95350,69710189,18856,0,3034,0,1001255,0,32804244,12836920,14418648,1080,1892556
2018-05-10_20-42-06.237441706,1525977726.239214492,2018-05-10_20-42-06.243069572,1525977726.244778267,0.97,0.99,0.96,296152084,343995130528,603963,1061252,16175,1310339,499530,372918,2834,1176366,1023550,170,95382,69731164,18866,0,3034,0,1004259,0,32804244,12850032,14432020,1080,1892556
2018-05-10_20-42-36.288048304,1525977756.289794134,2018-05-10_20-42-36.293603025,1525977756.295302957,0.98,0.99,0.96,296152084,343995130528,603963,1061252,16175,1310339,499530,372918,2834,1176366,1026557,170,95396,69752161,18870,0,3035,0,1007262,0,32804244,12850668,14432392,1080,1892548
2018-05-10_20-43-06.338181513,1525977786.339944220,2018-05-10_20-43-06.343832499,1525977786.345555861,0.99,0.99,0.96,296152084,343995130528,603963,1061252,16175,1310339,499530,372918,2834,1176366,1029561,170,95418,69773158,18872,0,3035,0,1010260,0,32804244,12850708,14432432,1080,1892548
2018-05-10_20-43-36.388693931,1525977816.390436933,2018-05-10_20-43-36.394226764,1525977816.395922009,0.99,0.99,0.96,296152084,343995130528,603963,1061252,16175,1310339,499530,372918,2834,1176366,1032575,170,95437,69794146,18877,0,3035,0,1013270,0,32804244,12850688,14432412,1080,1892548
2018-05-10_20-44-06.438982343,1525977846.440754885,2018-05-10_20-44-06.444610979,1525977846.446310442,0.93,0.98,0.96,296152084,343995130528,603963,1061252,16175,1310339,499530,372918,2834,1176366,1035584,170,95454,69815137,18885,0,3035,0,1016274,0,32804244,12850176,14431900,1080,1892548
2018-05-10_20-44-36.489178736,1525977876.490935324,2018-05-10_20-44-36.494738423,1525977876.496440382,0.96,0.98,0.96,296152084,343995130528,603963,1061252,16175,1310339,499530,372918,2834,1176366,1038593,170,95471,69836136,18888,0,3035,0,1019279,0,32804244,12850748,14432472,1080,1892548
2018-05-10_20-45-06.539184134,1525977906.540942875,2018-05-10_20-45-06.544784782,1525977906.546487284,0.98,0.98,0.96,296152084,343995130528,603963,1061252,16175,1310339,499530,372918,2834,1176366,1041601,170,95498,69857131,18889,0,3035,0,1022282,0,32804244,12850796,14432356,1080,1892548
2018-05-10_20-45-36.589385668,1525977936.591122040,2018-05-10_20-45-36.594914552,1525977936.596614354,0.99,0.98,0.96,296152084,343995130528,603963,1061252,16175,1310339,499530,372918,2834,1176366,1044603,170,95527,69878128,18890,0,3035,0,1025281,0,32804244,12850844,14432568,1080,1892548
2018-05-10_20-46-06.639666117,1525977966.641512992,2018-05-10_20-46-06.645354668,1525977966.647060294,0.99,0.99,0.96,296152084,343995130528,603963,1061252,16175,1310339,499530,372918,2834,1176366,1047623,170,95574,69899100,18892,0,3035,0,1028297,0,32804244,12850572,14432296,1080,1892548
2018-05-10_20-46-36.690187076,1525977996.692152001,2018-05-10_20-46-36.696396468,1525977996.698121426,0.99,0.99,0.96,296152084,343995130528,603963,1061252,16175,1310339,499530,372918,2834,1176366,1050646,170,95598,69920098,18894,0,3035,0,1031315,0,32804244,12850416,14432140,1080,1892548
2018-05-10_20-47-06.741370011,1525978026.743149504,2018-05-10_20-47-06.747052810,1525978026.748762178,1.00,0.99,0.96,296152084,343995130528,603963,1061252,16175,1310339,499530,372918,2834,1176366,1053673,170,95629,69941076,18902,0,3035,0,1034332,0,32804244,12836928,14418660,1080,1892560
2018-05-10_20-47-36.791879064,1525978056.793646382,2018-05-10_20-47-36.797487574,1525978056.799190948,0.88,0.96,0.95,296152084,343995130528,603963,1061252,16175,1310339,499530,372918,2834,1176366,1056691,170,95645,69962076,18903,0,3036,0,1037347,0,32804244,12837836,14419304,1080,1892560
2018-05-10_20-48-06.842243387,1525978086.844018399,2018-05-10_20-48-06.847876678,1525978086.849594403,0.93,0.96,0.95,296152084,343995130528,603963,1061252,16175,1310339,499530,372918,2834,1176366,1059715,170,95672,69983057,18905,0,3036,0,1040363,0,32804244,12836888,14418880,1080,1892560
2018-05-10_20-48-36.892762829,1525978116.894545827,2018-05-10_20-48-36.898434281,1525978116.900135211,1.20,1.01,0.97,296152084,343995130528,603963,1061252,16175,1310339,499530,372918,2834,1176366,1062736,170,95698,70004039,18909,0,3036,0,1043376,0,32804244,12837424,14419164,1080,1892568
2018-05-10_20-49-06.944332518,1525978146.946081212,2018-05-10_20-49-06.949872752,1525978146.951583953,1.12,1.01,0.97,296152084,343995130528,603963,1061252,16175,1310339,499530,372918,2834,1176366,1065744,170,95726,70025032,18911,0,3036,0,1046377,0,32804244,12837564,14419304,1080,1892568
2018-05-10_20-49-36.994740904,1525978176.996524824,2018-05-10_20-49-37.000405326,1525978177.002110022,1.07,1.01,0.97,296152084,343995130528,603963,1061252,16175,1310339,499530,372918,2834,1176366,1068761,170,95756,70046009,18915,0,3036,0,1049388,0,32804244,12838488,14420232,1080,1892572
2018-05-10_20-50-07.045672904,1525978207.047551286,2018-05-10_20-50-07.051435043,1525978207.053147644,1.04,1.01,0.97,296152084,343995130528,603963,1061252,16175,1310339,499530,372918,2834,1176366,1071789,170,95797,70066960,18922,0,3036,0,1052410,0,32804244,12850104,14431856,1080,1892580
2018-05-10_20-50-37.096294286,1525978237.098035976,2018-05-10_20-50-37.101845069,1525978237.103552499,1.08,1.03,0.98,296152084,343995130528,603963,1061252,16175,1310339,499530,372918,2834,1176366,1074797,170,95813,70087958,18924,0,3037,0,1055414,0,32804244,12850624,14432632,1080,1892580
2018-05-10_20-51-07.146690832,1525978267.148461726,2018-05-10_20-51-07.152307163,1525978267.154007642,1.05,1.02,0.98,296152084,343995130528,603963,1061252,16175,1310339,499530,372918,2834,1176366,1077807,170,95829,70108954,18928,0,3037,0,1058418,0,32804244,12851652,14433408,1080,1892580
2018-05-10_20-51-37.196821246,1525978297.198573631,2018-05-10_20-51-37.202370571,1525978297.204069426,1.03,1.02,0.98,296152084,343995130528,603963,1061252,16175,1310339,499530,372918,2834,1176366,1080815,170,95842,70129955,18930,0,3037,0,1061422,0,32804244,12851592,14433348,1080,1892580
2018-05-10_20-52-07.246744019,1525978327.248503229,2018-05-10_20-52-07.252323915,1525978327.254027185,1.02,1.02,0.98,296152084,343995130528,603963,1061252,16175,1310339,499530,372918,2834,1176366,1083824,170,95863,70150945,18935,0,3037,0,1064426,0,32804244,12851376,14433132,1080,1892580
2018-05-10_20-52-37.296813618,1525978357.298572590,2018-05-10_20-52-37.302357121,1525978357.304063010,1.01,1.01,0.98,296152084,343995130528,603963,1061252,16175,1310339,499530,372918,2834,1176366,1086827,170,95885,70171941,18938,0,3038,0,1067425,0,32804244,12851308,14433064,1080,1892580
2018-05-10_20-53-07.347883875,1525978387.349645489,2018-05-10_20-53-07.353458894,1525978387.355160043,1.01,1.01,0.98,296152084,343995130528,603963,1061252,16175,1310339,499530,372918,2834,1176366,1089834,170,95904,70192940,18939,0,3038,0,1070426,0,32804244,12850900,14432656,1080,1892580
2018-05-10_20-53-37.398048313,1525978417.399806724,2018-05-10_20-53-37.403592518,1525978417.405285433,1.00,1.01,0.98,296152084,343995130528,603963,1061252,16175,1310339,499530,372918,2834,1176366,1092839,170,95919,70213937,18945,0,3038,0,1073427,0,32804244,12851260,14432692,1080,1892580
2018-05-10_20-54-07.447983444,1525978447.449728677,2018-05-10_20-54-07.453543158,1525978447.455241475,1.00,1.01,0.98,296152084,343995130528,603963,1061252,16175,1310339,499530,372918,2834,1176366,1095848,170,95936,70234933,18950,0,3038,0,1076431,0,32804244,12851196,14432952,1080,1892580
2018-05-10_20-54-37.497957574,1525978477.499725009,2018-05-10_20-54-37.503510724,1525978477.505212667,0.93,1.00,0.97,296152084,343995130528,603963,1061252,16175,1310339,499530,372918,2834,1176366,1098868,170,95963,70255911,18951,0,3038,0,1079445,0,32804244,12851644,14433400,1080,1892580
2018-05-10_20-55-07.548368396,1525978507.550131157,2018-05-10_20-55-07.553993978,1525978507.555696207,1.04,1.01,0.98,296152084,343995130528,603963,1061252,16175,1310339,499530,372918,2834,1176366,1101886,170,95988,70276890,18953,0,3038,0,1082457,0,32804244,12838148,14419908,1080,1892588
2018-05-10_20-55-37.599158336,1525978537.601303727,2018-05-10_20-55-37.605238915,1525978537.606954049,1.02,1.01,0.98,296152084,343995130528,603963,1061252,16175,1310339,499530,372918,2834,1176366,1104891,170,96014,70297885,18953,0,3038,0,1085457,0,32804244,12838140,14419904,1080,1892592
2018-05-10_20-56-07.649907259,1525978567.651673330,2018-05-10_20-56-07.655531803,1525978567.657242522,1.01,1.01,0.98,296152084,343995130528,603963,1061252,16175,1310339,499530,372918,2834,1176366,1107906,170,96046,70318859,18958,0,3039,0,1088464,0,32804244,12838420,14420188,1080,1892596
2018-05-10_20-56-37.700577097,1525978597.702448981,2018-05-10_20-56-37.706362305,1525978597.708082946,1.01,1.01,0.98,296152084,343995130528,603963,1061252,16175,1310339,499530,372918,2834,1176366,1110920,170,96070,70339839,18965,0,3039,0,1091473,0,32804244,12838344,14420116,1080,1892600
2018-05-10_20-57-07.751220422,1525978627.753017787,2018-05-10_20-57-07.757061325,1525978627.759123803,1.01,1.01,0.98,296152084,343995130528,603963,1061252,16175,1310339,499530,372918,2834,1176366,1113931,170,96088,70360836,18967,0,3039,0,1094477,0,32804244,12837804,14419576,1080,1892600
2018-05-10_20-57-37.802238414,1525978657.804057246,2018-05-10_20-57-37.807956301,1525978657.809672914,1.00,1.01,0.98,296152084,343995130528,603963,1061252,16175,1310339,499530,372918,2834,1176366,1116950,170,96113,70381821,18970,0,3039,0,1097489,0,32804244,12838760,14420532,1080,1892600
2018-05-10_20-58-07.852869222,1525978687.854634431,2018-05-10_20-58-07.858523178,1525978687.860229621,1.00,1.01,0.98,296152084,343995130528,603963,1061252,16175,1310339,499530,372918,2834,1176366,1119966,170,96139,70402809,18976,0,3039,0,1100499,0,32804244,12851196,14432968,1080,1892596
2018-05-10_20-58-37.903274369,1525978717.905036573,2018-05-10_20-58-37.908829913,1525978717.910542476,1.00,1.01,0.98,296152084,343995130528,603963,1061252,16175,1310339,499530,372918,2834,1176366,1122973,170,96163,70423805,18978,0,3039,0,1103501,0,32804244,12851368,14433140,1080,1892596
2018-05-10_20-59-07.953690103,1525978747.955473956,2018-05-10_20-59-07.959666677,1525978747.961472349,1.00,1.01,0.98,296152084,343995130528,603963,1061252,16175,1310339,499530,372918,2834,1176366,1125995,170,96202,70444775,18980,0,3039,0,1106518,0,32804244,12851872,14433380,1080,1892596
2018-05-10_20-59-38.004672663,1525978778.006493836,2018-05-10_20-59-38.010308079,1525978778.012012691,1.00,1.01,0.98,296152084,343995130528,603963,1061252,16175,1310339,499530,372918,2834,1176366,1129005,170,96227,70465767,18986,0,3039,0,1109522,0,32804244,12851700,14433732,1080,1892596
2018-05-10_21-00-08.054982542,1525978808.056736035,2018-05-10_21-00-08.061139691,1525978808.063067325,1.00,1.01,0.98,296152084,343995130528,603963,1061252,16175,1310339,499530,372918,2834,1176366,1132021,170,96253,70486749,18988,0,3039,0,1112533,0,32804244,12850996,14432776,1080,1892604
2018-05-10_21-00-38.105974320,1525978838.107721489,2018-05-10_21-00-38.111536304,1525978838.113236364,1.00,1.01,0.98,296152084,343995130528,603963,1061252,16175,1310339,499530,372918,2834,1176366,1135028,170,96267,70507752,18989,0,3040,0,1115537,0,32804244,12851564,14433344,1080,1892612
2018-05-10_21-01-08.156339347,1525978868.158094413,2018-05-10_21-01-08.161928559,1525978868.163641503,1.00,1.01,0.98,296152084,343995130528,603963,1061252,16175,1310339,499530,372918,2834,1176366,1138045,170,96289,70528733,18993,0,3040,0,1118548,0,32804244,12851396,14433188,1080,1892616
2018-05-10_21-01-38.206518314,1525978898.208253359,2018-05-10_21-01-38.212061116,1525978898.213764005,1.00,1.01,0.98,296152084,343995130528,603963,1061252,16175,1310339,499530,372918,2834,1176366,1141052,170,96304,70549734,18994,0,3040,0,1121550,0,32804244,12851552,14433344,1080,1892616
2018-05-10_21-02-08.256488943,1525978928.258232617,2018-05-10_21-02-08.262045282,1525978928.263748539,1.00,1.01,0.98,296152084,343995130528,603963,1061252,16175,1310339,499530,372918,2834,1176366,1144057,170,96330,70570723,19001,0,3040,0,1124551,0,32804244,12851788,14433580,1080,1892616
2018-05-10_21-02-38.306542940,1525978958.308271083,2018-05-10_21-02-38.312042890,1525978958.313741331,0.88,0.98,0.97,296152084,343995130528,603963,1061252,16175,1310339,499530,372918,2834,1176366,1147066,170,96343,70591722,19003,0,3040,0,1127555,0,32804244,12852260,14434056,1080,1892620
2018-05-10_21-03-08.356641423,1525978988.358443510,2018-05-10_21-03-08.362345691,1525978988.364062719,0.93,0.99,0.97,296152084,343995130528,603963,1061252,16175,1310339,499530,372918,2834,1176366,1150093,170,96382,70612678,19004,0,3040,0,1130575,0,32804244,12837764,14419564,1080,1892628
2018-05-10_21-03-38.407346501,1525979018.409115306,2018-05-10_21-03-38.412906926,1525979018.414612452,0.96,0.99,0.97,296152084,343995130528,603963,1061252,16175,1310339,499530,372918,2834,1176366,1153104,170,96397,70633676,19005,0,3040,0,1133581,0,32804244,12838468,14420268,1080,1892628
2018-05-10_21-04-08.457542360,1525979048.459290894,2018-05-10_21-04-08.463122331,1525979048.464837400,0.76,0.94,0.95,296152084,343995130528,603963,1061252,16175,1310339,499530,372918,2834,1176366,1156123,170,96414,70654657,19008,0,3040,0,1136592,0,32804244,12838176,14419980,1080,1892632
2018-05-10_21-04-38.507958378,1525979078.509739400,2018-05-10_21-04-38.513619919,1525979078.515327775,0.86,0.94,0.95,296152084,343995130528,603963,1061252,16175,1310339,499530,372918,2834,1176366,1159140,170,96433,70675637,19016,0,3040,0,1139604,0,32804244,12837556,14419360,1080,1892632
2018-05-10_21-05-08.559092673,1525979108.560845596,2018-05-10_21-05-08.564672802,1525979108.566369610,0.91,0.95,0.95,296152084,343995130528,603963,1061252,16175,1310339,499530,372918,2834,1176366,1162150,170,96448,70696634,19018,0,3041,0,1142608,0,32804244,12838356,14420164,1080,1892636
2018-05-10_21-05-38.609663040,1525979138.611436514,2018-05-10_21-05-38.615300694,1525979138.617006288,1.07,0.99,0.97,296152084,343995130528,603963,1061252,16175,1310339,499530,372918,2834,1176366,1165167,170,96486,70717603,19019,0,3041,0,1145618,0,32804244,12839068,14420876,1080,1892636
2018-05-10_21-06-08.660366209,1525979168.662122184,2018-05-10_21-06-08.666774932,1525979168.668570400,1.35,1.05,0.99,296152084,343995130528,603963,1061252,16175,1310339,499530,372918,2834,1176366,1168177,170,96504,70738591,19027,0,3041,0,1148622,0,32804244,12851592,14433400,1080,1892632
2018-05-10_21-06-38.711620355,1525979198.713382707,2018-05-10_21-06-38.717223103,1525979198.718936035,1.21,1.05,0.99,296152084,343995130528,603963,1061252,16175,1310339,499530,372918,2834,1176366,1171179,170,96523,70759593,19029,0,3041,0,1151621,0,32804244,12850808,14432616,1080,1892632
2018-05-10_21-07-08.761849067,1525979228.763606319,2018-05-10_21-07-08.767418245,1525979228.769116261,1.13,1.04,0.99,296152084,343995130528,603963,1061252,16175,1310339,499530,372918,2834,1176366,1174189,170,96538,70780592,19030,0,3041,0,1154625,0,32804244,12850136,14431944,1080,1892632
2018-05-10_21-07-38.811972428,1525979258.813716114,2018-05-10_21-07-38.817521015,1525979258.819219656,1.15,1.05,0.99,296152084,343995130528,603963,1061252,16175,1310339,499530,372918,2834,1176366,1177197,170,96550,70801588,19037,0,3042,0,1157629,0,32804244,12850480,14432288,1080,1892632
2018-05-10_21-08-08.861997327,1525979288.863749810,2018-05-10_21-08-08.867569495,1525979288.869273389,1.09,1.05,0.99,296152084,343995130528,603963,1061252,16175,1310339,499530,372918,2834,1176366,1180213,170,96592,70822551,19039,0,3042,0,1160641,0,32804244,12850720,14432528,1080,1892632
2018-05-10_21-08-38.913054489,1525979318.914801650,2018-05-10_21-08-38.918585180,1525979318.920286854,1.05,1.04,0.99,296152084,343995130528,603963,1061252,16175,1310339,499530,372918,2834,1176366,1183221,170,96606,70843550,19041,0,3042,0,1163645,0,32804244,12851532,14433340,1080,1892632
2018-05-10_21-09-08.963007650,1525979348.964759164,2018-05-10_21-09-08.968559466,1525979348.970266196,1.04,1.04,0.99,296152084,343995130528,603963,1061252,16175,1310339,499530,372918,2834,1176366,1186227,170,96625,70864544,19047,0,3042,0,1166645,0,32804244,12850856,14432924,1080,1892632
2018-05-10_21-09-39.013138138,1525979379.014886626,2018-05-10_21-09-39.018689586,1525979379.020400141,1.02,1.04,0.99,296152084,343995130528,603963,1061252,16175,1310339,499530,372918,2834,1176366,1189233,170,96640,70885542,19051,0,3042,0,1169647,0,32804244,12851316,14433388,1080,1892636
2018-05-10_21-10-09.063122629,1525979409.064882565,2018-05-10_21-10-09.068726276,1525979409.070445084,0.93,1.02,0.99,296152084,343995130528,603963,1061252,16175,1310339,499530,372918,2834,1176366,1192252,170,96660,70906525,19053,0,3042,0,1172659,0,32804244,12851132,14432872,1080,1892644
2018-05-10_21-10-39.113220306,1525979439.114958894,2018-05-10_21-10-39.118759216,1525979439.120475214,0.96,1.02,0.99,296152084,343995130528,603963,1061252,16175,1310339,499530,372918,2834,1176366,1195262,170,96671,70927527,19054,0,3042,0,1175663,0,32804244,12851020,14432848,1080,1892652
2018-05-10_21-11-09.163339446,1525979469.165113364,2018-05-10_21-11-09.168991714,1525979469.170704392,0.98,1.01,0.99,296152084,343995130528,603963,1061252,16175,1310339,499530,372918,2834,1176366,1198276,170,96710,70948492,19058,0,3043,0,1178671,0,32804244,12838772,14420604,1080,1892660
2018-05-10_21-11-39.214653269,1525979499.216385026,2018-05-10_21-11-39.220189485,1525979499.221893774,0.99,1.01,0.99,296152084,343995130528,603963,1061252,16175,1310339,499530,372918,2834,1176366,1201282,170,96726,70969492,19059,0,3043,0,1181673,0,32804244,12838876,14420708,1080,1892660
2018-05-10_21-12-09.264755176,1525979529.266524789,2018-05-10_21-12-09.270357985,1525979529.272085988,0.99,1.01,0.99,296152084,343995130528,603963,1061252,16175,1310339,499530,372918,2834,1176366,1204300,170,96749,70990469,19064,0,3043,0,1184682,0,32804244,12837892,14419988,1080,1892664
2018-05-10_21-12-39.315358882,1525979559.317130366,2018-05-10_21-12-39.320992593,1525979559.322705869,0.94,1.00,0.98,296152084,343995130528,603963,1061252,16175,1310339,499530,372918,2834,1176366,1207315,170,96768,71011450,19070,0,3043,0,1187692,0,32804244,12838076,14419572,1080,1892664
