StartTime,StartEpoch,EndTime,EndEpoch,CPULoad1m,CPULoad5m,CPULoad5m,NetDevRX,NetDevTX,IRQens2-0,IRQens2-1,IRQens2-2,IRQens2-3,IRQens2-4,IRQens2-5,IRQens2-6,IRQens2-7,user,nice,system,idle,iowait,irq,softirq,steal,guest,guest_nice,MemTotal,MemFree,MemAvailable,Buffers,Cached
2018-05-15_20-08-47.456661083,1526407727.458408359,2018-05-15_20-08-47.462500187,1526407727.464310752,0.31,0.81,0.74,3434,64,5,0,0,0,0,8,0,0,43415,0,62654,1142249,5581,0,22,0,41850,0,32804244,14171904,14617056,2116,754736
2018-05-15_20-09-17.508303407,1526407757.510122238,2018-05-15_20-09-17.513973256,1526407757.515669342,0.92,0.91,0.77,3434,64,5,0,0,0,0,8,0,0,46493,0,65589,1160265,5583,0,23,0,44923,0,32804244,14171924,14617080,2116,754736
2018-05-15_20-09-47.558526227,1526407787.560287653,2018-05-15_20-09-47.564069033,1526407787.565761246,1.29,1.00,0.81,3434,64,5,0,0,0,0,8,0,0,49655,0,68482,1178227,5586,0,23,0,48081,0,32804244,14172172,14616956,2116,754736
2018-05-15_20-10-17.608912028,1526407817.610671885,2018-05-15_20-10-17.614568716,1526407817.616270534,1.57,1.09,0.84,3434,64,5,0,0,0,0,8,0,0,53184,0,70942,1196262,5587,0,23,0,51603,0,32804244,14159304,14604184,2116,754748
2018-05-15_20-10-47.659545716,1526407847.661483306,2018-05-15_20-10-47.665635405,1526407847.667583314,1.35,1.08,0.85,3434,64,5,0,0,0,0,8,0,0,55993,0,71226,1217188,5589,0,23,0,54409,0,32804244,14158440,14603040,2116,754756
2018-05-15_20-11-17.710788729,1526407877.712543096,2018-05-15_20-11-17.716424016,1526407877.718118000,1.60,1.17,0.89,3434,64,5,0,0,0,0,8,0,0,59423,0,73846,1235139,5600,0,24,0,57823,0,32804244,14156248,14601220,2116,754808
2018-05-15_20-11-47.761387196,1526407907.763351313,2018-05-15_20-11-47.767303609,1526407907.769013630,1.76,1.25,0.92,3434,64,5,0,0,0,0,8,0,0,62820,0,76432,1253169,5602,0,25,0,61214,0,32804244,14158084,14603372,2116,754832
2018-05-15_20-12-17.812187451,1526407937.813950582,2018-05-15_20-12-17.817786646,1526407937.819484527,1.52,1.24,0.93,3434,64,5,0,0,0,0,8,0,0,65661,0,76678,1274099,5605,0,25,0,64050,0,32804244,14158540,14603572,2116,754832
2018-05-15_20-12-47.862782070,1526407967.864555706,2018-05-15_20-12-47.868465485,1526407967.870178301,1.71,1.32,0.96,3434,64,5,0,0,0,0,8,0,0,69161,0,79197,1292091,5608,0,25,0,67543,0,32804244,14157604,14602636,2116,754832
2018-05-15_20-13-17.913530036,1526407997.915301975,2018-05-15_20-13-17.919198771,1526407997.920913400,1.90,1.40,1.00,3434,64,5,0,0,0,0,8,0,0,72631,0,81742,1310087,5610,0,25,0,71008,0,32804244,14170708,14615740,2116,754828
2018-05-15_20-13-47.963989331,1526408027.966000252,2018-05-15_20-13-47.969873437,1526408027.971569414,1.89,1.44,1.03,3434,64,5,0,0,0,0,8,0,0,76073,0,84311,1328081,5615,0,26,0,74446,0,32804244,14170836,14615868,2116,754828
2018-05-15_20-14-18.014584617,1526408058.016551180,2018-05-15_20-14-18.020513612,1526408058.022224513,1.93,1.49,1.06,3434,64,5,0,0,0,0,8,0,0,79616,0,86774,1346088,5618,0,27,0,77985,0,32804244,14171320,14616352,2116,754828
2018-05-15_20-14-48.065391408,1526408088.067371662,2018-05-15_20-14-48.071600072,1526408088.073328682,1.62,1.46,1.06,3434,64,5,0,0,0,0,8,0,0,82439,0,87002,1367055,5621,0,27,0,80804,0,32804244,14170348,14615380,2116,754828
2018-05-15_20-15-18.117012387,1526408118.119024535,2018-05-15_20-15-18.123266135,1526408118.125173200,1.82,1.53,1.10,3434,64,5,0,0,0,0,8,0,0,85941,0,89517,1385047,5623,0,27,0,84302,0,32804244,14169132,14614164,2116,754828
2018-05-15_20-15-48.171094829,1526408148.173075918,2018-05-15_20-15-48.177611091,1526408148.179558907,1.95,1.59,1.13,3434,64,5,0,0,0,0,8,0,0,89420,0,92059,1403040,5628,0,27,0,87778,0,32804244,14167560,14611960,2116,754828
2018-05-15_20-16-18.226913145,1526408178.228716302,2018-05-15_20-16-18.232539583,1526408178.234238956,1.65,1.55,1.13,3434,64,5,0,0,0,0,8,0,0,92255,0,92250,1424034,5631,0,27,0,90608,0,32804244,14169448,14614480,2116,754828
2018-05-15_20-16-48.277076198,1526408208.278810567,2018-05-15_20-16-48.282569555,1526408208.284248890,1.85,1.61,1.17,3434,64,5,0,0,0,0,8,0,0,95848,0,94660,1442041,5634,0,28,0,94197,0,32804244,14169932,14615224,2116,754828
2018-05-15_20-17-18.327072707,1526408238.328821754,2018-05-15_20-17-18.332638075,1526408238.334342126,1.86,1.63,1.19,3434,64,5,0,0,0,0,8,0,0,99396,0,97107,1460064,5636,0,28,0,97739,0,32804244,14170272,14615304,2116,754828
2018-05-15_20-17-48.377123432,1526408268.378873018,2018-05-15_20-17-48.382661551,1526408268.384360656,1.91,1.66,1.21,3434,64,5,0,0,0,0,8,0,0,102928,0,99601,1478065,5638,0,28,0,101266,0,32804244,14170328,14615364,2116,754832
2018-05-15_20-18-18.427349750,1526408298.429127670,2018-05-15_20-18-18.433038725,1526408298.434743090,1.89,1.68,1.23,3434,64,5,0,0,0,0,8,0,0,106072,0,102405,1496125,5640,0,28,0,104404,0,32804244,14157540,14602584,2116,754840
2018-05-15_20-18-48.477760477,1526408328.479494525,2018-05-15_20-18-48.483283433,1526408328.484978687,1.48,1.60,1.22,3434,64,5,0,0,0,0,8,0,0,108901,0,102630,1517089,5642,0,29,0,107228,0,32804244,14157872,14602636,2116,754840
2018-05-15_20-19-18.529016805,1526408358.530882079,2018-05-15_20-19-18.534830492,1526408358.536527717,1.68,1.64,1.25,3434,64,5,0,0,0,0,8,0,0,111941,0,105525,1535158,5650,0,29,0,110261,0,32804244,14157860,14602908,2116,754844
2018-05-15_20-19-48.581378196,1526408388.583160924,2018-05-15_20-19-48.587060702,1526408388.588767221,1.81,1.67,1.27,3434,64,5,0,0,0,0,8,0,0,115038,0,108396,1553198,5653,0,29,0,113351,0,32804244,14157104,14602152,2116,754844
2018-05-15_20-20-18.631972252,1526408418.633752581,2018-05-15_20-20-18.637663683,1526408418.639380699,1.55,1.62,1.27,3434,64,5,0,0,0,0,8,0,0,117888,0,108649,1574119,5655,0,29,0,116194,0,32804244,14156496,14601584,2116,754856
2018-05-15_20-20-48.682532715,1526408448.684316126,2018-05-15_20-20-48.688226346,1526408448.689952181,1.68,1.64,1.28,3434,64,5,0,0,0,0,8,0,0,120933,0,111520,1592230,5666,0,30,0,119233,0,32804244,14157180,14602272,2116,754860
2018-05-15_20-21-18.733482449,1526408478.735340778,2018-05-15_20-21-18.739274229,1526408478.740988047,1.75,1.66,1.30,3434,64,5,0,0,0,0,8,0,0,123953,0,114466,1610294,5669,0,31,0,122248,0,32804244,14169936,14614752,2116,754852
2018-05-15_20-21-48.784048619,1526408508.785899039,2018-05-15_20-21-48.789787979,1526408508.791506352,1.85,1.70,1.33,3434,64,5,0,0,0,0,8,0,0,126946,0,117441,1628362,5675,0,31,0,125237,0,32804244,14170340,14615156,2116,754852
2018-05-15_20-22-18.835444772,1526408538.837213944,2018-05-15_20-22-18.841083319,1526408538.842799988,1.86,1.71,1.34,3434,64,5,0,0,0,0,8,0,0,130008,0,120369,1646409,5678,0,32,0,128293,0,32804244,14170108,14615196,2116,754852
2018-05-15_20-22-48.885976956,1526408568.887800272,2018-05-15_20-22-48.891610564,1526408568.893315195,1.52,1.64,1.33,3434,64,5,0,0,0,0,8,0,0,132860,0,120605,1667352,5680,0,32,0,131141,0,32804244,14169828,14614916,2116,754852
2018-05-15_20-23-18.936170567,1526408598.937934074,2018-05-15_20-23-18.941770838,1526408598.943477053,1.71,1.68,1.35,3434,64,5,0,0,0,0,8,0,0,135873,0,123517,1685447,5683,0,33,0,134149,0,32804244,14169748,14614836,2116,754852
2018-05-15_20-23-48.986417070,1526408628.988163547,2018-05-15_20-23-48.991978125,1526408628.993683625,1.77,1.69,1.36,3434,64,5,0,0,0,0,8,0,0,138925,0,126478,1703463,5685,0,33,0,137198,0,32804244,14170152,14615240,2116,754852
2018-05-15_20-24-19.036533354,1526408659.038292016,2018-05-15_20-24-19.042111892,1526408659.043828798,1.47,1.62,1.35,3434,64,5,0,0,0,0,8,0,0,141779,0,126734,1724381,5690,0,34,0,140048,0,32804244,14170348,14615436,2116,754852
2018-05-15_20-24-49.086615217,1526408689.088360474,2018-05-15_20-24-49.092158667,1526408689.093871073,1.74,1.68,1.38,3434,64,5,0,0,0,0,8,0,0,144888,0,129513,1742527,5695,0,35,0,143154,0,32804244,14170100,14615188,2116,754852
2018-05-15_20-25-19.136600582,1526408719.138364779,2018-05-15_20-25-19.142215746,1526408719.143932371,1.79,1.69,1.39,3434,64,5,0,0,0,0,8,0,0,148023,0,132369,1760566,5697,0,36,0,146284,0,32804244,14170028,14615116,2116,754852
2018-05-15_20-25-49.186733404,1526408749.188484356,2018-05-15_20-25-49.192270913,1526408749.193976463,1.87,1.72,1.41,3434,64,5,0,0,0,0,8,0,0,151137,0,135267,1778578,5699,0,37,0,149394,0,32804244,14169660,14614748,2116,754852
2018-05-15_20-26-19.237191027,1526408779.238976191,2018-05-15_20-26-19.242906330,1526408779.244618605,1.92,1.75,1.43,3434,64,5,0,0,0,0,8,0,0,154660,0,137739,1796599,5701,0,37,0,152911,0,32804244,14157040,14602136,2116,754864
2018-05-15_20-26-49.287688499,1526408809.289448325,2018-05-15_20-26-49.293369668,1526408809.295109288,1.61,1.69,1.42,3434,64,5,0,0,0,0,8,0,0,157536,0,138028,1817469,5703,0,38,0,155784,0,32804244,14157220,14602320,2116,754868
2018-05-15_20-27-19.338236065,1526408839.340036183,2018-05-15_20-27-19.343967672,1526408839.345674599,1.71,1.71,1.43,3434,64,5,0,0,0,0,8,0,0,160932,0,140531,1835584,5704,0,39,0,159172,0,32804244,14157088,14602188,2116,754868
2018-05-15_20-27-49.389036375,1526408869.390826022,2018-05-15_20-27-49.394758149,1526408869.396465025,1.83,1.73,1.45,3434,64,5,0,0,0,0,8,0,0,164438,0,143019,1853604,5709,0,40,0,162672,0,32804244,14156856,14601960,2116,754872
2018-05-15_20-28-19.439869637,1526408899.441746504,2018-05-15_20-28-19.445639179,1526408899.447365278,1.55,1.68,1.44,3434,64,5,0,0,0,0,8,0,0,167327,0,143346,1874423,5712,0,40,0,165556,0,32804244,14156888,14601992,2116,754872
2018-05-15_20-28-49.490782276,1526408929.492610629,2018-05-15_20-28-49.496526916,1526408929.498229334,1.68,1.69,1.45,3434,64,5,0,0,0,0,8,0,0,170844,0,145684,1892582,5717,0,41,0,169067,0,32804244,14156904,14602020,2116,754880
2018-05-15_20-29-19.541452682,1526408959.543234022,2018-05-15_20-29-19.547124023,1526408959.548843470,1.75,1.71,1.47,3434,64,5,0,0,0,0,8,0,0,174321,0,148198,1910607,5718,0,42,0,172540,0,32804244,14169572,14614404,2116,754872
2018-05-15_20-29-49.591990263,1526408989.594008871,2018-05-15_20-29-49.597901557,1526408989.599606380,1.85,1.74,1.48,3434,64,5,0,0,0,0,8,0,0,177842,0,150667,1928627,5726,0,42,0,176057,0,32804244,14169176,14614288,2116,754872
2018-05-15_20-30-19.642880239,1526409019.644956244,2018-05-15_20-30-19.649469926,1526409019.651447432,1.38,1.63,1.46,3434,64,5,0,0,0,0,8,0,0,178663,0,151412,1950949,5727,0,42,0,176873,0,32804244,14166368,14611432,2116,754876
2018-05-15_20-30-49.698735247,1526409049.700767078,2018-05-15_20-30-49.704965719,1526409049.706813523,1.08,1.54,1.43,3434,64,5,0,0,0,0,8,0,0,179236,0,152082,1973637,5730,0,42,0,177442,0,32804244,14166688,14611812,2116,754884
2018-05-15_20-31-19.755037964,1526409079.757053413,2018-05-15_20-31-19.761389286,1526409079.763442612,0.80,1.43,1.40,3434,64,5,0,0,0,0,8,0,0,179890,0,152776,1996223,5732,0,43,0,178093,0,32804244,14165916,14610472,2116,754884
2018-05-15_20-31-49.811702052,1526409109.813739315,2018-05-15_20-31-49.818231141,1526409109.820183132,0.48,1.29,1.35,3434,64,5,0,0,0,0,8,0,0,180526,0,153513,2018784,5732,0,43,0,178725,0,32804244,14165964,14611088,2116,754884
2018-05-15_20-32-19.868443944,1526409139.870642985,2018-05-15_20-32-19.874949362,1526409139.876730982,0.57,1.23,1.33,3434,64,5,0,0,0,0,8,0,0,181142,0,154230,2041433,5736,0,43,0,179337,0,32804244,14166316,14611664,2116,754884
2018-05-15_20-32-49.924134143,1526409169.926118998,2018-05-15_20-32-49.930784060,1526409169.932701252,0.53,1.16,1.31,3434,64,5,0,0,0,0,8,0,0,181784,0,155012,2063941,5739,0,43,0,179975,0,32804244,14165464,14610552,2116,754884
2018-05-15_20-33-19.980659978,1526409199.982817574,2018-05-15_20-33-19.987166344,1526409199.989137662,0.32,1.05,1.26,3434,64,5,0,0,0,0,8,0,0,182416,0,155742,2086513,5740,0,43,0,180602,0,32804244,14166056,14611180,2116,754884
2018-05-15_20-33-50.036949767,1526409230.039150323,2018-05-15_20-33-50.043496596,1526409230.045529767,0.28,0.97,1.23,3434,64,5,0,0,0,0,8,0,0,183048,0,156424,2109126,5742,0,43,0,181231,0,32804244,14166904,14611764,2116,754884
2018-05-15_20-34-20.093990103,1526409260.095890020,2018-05-15_20-34-20.099986834,1526409260.101810301,0.84,1.03,1.24,3434,64,5,0,0,0,0,8,0,0,185979,0,159153,2127459,5746,0,44,0,184157,0,32804244,14156280,14601408,2116,754892
2018-05-15_20-34-50.144916425,1526409290.146668425,2018-05-15_20-34-50.150497824,1526409290.152205981,0.96,1.04,1.24,3434,64,5,0,0,0,0,8,0,0,188844,0,159504,2148250,5748,0,44,0,187018,0,32804244,14156652,14601780,2116,754892
2018-05-15_20-35-20.195323552,1526409320.197110210,2018-05-15_20-35-20.201030934,1526409320.202743271,1.26,1.10,1.25,3434,64,5,0,0,0,0,8,0,0,191897,0,162226,2166465,5753,0,44,0,190065,0,32804244,14157624,14602756,2116,754896
2018-05-15_20-35-50.246360225,1526409350.248146040,2018-05-15_20-35-50.252084783,1526409350.253802887,1.55,1.19,1.27,3434,64,5,0,0,0,0,8,0,0,194971,0,165110,2184501,5755,0,45,0,193135,0,32804244,14156320,14601460,2116,754904
2018-05-15_20-36-20.296925746,1526409380.298671579,2018-05-15_20-36-20.302520327,1526409380.304227081,1.39,1.19,1.27,3434,64,5,0,0,0,0,8,0,0,197834,0,165505,2205253,5758,0,45,0,195993,0,32804244,14156960,14602360,2116,754904
2018-05-15_20-36-50.347345014,1526409410.349130411,2018-05-15_20-36-50.353065452,1526409410.354787184,1.58,1.25,1.29,3434,64,5,0,0,0,0,8,0,0,200885,0,168190,2223512,5762,0,45,0,199038,0,32804244,14156984,14602388,2116,754908
2018-05-15_20-37-20.398204814,1526409440.399982552,2018-05-15_20-37-20.403880454,1526409440.405588092,1.76,1.33,1.32,3434,64,5,0,0,0,0,8,0,0,203954,0,171078,2241551,5764,0,45,0,202102,0,32804244,14170336,14615484,2116,754904
2018-05-15_20-37-50.448398174,1526409470.450134264,2018-05-15_20-37-50.453931530,1526409470.455631251,1.86,1.40,1.34,3434,64,5,0,0,0,0,8,0,0,206969,0,174015,2259587,5769,0,46,0,205114,0,32804244,14170328,14615476,2116,754904
2018-05-15_20-38-20.499094355,1526409500.500870791,2018-05-15_20-38-20.504705206,1526409500.506422065,1.52,1.36,1.33,3434,64,5,0,0,0,0,8,0,0,209819,0,174409,2280354,5772,0,46,0,207960,0,32804244,14170360,14615508,2116,754904
2018-05-15_20-38-50.549204300,1526409530.550960427,2018-05-15_20-38-50.554768499,1526409530.556463463,1.71,1.42,1.35,3434,64,5,0,0,0,0,8,0,0,212918,0,177021,2298641,5774,0,47,0,211055,0,32804244,14170268,14615416,2116,754904
2018-05-15_20-39-20.599285146,1526409560.601043631,2018-05-15_20-39-20.604868367,1526409560.606560239,1.66,1.44,1.36,3434,64,5,0,0,0,0,8,0,0,216076,0,179803,2316690,5776,0,47,0,214210,0,32804244,14170056,14615464,2116,754904
2018-05-15_20-39-50.649475820,1526409590.651242633,2018-05-15_20-39-50.655050273,1526409590.656754867,1.80,1.50,1.38,3434,64,5,0,0,0,0,8,0,0,219099,0,182727,2334735,5777,0,47,0,217229,0,32804244,14170032,14615180,2116,754904
2018-05-15_20-40-20.699571007,1526409620.701330981,2018-05-15_20-40-20.705201843,1526409620.706913721,1.82,1.53,1.39,3434,64,5,0,0,0,0,8,0,0,222266,0,185539,2352754,5779,0,47,0,220391,0,32804244,14169728,14614884,2116,754912
2018-05-15_20-40-50.749943300,1526409650.751695328,2018-05-15_20-40-50.755519775,1526409650.757223166,1.50,1.48,1.38,3434,64,5,0,0,0,0,8,0,0,225125,0,185955,2373492,5779,0,47,0,223246,0,32804244,14170140,14615304,2116,754920
2018-05-15_20-41-20.800108655,1526409680.801873591,2018-05-15_20-41-20.805745977,1526409680.807456482,1.64,1.51,1.40,3434,64,5,0,0,0,0,8,0,0,228190,0,188581,2391794,5785,0,48,0,226307,0,32804244,14170000,14615164,2116,754920
2018-05-15_20-41-50.850564958,1526409710.852319619,2018-05-15_20-41-50.856146172,1526409710.857868469,1.78,1.56,1.41,3434,64,5,0,0,0,0,8,0,0,231313,0,191416,2409827,5788,0,48,0,229427,0,32804244,14170068,14615232,2116,754920
2018-05-15_20-42-20.901576345,1526409740.903759372,2018-05-15_20-42-20.908235191,1526409740.910217075,1.14,1.43,1.38,3434,64,5,0,0,0,0,8,0,0,232130,0,192216,2432093,5788,0,48,0,230238,0,32804244,14153972,14599144,2116,754932
2018-05-15_20-42-50.958332254,1526409770.960499298,2018-05-15_20-42-50.964582608,1526409770.966557882,0.80,1.32,1.34,3434,64,5,0,0,0,0,8,0,0,232744,0,192872,2454694,5788,0,48,0,230848,0,32804244,14153564,14598472,2116,754932
2018-05-15_20-43-21.015330029,1526409801.017391176,2018-05-15_20-43-21.021835858,1526409801.023757414,0.75,1.26,1.32,3434,64,5,0,0,0,0,8,0,0,233339,0,193547,2477288,5792,0,49,0,231438,0,32804244,14153008,14598140,2116,754936
2018-05-15_20-43-51.071950739,1526409831.073998622,2018-05-15_20-43-51.078550685,1526409831.080475809,0.67,1.19,1.29,3434,64,5,0,0,0,0,8,0,0,233920,0,194200,2499892,5794,0,49,0,232013,0,32804244,14152556,14597736,2116,754940
2018-05-15_20-44-21.128444984,1526409861.130426993,2018-05-15_20-44-21.134844586,1526409861.136781211,0.55,1.10,1.26,3434,64,5,0,0,0,0,8,0,0,234599,0,194912,2522375,5795,0,49,0,232687,0,32804244,14153772,14598632,2116,754944
2018-05-15_20-44-51.184128689,1526409891.186296103,2018-05-15_20-44-51.190808200,1526409891.192787193,0.41,1.02,1.23,3434,64,5,0,0,0,0,8,0,0,235230,0,195627,2544973,5802,0,49,0,233313,0,32804244,14151956,14596828,2116,754952
2018-05-15_20-45-21.241140510,1526409921.243171606,2018-05-15_20-45-21.247764438,1526409921.249722832,0.38,0.95,1.20,3434,64,5,0,0,0,0,8,0,0,235795,0,196300,2567596,5807,0,49,0,233873,0,32804244,14165968,14610584,2116,754944
2018-05-15_20-45-51.297592372,1526409951.299571175,2018-05-15_20-45-51.303862275,1526409951.305804685,0.35,0.89,1.17,3434,64,5,0,0,0,0,8,0,0,236357,0,197037,2590153,5811,0,49,0,234431,0,32804244,14165792,14610984,2116,754944
2018-05-15_20-46-21.354532667,1526409981.356314042,2018-05-15_20-46-21.360166171,1526409981.361882142,0.61,0.90,1.17,3434,64,5,0,0,0,0,8,0,0,238943,0,197284,2611326,5812,0,49,0,237013,0,32804244,14167572,14612768,2116,754944
2018-05-15_20-46-51.404736544,1526410011.406475282,2018-05-15_20-46-51.410264236,1526410011.411970109,1.16,1.01,1.19,3434,64,5,0,0,0,0,8,0,0,242443,0,199449,2629677,5814,0,50,0,240511,0,32804244,14167856,14613052,2116,754944
2018-05-15_20-47-21.455010711,1526410041.456851800,2018-05-15_20-47-21.460688092,1526410041.462405893,1.49,1.10,1.22,3434,64,5,0,0,0,0,8,0,0,245953,0,201937,2647695,5817,0,50,0,244016,0,32804244,14169016,14614212,2116,754944
2018-05-15_20-47-51.505492624,1526410071.507517922,2018-05-15_20-47-51.511334418,1526410071.513043937,1.69,1.19,1.25,3434,64,5,0,0,0,0,8,0,0,249392,0,204491,2665717,5818,0,50,0,247451,0,32804244,14168496,14613412,2116,754944
2018-05-15_20-48-21.555812345,1526410101.557556642,2018-05-15_20-48-21.561373930,1526410101.563077580,1.81,1.27,1.27,3434,64,5,0,0,0,0,8,0,0,252925,0,206939,2683748,5820,0,50,0,250981,0,32804244,14168832,14614028,2116,754944
2018-05-15_20-48-51.605899953,1526410131.607633475,2018-05-15_20-48-51.611418288,1526410131.613123323,1.49,1.24,1.26,3434,64,5,0,0,0,0,8,0,0,255839,0,207418,2704370,5822,0,51,0,253889,0,32804244,14169024,14614224,2116,754948
2018-05-15_20-49-21.655738546,1526410161.657483076,2018-05-15_20-49-21.661299782,1526410161.663000206,1.69,1.31,1.28,3434,64,5,0,0,0,0,8,0,0,259159,0,209737,2722740,5824,0,51,0,257205,0,32804244,14168952,14614152,2116,754948
2018-05-15_20-49-51.705765493,1526410191.707493062,2018-05-15_20-49-51.711283358,1526410191.712991284,1.76,1.36,1.30,3434,64,5,0,0,0,0,8,0,0,262521,0,212369,2740752,5826,0,51,0,260565,0,32804244,14168816,14614016,2116,754948
2018-05-15_20-50-21.756164549,1526410221.757958113,2018-05-15_20-50-21.761879375,1526410221.763584723,1.46,1.33,1.29,3434,64,5,0,0,0,0,8,0,0,265432,0,212859,2761367,5829,0,52,0,263469,0,32804244,14156052,14601280,2116,754976
2018-05-15_20-50-51.806663397,1526410251.808420353,2018-05-15_20-50-51.812230316,1526410251.813952576,1.57,1.36,1.31,3434,64,5,0,0,0,0,8,0,0,268382,0,215535,2779759,5834,0,52,0,266415,0,32804244,14156092,14601584,2116,754980
2018-05-15_20-51-21.856968282,1526410281.858761307,2018-05-15_20-51-21.862682899,1526410281.864395140,1.74,1.42,1.33,3434,64,5,0,0,0,0,8,0,0,271387,0,218523,2797788,5837,0,53,0,269413,0,32804244,14156736,14601676,2116,754984
2018-05-15_20-51-51.907620631,1526410311.909409979,2018-05-15_20-51-51.913311952,1526410311.915021976,1.84,1.48,1.35,3434,64,5,0,0,0,0,8,0,0,274385,0,221502,2815835,5843,0,54,0,272406,0,32804244,14156704,14601940,2116,754984
2018-05-15_20-52-21.958135027,1526410341.959914581,2018-05-15_20-52-21.963788342,1526410341.965506802,1.90,1.53,1.37,3434,64,5,0,0,0,0,8,0,0,277458,0,224437,2833854,5847,0,54,0,275475,0,32804244,14156616,14601860,2116,754992
2018-05-15_20-52-52.008876725,1526410372.010671428,2018-05-15_20-52-52.014612454,1526410372.016324763,1.55,1.48,1.36,3434,64,5,0,0,0,0,8,0,0,280354,0,224984,2854430,5851,0,55,0,278364,0,32804244,14156280,14601788,2116,755000
2018-05-15_20-53-22.059616829,1526410402.061402715,2018-05-15_20-53-22.065282949,1526410402.067005174,1.67,1.51,1.37,3434,64,5,0,0,0,0,8,0,0,283273,0,227658,2872860,5855,0,55,0,281278,0,32804244,14168632,14613880,2116,754992
2018-05-15_20-53-52.110041175,1526410432.111802240,2018-05-15_20-53-52.115601638,1526410432.117306809,1.74,1.54,1.39,3434,64,5,0,0,0,0,8,0,0,286323,0,230590,2890896,5858,0,55,0,284325,0,32804244,14168876,14614384,2116,754992
2018-05-15_20-54-22.160180376,1526410462.161945094,2018-05-15_20-54-22.165804217,1526410462.167510649,1.50,1.51,1.38,3434,64,5,0,0,0,0,8,0,0,289193,0,231148,2911489,5862,0,56,0,287191,0,32804244,14169040,14614552,2116,754996
2018-05-15_20-54-52.210574706,1526410492.212332232,2018-05-15_20-54-52.216147777,1526410492.217851379,1.65,1.54,1.40,3434,64,5,0,0,0,0,8,0,0,292243,0,233650,2929964,5864,0,56,0,290237,0,32804244,14168800,14614052,2116,754996
2018-05-15_20-55-22.261324145,1526410522.263082144,2018-05-15_20-55-22.266917014,1526410522.268606448,1.73,1.57,1.41,3434,64,5,0,0,0,0,8,0,0,295164,0,236689,2948034,5866,0,57,0,293155,0,32804244,14169016,14614268,2116,754996
2018-05-15_20-55-52.311401518,1526410552.313154762,2018-05-15_20-55-52.316953189,1526410552.318653869,1.84,1.61,1.43,3434,64,5,0,0,0,0,8,0,0,298077,0,239732,2966100,5866,0,57,0,296064,0,32804244,14169064,14614316,2116,754996
2018-05-15_20-56-22.361381489,1526410582.363141551,2018-05-15_20-56-22.366954563,1526410582.368664051,1.79,1.62,1.44,3434,64,5,0,0,0,0,8,0,0,301116,0,242653,2984164,5867,0,57,0,299099,0,32804244,14169308,14614560,2116,754996
2018-05-15_20-56-52.412333467,1526410612.414093008,2018-05-15_20-56-52.418517449,1526410612.420265494,1.53,1.57,1.43,3434,64,5,0,0,0,0,8,0,0,303968,0,243248,3004744,5868,0,57,0,301947,0,32804244,14168832,14614084,2116,754996
2018-05-15_20-57-22.463149820,1526410642.464916059,2018-05-15_20-57-22.469263853,1526410642.470988255,1.61,1.58,1.43,3434,64,5,0,0,0,0,8,0,0,306936,0,245818,3023228,5868,0,58,0,304911,0,32804244,14169020,14614276,2116,755000
2018-05-15_20-57-52.513924345,1526410672.515680359,2018-05-15_20-57-52.519534433,1526410672.521503623,1.69,1.61,1.45,3434,64,5,0,0,0,0,8,0,0,309971,0,248738,3041299,5870,0,58,0,307941,0,32804244,14168404,14612992,2116,755000
2018-05-15_20-58-22.565322548,1526410702.567126903,2018-05-15_20-58-22.571064467,1526410702.572791867,1.54,1.58,1.44,3434,64,5,0,0,0,0,8,0,0,312866,0,249321,3061833,5878,0,58,0,310830,0,32804244,14156012,14601272,2116,755008
2018-05-15_20-58-52.615865056,1526410732.617619371,2018-05-15_20-58-52.621437016,1526410732.623145745,1.67,1.60,1.45,3434,64,5,0,0,0,0,8,0,0,316292,0,251428,3080305,5881,0,59,0,314252,0,32804244,14156036,14601304,2116,755016
2018-05-15_20-59-22.666368970,1526410762.668165693,2018-05-15_20-59-22.672099417,1526410762.673817875,1.74,1.63,1.47,3434,64,5,0,0,0,0,8,0,0,319751,0,253950,3098332,5884,0,59,0,317706,0,32804244,14155624,14600892,2116,755016
2018-05-15_20-59-52.717376200,1526410792.719134780,2018-05-15_20-59-52.722972599,1526410792.724682900,1.73,1.63,1.47,3434,64,5,0,0,0,0,8,0,0,323084,0,256583,3116351,5886,0,60,0,321032,0,32804244,14155964,14601244,2116,755024
2018-05-15_21-00-22.768222684,1526410822.769990239,2018-05-15_21-00-22.773891932,1526410822.775608167,1.78,1.65,1.48,3434,64,5,0,0,0,0,8,0,0,326532,0,259118,3134350,5891,0,60,0,324474,0,32804244,14156172,14601456,2116,755028
2018-05-15_21-00-52.818823862,1526410852.820591213,2018-05-15_21-00-52.824429695,1526410852.826143944,1.52,1.60,1.48,3434,64,5,0,0,0,0,8,0,0,329456,0,259694,3154855,5896,0,60,0,327391,0,32804244,14154896,14600184,2116,755032
2018-05-15_21-01-22.869295318,1526410882.871076085,2018-05-15_21-01-22.874964434,1526410882.876676565,1.66,1.63,1.49,3434,64,5,0,0,0,0,8,0,0,332753,0,261878,3173360,5902,0,61,0,330684,0,32804244,14167664,14612948,2116,755024
2018-05-15_21-01-52.920334916,1526410912.922089903,2018-05-15_21-01-52.925923178,1526410912.927630320,1.79,1.66,1.50,3434,64,5,0,0,0,0,8,0,0,336140,0,264452,3191389,5903,0,61,0,334068,0,32804244,14168112,14613396,2116,755024
2018-05-15_21-02-22.970422222,1526410942.972159607,2018-05-15_21-02-22.975971700,1526410942.977684407,1.53,1.61,1.49,3434,64,5,0,0,0,0,8,0,0,339077,0,265042,3211868,5909,0,61,0,337001,0,32804244,14167988,14613284,2116,755032
2018-05-15_21-02-53.020397566,1526410973.022151810,2018-05-15_21-02-53.025957769,1526410973.027665370,1.66,1.64,1.51,3434,64,5,0,0,0,0,8,0,0,342440,0,267133,3230410,5914,0,61,0,340358,0,32804244,14168108,14613404,2116,755032
2018-05-15_21-03-23.070548127,1526411003.072294349,2018-05-15_21-03-23.076122487,1526411003.077848087,1.79,1.67,1.52,3434,64,5,0,0,0,0,8,0,0,345778,0,269728,3248457,5915,0,62,0,343692,0,32804244,14168156,14613716,2116,755036
2018-05-15_21-03-53.120756391,1526411033.122511688,2018-05-15_21-03-53.126332454,1526411033.128044554,1.87,1.70,1.53,3434,64,5,0,0,0,0,8,0,0,349143,0,272310,3266494,5916,0,62,0,347053,0,32804244,14168532,14614092,2116,755036
2018-05-15_21-04-23.170955141,1526411063.172701451,2018-05-15_21-04-23.176521890,1526411063.178235507,1.92,1.73,1.55,3434,64,5,0,0,0,0,8,0,0,352531,0,274867,3284539,5919,0,62,0,350437,0,32804244,14168600,14613900,2116,755036
2018-05-15_21-04-53.221151713,1526411093.222915090,2018-05-15_21-04-53.226741570,1526411093.228444039,1.68,1.69,1.54,3434,64,5,0,0,0,0,8,0,0,355479,0,275464,3305007,5921,0,63,0,353381,0,32804244,14168712,14614012,2116,755036
2018-05-15_21-05-23.271308194,1526411123.273064741,2018-05-15_21-05-23.276881348,1526411123.278582105,1.75,1.70,1.55,3434,64,5,0,0,0,0,8,0,0,358701,0,277668,3323589,5922,0,63,0,356598,0,32804244,14168564,14613864,2116,755036
2018-05-15_21-05-53.321395435,1526411153.323146114,2018-05-15_21-05-53.326965881,1526411153.328661480,1.85,1.73,1.57,3434,64,5,0,0,0,0,8,0,0,362083,0,280292,3341587,5923,0,63,0,359975,0,32804244,14168612,14613648,2116,755036
2018-05-15_21-06-23.371656033,1526411183.373453543,2018-05-15_21-06-23.377361178,1526411183.379078378,1.64,1.69,1.56,3434,64,5,0,0,0,0,8,0,0,365019,0,280918,3362035,5926,0,63,0,362905,0,32804244,14155848,14601152,2116,755044
2018-05-15_21-06-53.422180143,1526411213.423962507,2018-05-15_21-06-53.427794486,1526411213.429500420,1.73,1.71,1.57,3434,64,5,0,0,0,0,8,0,0,367983,0,283402,3380586,5928,0,63,0,365865,0,32804244,14155868,14601176,2116,755048
2018-05-15_21-07-23.472784923,1526411243.474609135,2018-05-15_21-07-23.478551419,1526411243.480274599,1.84,1.74,1.58,3434,64,5,0,0,0,0,8,0,0,370994,0,286378,3398590,5933,0,64,0,368871,0,32804244,14155732,14601048,2116,755056
2018-05-15_21-07-53.523612622,1526411273.525402840,2018-05-15_21-07-53.529227528,1526411273.530945735,1.84,1.75,1.59,3434,64,5,0,0,0,0,8,0,0,374031,0,289326,3416605,5937,0,64,0,371900,0,32804244,14154988,14600568,2116,755060
2018-05-15_21-08-23.574085014,1526411303.575924621,2018-05-15_21-08-23.579761976,1526411303.581459641,1.85,1.75,1.60,3434,64,5,0,0,0,0,8,0,0,377054,0,292280,3434626,5940,0,65,0,374918,0,32804244,14155460,14600780,2116,755060
2018-05-15_21-08-53.624514319,1526411333.626305198,2018-05-15_21-08-53.630134925,1526411333.631850128,1.57,1.70,1.58,3434,64,5,0,0,0,0,8,0,0,379927,0,293004,3455041,5943,0,65,0,377784,0,32804244,14155320,14600644,2116,755064
2018-05-15_21-09-23.675141253,1526411363.677001529,2018-05-15_21-09-23.680880649,1526411363.682583824,1.68,1.71,1.59,3434,64,5,0,0,0,0,8,0,0,382941,0,295388,3473648,5944,0,65,0,380794,0,32804244,14168308,14613632,2116,755060
2018-05-15_21-09-53.726110772,1526411393.727871405,2018-05-15_21-09-53.731702740,1526411393.733408793,1.81,1.74,1.61,3434,64,5,0,0,0,0,8,0,0,385948,0,298358,3491665,5953,0,65,0,383795,0,32804244,14168464,14613788,2116,755060
2018-05-15_21-10-23.777327808,1526411423.779355905,2018-05-15_21-10-23.783321387,1526411423.785036335,1.88,1.76,1.62,3434,64,5,0,0,0,0,8,0,0,388943,0,301343,3509686,5957,0,66,0,386784,0,32804244,14168352,14613692,2116,755076
2018-05-15_21-10-53.828023412,1526411453.829790137,2018-05-15_21-10-53.833614357,1526411453.835314558,1.87,1.77,1.62,3434,64,5,0,0,0,0,8,0,0,391947,0,304335,3527680,5972,0,66,0,389780,0,32804244,14168404,14613744,2116,755076
2018-05-15_21-11-23.878422632,1526411483.880363036,2018-05-15_21-11-23.884177992,1526411483.885891538,1.58,1.71,1.61,3434,64,5,0,0,0,0,8,0,0,394804,0,305090,3548081,5973,0,66,0,392633,0,32804244,14168304,14613380,2116,755076
2018-05-15_21-11-53.929139656,1526411513.930895159,2018-05-15_21-11-53.934722386,1526411513.936417446,1.69,1.72,1.61,3434,64,5,0,0,0,0,8,0,0,397785,0,307489,3566712,5977,0,66,0,395608,0,32804244,14167448,14612788,2116,755076
2018-05-15_21-12-23.980783184,1526411543.982525795,2018-05-15_21-12-23.986340020,1526411543.988061810,1.81,1.75,1.63,3434,64,5,0,0,0,0,8,0,0,400695,0,310550,3584743,5978,0,67,0,398513,0,32804244,14168276,14613880,2116,755080
2018-05-15_21-12-54.030865962,1526411574.032614782,2018-05-15_21-12-54.036427592,1526411574.038138976,1.83,1.76,1.63,3434,64,5,0,0,0,0,8,0,0,403613,0,313606,3602777,5979,0,68,0,401426,0,32804244,14168656,14614000,2116,755080
2018-05-15_21-13-24.080986386,1526411604.082735799,2018-05-15_21-13-24.086528250,1526411604.088237435,1.90,1.78,1.64,3434,64,5,0,0,0,0,8,0,0,406598,0,316599,3620809,5979,0,68,0,404408,0,32804244,14168292,14613896,2116,755080
2018-05-15_21-13-54.131247149,1526411634.133349729,2018-05-15_21-13-54.137354995,1526411634.139081676,1.60,1.72,1.63,3434,64,5,0,0,0,0,8,0,0,409453,0,317421,3641151,5980,0,69,0,407257,0,32804244,14167908,14613512,2116,755080
2018-05-15_21-14-24.183168999,1526411664.184976919,2018-05-15_21-14-24.188916016,1526411664.190623332,1.70,1.73,1.64,3434,64,5,0,0,0,0,8,0,0,412719,0,319511,3659802,5984,0,69,0,410518,0,32804244,14155288,14600640,2116,755092
2018-05-15_21-14-54.233759587,1526411694.235517220,2018-05-15_21-14-54.239337277,1526411694.241050936,1.82,1.76,1.65,3434,64,5,0,0,0,0,8,0,0,416095,0,322115,3677829,5986,0,71,0,413889,0,32804244,14155708,14601060,2116,755092
2018-05-15_21-15-24.284252795,1526411724.286041373,2018-05-15_21-15-24.289989507,1526411724.291703601,1.55,1.70,1.63,3434,64,5,0,0,0,0,8,0,0,419062,0,322820,3698171,5987,0,71,0,416850,0,32804244,14155564,14600924,2116,755100
2018-05-15_21-15-54.334849639,1526411754.336604168,2018-05-15_21-15-54.340457918,1526411754.342162718,1.56,1.68,1.63,3434,64,5,0,0,0,0,8,0,0,422361,0,324873,3716829,5989,0,71,0,420143,0,32804244,14156004,14601104,2116,755104
2018-05-15_21-16-24.385239927,1526411784.387003012,2018-05-15_21-16-24.390842238,1526411784.392550639,1.73,1.71,1.64,3434,64,5,0,0,0,0,8,0,0,425775,0,327432,3734866,5994,0,72,0,423552,0,32804244,14155740,14601108,2116,755108
2018-05-15_21-16-54.435943441,1526411814.437784861,2018-05-15_21-16-54.441615061,1526411814.443325351,1.78,1.73,1.65,3434,64,5,0,0,0,0,8,0,0,429111,0,330068,3752898,5997,0,73,0,426883,0,32804244,14155736,14601104,2116,755108
2018-05-15_21-17-24.486333706,1526411844.488104980,2018-05-15_21-17-24.491975219,1526411844.493684382,1.73,1.72,1.65,3434,64,5,0,0,0,0,8,0,0,432555,0,332596,3770947,5997,0,74,0,430322,0,32804244,14168076,14613444,2116,755104
2018-05-15_21-17-54.536652962,1526411874.538410405,2018-05-15_21-17-54.542240396,1526411874.543960724,1.55,1.68,1.64,3434,64,5,0,0,0,0,8,0,0,435511,0,333322,3791279,6004,0,74,0,433274,0,32804244,14168672,14614040,2116,755104
2018-05-15_21-18-24.587145049,1526411904.588976183,2018-05-15_21-18-24.592801169,1526411904.594511509,1.62,1.68,1.64,3434,64,5,0,0,0,0,8,0,0,438797,0,335346,3809982,6006,0,75,0,436555,0,32804244,14168864,14614232,2116,755104
2018-05-15_21-18-54.637483196,1526411934.639261764,2018-05-15_21-18-54.643091714,1526411934.644803204,1.77,1.71,1.65,3434,64,5,0,0,0,0,8,0,0,442124,0,338004,3828007,6007,0,76,0,439879,0,32804244,14168688,14614056,2116,755104
2018-05-15_21-19-24.688136566,1526411964.690145708,2018-05-15_21-19-24.694159369,1526411964.695953063,1.58,1.67,1.64,3434,64,5,0,0,0,0,8,0,0,445060,0,338767,3848326,6009,0,76,0,442811,0,32804244,14168052,14613140,2116,755104
2018-05-15_21-19-54.740172122,1526411994.742194854,2018-05-15_21-19-54.746407563,1526411994.748236900,1.63,1.67,1.64,3434,64,5,0,0,0,0,8,0,0,448345,0,340777,3867045,6011,0,76,0,446092,0,32804244,14168208,14613576,2116,755104
2018-05-15_21-20-24.792825194,1526412024.794603065,2018-05-15_21-20-24.798503084,1526412024.800218990,1.72,1.69,1.65,3434,64,5,0,0,0,0,8,0,0,451764,0,343369,3885041,6018,0,77,0,449505,0,32804244,14169108,14614492,2116,755120
2018-05-15_21-20-54.843334940,1526412054.845097490,2018-05-15_21-20-54.848946944,1526412054.850666352,1.83,1.72,1.66,3434,64,5,0,0,0,0,8,0,0,455155,0,345959,3903070,6020,0,77,0,452893,0,32804244,14168760,14614404,2116,755120
2018-05-15_21-21-24.894339881,1526412084.896094365,2018-05-15_21-21-24.899909449,1526412084.901616185,1.96,1.76,1.68,3434,64,5,0,0,0,0,8,0,0,458631,0,348462,3921100,6025,0,77,0,456363,0,32804244,14168884,14613932,2116,755124
2018-05-15_21-21-54.944495221,1526412114.946258160,2018-05-15_21-21-54.950091913,1526412114.951826130,1.69,1.72,1.67,3434,64,5,0,0,0,0,8,0,0,461611,0,349238,3941357,6029,0,77,0,459339,0,32804244,14168728,14614120,2116,755128
2018-05-15_21-22-24.995231706,1526412144.997014528,2018-05-15_21-22-25.000960383,1526412145.002675770,1.70,1.72,1.67,3434,64,5,0,0,0,0,8,0,0,464550,0,351553,3960114,6031,0,78,0,462274,0,32804244,14156500,14601896,2116,755136
2018-05-15_21-22-55.047325712,1526412175.049290245,2018-05-15_21-22-55.053157069,1526412175.054888760,1.82,1.74,1.68,3434,64,5,0,0,0,0,8,0,0,467443,0,354612,3978171,6039,0,78,0,465162,0,32804244,14156440,14601556,2116,755136
2018-05-15_21-23-25.098164644,1526412205.099963992,2018-05-15_21-23-25.103907665,1526412205.105626519,1.61,1.70,1.67,3434,64,5,0,0,0,0,8,0,0,470294,0,355507,3998433,6042,0,78,0,468008,0,32804244,14155828,14601492,2116,755144
2018-05-15_21-23-55.148898418,1526412235.150657996,2018-05-15_21-23-55.154612750,1526412235.156362433,1.65,1.70,1.67,3434,64,5,0,0,0,0,8,0,0,473184,0,357830,4017202,6047,0,78,0,470892,0,32804244,14155748,14601160,2116,755152
2018-05-15_21-24-25.199580801,1526412265.201340241,2018-05-15_21-24-25.205187427,1526412265.206914258,1.81,1.73,1.68,3434,64,5,0,0,0,0,8,0,0,476143,0,360791,4035256,6051,0,78,0,473846,0,32804244,14155664,14601084,2116,755156
2018-05-15_21-24-55.250061923,1526412295.251833075,2018-05-15_21-24-55.255685802,1526412295.257415645,1.88,1.76,1.69,3434,64,5,0,0,0,0,8,0,0,479099,0,363748,4053319,6055,0,78,0,476796,0,32804244,14155772,14601192,2116,755156
2018-05-15_21-25-25.300764063,1526412325.302538309,2018-05-15_21-25-25.306437026,1526412325.308155274,1.87,1.76,1.69,3434,64,5,0,0,0,0,8,0,0,482076,0,366679,4071393,6061,0,78,0,479769,0,32804244,14168092,14613512,2116,755152
2018-05-15_21-25-55.352197044,1526412355.353971224,2018-05-15_21-25-55.357808774,1526412355.359512980,1.64,1.72,1.68,3434,64,5,0,0,0,0,8,0,0,484945,0,367554,4091652,6063,0,78,0,482634,0,32804244,14168588,14614008,2116,755152
2018-05-15_21-26-25.402835662,1526412385.404587179,2018-05-15_21-26-25.408408479,1526412385.410129459,1.54,1.68,1.67,3434,64,5,0,0,0,0,8,0,0,487848,0,369848,4110451,6065,0,79,0,485533,0,32804244,14168928,14614348,2116,755152
2018-05-15_21-26-55.453569131,1526412415.455340702,2018-05-15_21-26-55.459170152,1526412415.460884239,1.66,1.70,1.68,3434,64,5,0,0,0,0,8,0,0,490839,0,372821,4128485,6067,0,79,0,488521,0,32804244,14167624,14613044,2116,755152
2018-05-15_21-27-25.504075199,1526412445.505830490,2018-05-15_21-27-25.509723758,1526412445.511553964,1.51,1.66,1.67,3434,64,5,0,0,0,0,8,0,0,493726,0,373704,4148726,6070,0,79,0,491405,0,32804244,14168332,14613752,2116,755152
2018-05-15_21-27-55.554535345,1526412475.556320559,2018-05-15_21-27-55.560144337,1526412475.561853472,1.59,1.66,1.67,3434,64,5,0,0,0,0,8,0,0,496680,0,375936,4167538,6071,0,79,0,494355,0,32804244,14168760,14614180,2116,755152
2018-05-15_21-28-25.605043203,1526412505.606870804,2018-05-15_21-28-25.610695362,1526412505.612404186,1.69,1.68,1.68,3434,64,5,0,0,0,0,8,0,0,499664,0,378885,4185597,6072,0,79,0,497336,0,32804244,14168488,14613908,2116,755152
2018-05-15_21-28-55.655747226,1526412535.657503263,2018-05-15_21-28-55.661316818,1526412535.663025755,1.81,1.71,1.69,3434,64,5,0,0,0,0,8,0,0,502664,0,381861,4203612,6076,0,79,0,500332,0,32804244,14168696,14614120,2116,755156
2018-05-15_21-29-25.706103646,1526412565.707859249,2018-05-15_21-29-25.711688317,1526412565.713409546,1.82,1.72,1.69,3434,64,5,0,0,0,0,8,0,0,505616,0,384859,4221658,6077,0,79,0,503280,0,32804244,14168744,14614168,2116,755156
2018-05-15_21-29-55.756364809,1526412595.758133268,2018-05-15_21-29-55.761963224,1526412595.763671834,1.61,1.68,1.68,3434,64,5,0,0,0,0,8,0,0,508476,0,385822,4241840,6079,0,80,0,506136,0,32804244,14168992,14614416,2116,755156
2018-05-15_21-30-25.806992195,1526412625.808795654,2018-05-15_21-30-25.812752247,1526412625.814462538,1.59,1.67,1.67,3434,64,5,0,0,0,0,8,0,0,511750,0,387753,4260633,6086,0,80,0,509404,0,32804244,14155616,14601064,2116,755184
