StartTime,StartEpoch,BW,EndTime,EndEpoch,CPULoad1m,CPULoad5m,CPULoad5m,NetDevRX,NetDevTX,IRQens2-0,IRQens2-1,IRQens2-2,IRQens2-3,IRQens2-4,IRQens2-5,IRQens2-6,IRQens2-7,bbuser,nice,system,idle,iowait,irq,softirq,steal,guest,guest_nice,MemTotal,MemFree,MemAvailable,Buffers,Cached
2018-05-13_17-59-37.964940374,1526227177.966853670,39.176171,2018-05-13_18-00-08.206083165,1526227208.207991568,0.52,0.73,0.87,341130,395774,2385,809,745,783,0,0,0,0,856795,0,4444,7221747,2422,0,11,0,0,0,32804244,31752716,31635380,2116,156928
2018-05-13_18-00-08.252459841,1526227208.254433005,39.176160,2018-05-13_18-00-38.493429502,1526227238.495332386,0.64,0.74,0.86,342322,397158,2408,809,746,783,0,0,0,0,859821,0,4452,7242939,2422,0,11,0,0,0,32804244,31740316,31622460,2116,156940
2018-05-13_18-00-38.539920690,1526227238.541764608,39.176163,2018-05-13_18-01-08.780674348,1526227268.782583123,0.71,0.75,0.86,343514,398542,2431,809,746,784,0,0,0,0,862849,0,4460,7264129,2422,0,11,0,0,0,32804244,31739712,31621792,2116,156944
2018-05-13_18-01-08.827186721,1526227268.829034853,39.176173,2018-05-13_18-01-39.067776683,1526227299.069654284,0.83,0.77,0.87,344706,399926,2456,809,746,784,0,0,0,0,865873,0,4466,7285325,2422,0,11,0,0,0,32804244,31739076,31621148,2116,156944
2018-05-13_18-01-39.114335829,1526227299.116227234,39.176166,2018-05-13_18-02-09.354977930,1526227329.356886735,0.89,0.79,0.87,346192,401668,2479,809,747,784,0,0,0,0,868900,0,4473,7306516,2422,0,11,0,0,0,32804244,31739488,31621564,2116,156948
2018-05-13_18-02-09.401385041,1526227329.403240642,39.176163,2018-05-13_18-02-39.642096149,1526227359.644003534,0.94,0.81,0.87,347090,402694,2486,809,748,784,0,0,0,0,871926,0,4481,7327710,2422,0,11,0,0,0,32804244,31739848,31622252,2116,156952
2018-05-13_18-02-39.688494693,1526227359.690364039,39.176173,2018-05-13_18-03-09.929010292,1526227389.930903906,0.96,0.83,0.87,348282,404078,2494,809,748,784,0,0,0,0,874950,0,4487,7348905,2422,0,11,0,0,0,32804244,31739740,31622128,2116,156952
2018-05-13_18-03-09.975413729,1526227389.977274078,39.176172,2018-05-13_18-03-40.215797135,1526227420.217740025,0.98,0.85,0.88,349474,405462,2502,809,748,784,0,0,0,0,877974,0,4493,7370102,2422,0,11,0,0,0,32804244,31751564,31634236,2116,156944
2018-05-13_18-03-40.262385443,1526227420.264263042,39.176169,2018-05-13_18-04-10.502980794,1526227450.504894113,0.99,0.86,0.88,350666,406846,2509,809,750,784,0,0,0,0,880999,0,4498,7391298,2422,0,11,0,0,0,32804244,31751204,31633764,2116,156944
2018-05-13_18-04-10.549441144,1526227450.551297631,39.176174,2018-05-13_18-04-40.789612162,1526227480.791478165,0.99,0.87,0.88,351858,408230,2518,809,750,784,0,0,0,0,884023,0,4503,7412496,2422,0,11,0,0,0,32804244,31751064,31633432,2116,156944
2018-05-13_18-04-40.835874976,1526227480.837733342,39.176172,2018-05-13_18-05-11.076324302,1526227511.078217760,0.99,0.89,0.89,353050,409614,2526,809,750,784,0,0,0,0,887048,0,4509,7433692,2422,0,11,0,0,0,32804244,31751568,31633228,2116,156944
2018-05-13_18-05-11.122734087,1526227511.124604787,39.176167,2018-05-13_18-05-41.362891256,1526227541.364765841,1.00,0.90,0.89,354242,410998,2533,809,750,785,0,0,0,0,890071,0,4514,7454890,2422,0,11,0,0,0,32804244,31751908,31634000,2116,156944
2018-05-13_18-05-41.409079320,1526227541.410941684,39.176165,2018-05-13_18-06-11.649225572,1526227571.651086893,1.00,0.91,0.89,355434,412382,2540,809,752,785,0,0,0,0,893096,0,4520,7476085,2422,0,11,0,0,0,32804244,31752628,31634460,2116,156944
2018-05-13_18-06-11.695359887,1526227571.697221998,39.176175,2018-05-13_18-06-41.935736495,1526227601.937608450,1.00,0.92,0.90,356626,413766,2544,809,772,785,0,0,0,0,896119,0,4525,7497283,2422,0,11,0,0,0,32804244,31751516,31633756,2116,156944
2018-05-13_18-06-41.981713382,1526227601.983557171,39.176175,2018-05-13_18-07-12.221902775,1526227632.223779134,1.00,0.93,0.90,357818,415150,2548,809,793,785,0,0,0,0,899143,0,4531,7518479,2422,0,11,0,0,0,32804244,31752176,31635304,2116,156944
2018-05-13_18-07-12.267981880,1526227632.269825696,39.176174,2018-05-13_18-07-42.508257197,1526227662.510127308,1.00,0.93,0.90,359010,416534,2552,809,814,785,0,0,0,0,902167,0,4535,7539677,2422,0,11,0,0,0,32804244,31752576,31634396,2116,156944
2018-05-13_18-07-42.554381267,1526227662.556224103,39.176172,2018-05-13_18-08-12.794675940,1526227692.796556806,1.07,0.95,0.91,360202,417918,2556,809,835,785,0,0,0,0,905191,0,4541,7560873,2422,0,11,0,0,0,32804244,31752512,31634908,2116,156948
2018-05-13_18-08-12.840794976,1526227692.842642248,39.176174,2018-05-13_18-08-43.081281976,1526227723.083166566,1.04,0.96,0.91,361394,419302,2564,809,835,785,0,0,0,0,908217,0,4548,7582067,2422,0,11,0,0,0,32804244,31740476,31622584,2116,156960
2018-05-13_18-08-43.127671913,1526227723.129494582,39.176168,2018-05-13_18-09-13.368061190,1526227753.369954797,1.03,0.96,0.92,362586,420686,2572,809,835,786,0,0,0,0,911243,0,4556,7603258,2422,0,12,0,0,0,32804244,31739764,31622444,2116,156960
2018-05-13_18-09-13.414421746,1526227753.416277022,39.176170,2018-05-13_18-09-43.654964698,1526227783.656851831,1.02,0.96,0.92,363778,422070,2580,809,835,786,0,0,0,0,914268,0,4560,7624456,2422,0,12,0,0,0,32804244,31739072,31621232,2116,156960
2018-05-13_18-09-43.701316253,1526227783.703183103,39.176172,2018-05-13_18-10-13.941926417,1526227813.943791638,1.01,0.97,0.92,364970,423454,2588,809,835,786,0,0,0,0,917295,0,4570,7645645,2422,0,12,0,0,0,32804244,31739764,31621900,2116,156972
2018-05-13_18-10-13.988244036,1526227813.990091611,39.176172,2018-05-13_18-10-44.229360890,1526227844.231374516,0.95,0.96,0.92,366162,424838,2592,829,835,786,0,0,0,0,920320,0,4579,7666838,2422,0,12,0,0,0,32804244,31738312,31620488,2116,156976
2018-05-13_18-10-44.276072998,1526227844.277939811,39.176173,2018-05-13_18-11-14.516733932,1526227874.518630959,0.97,0.96,0.92,367354,426222,2596,849,835,786,0,0,0,0,923345,0,4585,7688034,2422,0,12,0,0,0,32804244,31739044,31621184,2116,156976
2018-05-13_18-11-14.563204957,1526227874.565037336,39.176171,2018-05-13_18-11-44.803636071,1526227904.805511414,0.98,0.96,0.93,368546,427606,2600,869,835,786,0,0,0,0,926370,0,4589,7709231,2422,0,12,0,0,0,32804244,31751016,31633640,2116,156968
2018-05-13_18-11-44.849863243,1526227904.851695186,39.176171,2018-05-13_18-12-15.090136252,1526227935.092012477,0.99,0.96,0.93,369738,428990,2604,889,835,787,0,0,0,0,929394,0,4595,7730427,2422,0,12,0,0,0,32804244,31751676,31634072,2116,156968
2018-05-13_18-12-15.136296815,1526227935.138142594,39.176172,2018-05-13_18-12-45.376501947,1526227965.378523815,0.99,0.97,0.93,370930,430374,2608,889,835,808,0,0,0,0,932418,0,4599,7751625,2422,0,12,0,0,0,32804244,31751800,31634168,2116,156968
2018-05-13_18-12-45.422667041,1526227965.424505185,39.176175,2018-05-13_18-13-15.663001816,1526227995.664901843,1.00,0.97,0.93,372122,431758,2612,889,835,829,0,0,0,0,935443,0,4605,7772821,2422,0,12,0,0,0,32804244,31751596,31634548,2116,156968
2018-05-13_18-13-15.709126242,1526227995.710968963,39.176174,2018-05-13_18-13-45.949475318,1526228025.951481509,1.00,0.97,0.94,373314,433142,2616,889,835,850,0,0,0,0,938467,0,4609,7794019,2422,0,12,0,0,0,32804244,31751476,31633844,2116,156968
2018-05-13_18-13-45.995876632,1526228025.997722037,39.176172,2018-05-13_18-14-16.236199669,1526228056.238066196,1.00,0.98,0.94,374506,434526,2620,889,835,871,0,0,0,0,941491,0,4615,7815215,2422,0,12,0,0,0,32804244,31751936,31634104,2116,156968
2018-05-13_18-14-16.282211786,1526228056.284056876,39.176174,2018-05-13_18-14-46.522555150,1526228086.524434099,1.05,0.99,0.95,375698,435910,2629,889,835,871,0,0,0,0,944515,0,4620,7836413,2422,0,12,0,0,0,32804244,31751428,31633516,2116,156968
2018-05-13_18-14-46.568692614,1526228086.570541531,39.176169,2018-05-13_18-15-16.808867936,1526228116.810743996,1.03,0.99,0.95,376890,437294,2637,889,835,871,0,0,0,0,947540,0,4626,7857609,2422,0,12,0,0,0,32804244,31752680,31634816,2116,156968
2018-05-13_18-15-16.855153348,1526228116.856990269,39.176172,2018-05-13_18-15-47.095493393,1526228147.097381069,1.02,0.99,0.95,378082,438678,2645,889,835,871,0,0,0,0,950564,0,4630,7878807,2422,0,12,0,0,0,32804244,31751508,31634200,2116,156968
2018-05-13_18-15-47.141976239,1526228147.143859889,39.176170,2018-05-13_18-16-17.382288565,1526228177.384189116,1.01,0.99,0.95,379274,440062,2653,889,835,871,0,0,0,0,953588,0,4636,7900004,2422,0,12,0,0,0,32804244,31752608,31634484,2116,156968
2018-05-13_18-16-17.428611716,1526228177.430483543,39.176171,2018-05-13_18-16-47.669192550,1526228207.671084200,1.01,0.99,0.95,380466,441446,2657,889,856,871,0,0,0,0,956614,0,4643,7921198,2422,0,12,0,0,0,32804244,31739592,31622004,2116,156984
2018-05-13_18-16-47.715588730,1526228207.717446562,39.176171,2018-05-13_18-17-17.956195334,1526228237.958109308,1.08,1.01,0.96,381658,442830,2661,889,876,871,0,0,0,0,959640,0,4652,7942389,2422,0,12,0,0,0,32804244,31738980,31620796,2116,156984
2018-05-13_18-17-18.003052879,1526228238.004924119,39.176171,2018-05-13_18-17-48.244253428,1526228268.246159679,1.05,1.01,0.96,382850,444214,2665,889,897,871,0,0,0,0,962664,0,4657,7963587,2422,0,12,0,0,0,32804244,31738172,31620344,2116,156988
2018-05-13_18-17-48.290677486,1526228268.292533416,39.176171,2018-05-13_18-18-18.531073445,1526228298.533006304,1.03,1.01,0.96,384042,445598,2669,889,918,871,0,0,0,0,965690,0,4665,7984778,2422,0,12,0,0,0,32804244,31739632,31621780,2116,156988
2018-05-13_18-18-18.577514708,1526228298.579386324,39.176169,2018-05-13_18-18-48.818512586,1526228328.820402013,1.02,1.01,0.96,385234,446982,2676,890,918,871,0,0,0,0,968716,0,4672,8005972,2422,0,12,0,0,0,32804244,31739052,31620624,2116,156992
2018-05-13_18-18-48.864942345,1526228328.866774121,39.176169,2018-05-13_18-19-19.105433115,1526228359.107338981,1.01,1.01,0.96,386720,448724,2686,890,918,871,0,0,0,0,971740,0,4679,8027168,2422,0,12,0,0,0,32804244,31738140,31620552,2116,156992
2018-05-13_18-19-19.151780597,1526228359.153648969,39.176171,2018-05-13_18-19-49.392388933,1526228389.394259482,1.01,1.01,0.96,387618,449750,2695,890,918,871,0,0,0,0,974765,0,4684,8048365,2422,0,13,0,0,0,32804244,31752420,31634360,2116,156988
2018-05-13_18-19-49.438981153,1526228389.440853265,39.176149,2018-05-13_18-20-19.679531881,1526228419.681450685,0.92,0.99,0.95,388810,451134,2702,890,920,871,0,0,0,0,977790,0,4691,8069559,2422,0,13,0,0,0,32804244,31752408,31634564,2116,156996
2018-05-13_18-20-19.725947732,1526228419.727802745,39.176167,2018-05-13_18-20-49.966154724,1526228449.968017887,0.95,0.99,0.95,390002,452518,2710,890,920,872,0,0,0,0,980814,0,4696,8090756,2422,0,13,0,0,0,32804244,31751928,31634320,2116,156996
2018-05-13_18-20-50.012253814,1526228450.014092375,39.176169,2018-05-13_18-21-20.252429066,1526228480.254361287,0.97,0.99,0.95,391194,453902,2718,890,920,872,0,0,0,0,983838,0,4703,8111953,2422,0,13,0,0,0,32804244,31752304,31634140,2116,156996
2018-05-13_18-21-20.298805747,1526228480.300677132,39.176174,2018-05-13_18-21-50.539013270,1526228510.540890155,0.98,0.99,0.95,392386,455286,2726,890,920,872,0,0,0,0,986861,0,4707,8133151,2422,0,13,0,0,0,32804244,31752208,31634884,2116,156996
2018-05-13_18-21-50.585152878,1526228510.587003779,39.176165,2018-05-13_18-22-20.825228972,1526228540.827076971,0.99,0.99,0.95,393578,456670,2733,890,922,872,0,0,0,0,989886,0,4713,8154347,2422,0,13,0,0,0,32804244,31752480,31634624,2116,156996
2018-05-13_18-22-20.871467620,1526228540.873328086,39.176173,2018-05-13_18-22-51.111654328,1526228571.113509164,0.99,0.99,0.95,395064,458412,2756,890,922,872,0,0,0,0,992910,0,4717,8175544,2422,0,13,0,0,0,32804244,31751912,31634624,2116,156996
2018-05-13_18-22-51.157689142,1526228571.159541444,39.176172,2018-05-13_18-23-21.397859652,1526228601.399704963,1.00,0.99,0.95,395962,459438,2780,890,922,872,0,0,0,0,995934,0,4724,8196741,2422,0,13,0,0,0,32804244,31752168,31634588,2116,156996
2018-05-13_18-23-21.444180118,1526228601.446062581,39.176173,2018-05-13_18-23-51.684448144,1526228631.686441664,1.00,0.99,0.95,397154,460822,2804,890,922,872,0,0,0,0,998958,0,4728,8217939,2422,0,13,0,0,0,32804244,31753016,31635208,2116,156996
2018-05-13_18-23-51.730647014,1526228631.732486667,39.176171,2018-05-13_18-24-21.971132050,1526228661.973023914,1.00,0.99,0.95,398346,462206,2828,890,922,872,0,0,0,0,1001983,0,4736,8239131,2422,0,13,0,0,0,32804244,31739588,31622040,2116,157004
2018-05-13_18-24-22.017543114,1526228662.019432797,39.176173,2018-05-13_18-24-52.258006467,1526228692.259890730,1.00,0.99,0.95,399538,463590,2836,890,922,872,0,0,0,0,1005007,0,4742,8260329,2422,0,13,0,0,0,32804244,31740604,31622784,2116,157004
2018-05-13_18-24-52.304208267,1526228692.306042714,39.176170,2018-05-13_18-25-22.545029837,1526228722.546933774,1.00,0.99,0.95,400730,464974,2843,890,923,872,0,0,0,0,1008033,0,4750,8281520,2422,0,13,0,0,0,32804244,31739820,31622256,2116,157012
2018-05-13_18-25-22.591529706,1526228722.593388760,39.176172,2018-05-13_18-25-52.832199060,1526228752.834097669,1.00,0.99,0.95,401922,466358,2851,890,923,872,0,0,0,0,1011059,0,4757,8302714,2422,0,13,0,0,0,32804244,31739652,31621556,2116,157012
2018-05-13_18-25-52.878765416,1526228752.880617006,39.176171,2018-05-13_18-26-23.119259150,1526228783.121157301,1.00,0.99,0.95,403114,467742,2860,890,923,872,0,0,0,0,1014083,0,4764,8323910,2422,0,13,0,0,0,32804244,31740056,31622064,2116,157016
2018-05-13_18-26-23.165652682,1526228783.167496418,39.176172,2018-05-13_18-26-53.406184684,1526228813.408060941,1.00,0.99,0.95,404306,469126,2864,890,943,872,0,0,0,0,1017107,0,4772,8345103,2422,0,13,0,0,0,32804244,31740352,31622520,2116,157016
2018-05-13_18-26-53.452586566,1526228813.454473945,39.176172,2018-05-13_18-27-23.693288905,1526228843.695176420,1.00,0.99,0.95,405498,470510,2868,890,964,872,0,0,0,0,1020133,0,4779,8366298,2422,0,13,0,0,0,32804244,31752212,31634640,2116,157012
2018-05-13_18-27-23.739746363,1526228843.741603162,39.176174,2018-05-13_18-27-53.980144156,1526228873.982015566,1.00,0.99,0.95,406690,471894,2872,890,985,872,0,0,0,0,1023156,0,4784,8387496,2422,0,13,0,0,0,32804244,31752428,31633704,2116,157012
2018-05-13_18-27-54.026445222,1526228874.028314676,39.176170,2018-05-13_18-28-24.266851599,1526228904.268690203,1.00,0.99,0.95,407882,473278,2876,890,1006,872,0,0,0,0,1026180,0,4790,8408692,2422,0,13,0,0,0,32804244,31752360,31634528,2116,157012
2018-05-13_18-28-24.313089015,1526228904.314929678,39.176174,2018-05-13_18-28-54.553283448,1526228934.555156665,1.00,0.99,0.95,409074,474662,2899,890,1007,872,0,0,0,0,1029204,0,4794,8429890,2422,0,13,0,0,0,32804244,31752244,31634152,2116,157012
2018-05-13_18-28-54.599386200,1526228934.601249733,39.176171,2018-05-13_18-29-24.839496368,1526228964.841451409,1.00,0.99,0.95,410266,476046,2924,890,1007,872,0,0,0,0,1032228,0,4800,8451086,2422,0,13,0,0,0,32804244,31750608,31632800,2116,157012
2018-05-13_18-29-24.885970387,1526228964.887864002,39.176172,2018-05-13_18-29-55.126566734,1526228995.128461210,1.00,0.99,0.95,411458,477430,2948,890,1007,872,0,0,0,0,1035252,0,4805,8472284,2422,0,13,0,0,0,32804244,31751948,31633844,2116,157012
2018-05-13_18-29-55.173074908,1526228995.174928330,39.176172,2018-05-13_18-30-25.413338820,1526229025.415202062,1.00,0.99,0.95,412650,478814,2973,890,1007,872,0,0,0,0,1038278,0,4813,8493478,2422,0,13,0,0,0,32804244,31752124,31634020,2116,157020
2018-05-13_18-30-25.459643316,1526229025.461489781,39.176166,2018-05-13_18-30-55.700085076,1526229055.701973087,1.00,0.99,0.95,413842,480198,2980,890,1007,873,0,0,0,0,1041301,0,4818,8514676,2422,0,13,0,0,0,32804244,31752244,31634392,2116,157020
2018-05-13_18-30-55.746310901,1526229055.748166335,39.176173,2018-05-13_18-31-25.986457127,1526229085.988404588,1.00,0.99,0.95,415034,481582,2988,890,1007,873,0,0,0,0,1044326,0,4825,8535872,2422,0,13,0,0,0,32804244,31752052,31634520,2116,157020
2018-05-13_18-31-26.033106534,1526229086.034957347,39.176171,2018-05-13_18-31-56.273347970,1526229116.275261288,1.00,0.99,0.95,416226,482966,2995,890,1007,874,0,0,0,0,1047350,0,4829,8557070,2422,0,13,0,0,0,32804244,31752968,31635640,2116,157020
2018-05-13_18-31-56.319594544,1526229116.321460981,39.176172,2018-05-13_18-32-26.560109382,1526229146.561991307,1.00,0.99,0.95,417418,484350,3003,890,1007,874,0,0,0,0,1050375,0,4837,8578263,2422,0,13,0,0,0,32804244,31741476,31623388,2116,157028
2018-05-13_18-32-26.606451399,1526229146.608298176,39.176173,2018-05-13_18-32-56.847061653,1526229176.848961001,0.95,0.98,0.95,418610,485734,3007,910,1008,874,0,0,0,0,1053399,0,4842,8599460,2422,0,13,0,0,0,32804244,31740228,31621868,2116,157028
2018-05-13_18-32-56.893435838,1526229176.895294997,39.176173,2018-05-13_18-33-27.134041362,1526229207.135908199,0.86,0.95,0.94,419802,487118,3011,930,1009,874,0,0,0,0,1056426,0,4851,8620651,2422,0,13,0,0,0,32804244,31740108,31622840,2116,157032
2018-05-13_18-33-27.180377046,1526229207.182229642,39.176173,2018-05-13_18-33-57.421038039,1526229237.422913257,0.87,0.94,0.94,420994,488502,3015,951,1009,874,0,0,0,0,1059452,0,4859,8641844,2422,0,13,0,0,0,32804244,31739264,31621968,2116,157040
2018-05-13_18-33-57.467752301,1526229237.469628035,39.176172,2018-05-13_18-34-27.708381829,1526229267.710273550,0.92,0.95,0.94,422186,489886,3019,971,1009,874,0,0,0,0,1062476,0,4865,8663040,2422,0,13,0,0,0,32804244,31740088,31622244,2116,157040
2018-05-13_18-34-27.754643311,1526229267.756520320,39.176171,2018-05-13_18-34-57.995391275,1526229297.997289093,0.95,0.95,0.95,423378,491270,3027,971,1011,874,0,0,0,0,1065502,0,4872,8684233,2422,0,13,0,0,0,32804244,31740152,31621440,2116,157040
2018-05-13_18-34-58.041789151,1526229298.043649403,39.176165,2018-05-13_18-35-28.282321781,1526229328.284223549,0.90,0.94,0.95,424570,492654,3034,971,1011,875,0,0,0,0,1068527,0,4879,8705428,2422,0,13,0,0,0,32804244,31752392,31634828,2116,157036
2018-05-13_18-35-28.328743243,1526229328.330613932,39.176173,2018-05-13_18-35-58.569278809,1526229358.571166841,0.99,0.96,0.95,425762,494038,3043,971,1011,875,0,0,0,0,1071550,0,4884,8726627,2422,0,13,0,0,0,32804244,31752624,31634776,2116,157036
2018-05-13_18-35-58.615585231,1526229358.617446516,39.176173,2018-05-13_18-36-28.855689840,1526229388.857601431,0.99,0.96,0.95,427248,495780,3050,971,1013,875,0,0,0,0,1074575,0,4890,8747823,2422,0,13,0,0,0,32804244,31752496,31634912,2116,157036
2018-05-13_18-36-28.902047882,1526229388.903910587,39.176173,2018-05-13_18-36-59.142191837,1526229419.144057622,1.00,0.97,0.95,428146,496806,3058,971,1013,875,0,0,0,0,1077599,0,4895,8769021,2422,0,13,0,0,0,32804244,31752196,31634400,2116,157036
2018-05-13_18-36-59.188362150,1526229419.190190275,39.176170,2018-05-13_18-37-29.428540617,1526229449.430445063,1.06,0.99,0.96,429338,498190,3066,971,1013,875,0,0,0,0,1080623,0,4901,8790217,2422,0,13,0,0,0,32804244,31752784,31635224,2116,157036
2018-05-13_18-37-29.474844383,1526229449.476716274,39.176172,2018-05-13_18-37-59.715152316,1526229479.717006511,1.04,0.99,0.96,430530,499574,3074,971,1013,875,0,0,0,0,1083647,0,4905,8811415,2422,0,13,0,0,0,32804244,31752100,31634564,2116,157036
2018-05-13_18-37-59.761282027,1526229479.763137869,39.176173,2018-05-13_18-38-30.001397762,1526229510.003265872,1.02,0.99,0.96,431722,500958,3082,971,1013,875,0,0,0,0,1086673,0,4910,8832611,2422,0,13,0,0,0,32804244,31752616,31634760,2116,157036
2018-05-13_18-38-30.047621163,1526229510.049480615,39.176174,2018-05-13_18-39-00.288166729,1526229540.290019229,1.01,0.99,0.96,432914,502342,3086,971,1013,896,0,0,0,0,1089697,0,4914,8853809,2422,0,13,0,0,0,32804244,31752272,31634676,2116,157036
2018-05-13_18-39-00.334217619,1526229540.336057183,39.176174,2018-05-13_18-39-30.574319190,1526229570.576180589,1.01,0.99,0.96,434106,503726,3090,971,1013,918,0,0,0,0,1092721,0,4920,8875005,2422,0,13,0,0,0,32804244,31753040,31634924,2116,157036
2018-05-13_18-39-30.620538658,1526229570.622410047,39.176172,2018-05-13_18-40-00.861008676,1526229600.862876281,1.00,0.99,0.96,435592,505468,3094,971,1013,939,0,0,0,0,1095746,0,4924,8896203,2422,0,13,0,0,0,32804244,31752612,31634816,2116,157036
2018-05-13_18-40-00.907184711,1526229600.909021965,39.176174,2018-05-13_18-40-31.147683340,1526229631.149593605,1.00,0.99,0.96,436490,506494,3098,971,1013,959,0,0,0,0,1098774,0,4933,8917393,2422,0,13,0,0,0,32804244,31739836,31622268,2116,157052
2018-05-13_18-40-31.194156540,1526229631.196044403,39.176173,2018-05-13_18-41-01.434696663,1526229661.436581502,1.00,0.99,0.96,437682,507878,3105,971,1013,960,0,0,0,0,1101798,0,4937,8938590,2422,0,13,0,0,0,32804244,31739924,31622064,2116,157052
2018-05-13_18-41-01.480951602,1526229661.482787843,39.176172,2018-05-13_18-41-31.721316484,1526229691.723256543,1.00,0.99,0.96,438874,509262,3112,971,1014,960,0,0,0,0,1104824,0,4945,8959782,2422,0,13,0,0,0,32804244,31740224,31622152,2116,157056
2018-05-13_18-41-31.767761150,1526229691.769626531,39.176169,2018-05-13_18-42-02.008536845,1526229722.010431523,1.00,0.99,0.96,440066,510646,3120,971,1014,960,0,0,0,0,1107849,0,4953,8980975,2422,0,13,0,0,0,32804244,31739396,31621588,2116,157064
2018-05-13_18-42-02.055025708,1526229722.056885084,39.176171,2018-05-13_18-42-32.295484361,1526229752.297388469,1.00,0.99,0.96,441258,512030,3127,971,1015,960,0,0,0,0,1110873,0,4960,9002171,2422,0,13,0,0,0,32804244,31739308,31621260,2116,157064
2018-05-13_18-42-32.342199281,1526229752.344073067,39.176172,2018-05-13_18-43-02.583190846,1526229782.585103532,1.00,0.99,0.96,442450,513414,3151,971,1015,960,0,0,0,0,1113900,0,4967,9023365,2422,0,13,0,0,0,32804244,31737772,31620484,2116,157064
2018-05-13_18-43-02.629993988,1526229782.631886955,39.176166,2018-05-13_18-43-32.870521247,1526229812.872414404,1.00,0.99,0.96,443642,514798,3175,971,1015,960,0,0,0,0,1116926,0,4973,9044560,2422,0,13,0,0,0,32804244,31751248,31632932,2116,157060
2018-05-13_18-43-32.917245048,1526229812.919089790,39.176174,2018-05-13_18-44-03.157571476,1526229843.159471890,1.00,0.99,0.96,444834,516182,3199,971,1016,960,0,0,0,0,1119950,0,4978,9065758,2422,0,13,0,0,0,32804244,31751504,31633708,2116,157060
2018-05-13_18-44-03.204061311,1526229843.205935752,39.176174,2018-05-13_18-44-33.444243373,1526229873.446110525,1.00,0.99,0.96,446026,517566,3224,971,1016,960,0,0,0,0,1122975,0,4983,9086954,2422,0,13,0,0,0,32804244,31752804,31634712,2116,157060
2018-05-13_18-44-33.490533074,1526229873.492378853,39.176174,2018-05-13_18-45-03.730971699,1526229903.732890637,1.00,0.99,0.96,447218,518950,3228,971,1038,960,0,0,0,0,1125999,0,4988,9108152,2422,0,13,0,0,0,32804244,31752396,31634824,2116,157060
2018-05-13_18-45-03.777258087,1526229903.779128556,39.176172,2018-05-13_18-45-34.017404236,1526229934.019276064,1.00,0.99,0.96,448410,520334,3232,971,1058,960,0,0,0,0,1129023,0,4995,9129348,2422,0,13,0,0,0,32804244,31752720,31635468,2116,157060
2018-05-13_18-45-34.063586269,1526229934.065424869,39.176174,2018-05-13_18-46-04.303706318,1526229964.305602945,1.05,1.00,0.97,449602,521718,3236,971,1079,960,0,0,0,0,1132046,0,5000,9150545,2422,0,14,0,0,0,32804244,31752560,31634720,2116,157060
2018-05-13_18-46-04.350159488,1526229964.352026000,39.176175,2018-05-13_18-46-34.590542926,1526229994.592395553,1.03,1.00,0.97,450794,523102,3240,971,1099,960,0,0,0,0,1135070,0,5007,9171742,2422,0,14,0,0,0,32804244,31752740,31634932,2116,157060
2018-05-13_18-46-34.636715025,1526229994.638573164,39.176174,2018-05-13_18-47-04.877012392,1526230024.878882045,1.02,1.00,0.97,451986,524486,3248,971,1099,960,0,0,0,0,1138094,0,5012,9192939,2422,0,14,0,0,0,32804244,31753272,31634908,2116,157060
2018-05-13_18-47-04.923233677,1526230024.925111723,39.176172,2018-05-13_18-47-35.163447039,1526230055.165321448,1.01,1.00,0.97,453178,525870,3256,971,1099,960,0,0,0,0,1141118,0,5018,9214135,2422,0,14,0,0,0,32804244,31752884,31634460,2116,157060
2018-05-13_18-47-35.209505593,1526230055.211365541,39.176174,2018-05-13_18-48-05.449644499,1526230085.451507444,1.01,1.00,0.97,454370,527254,3264,971,1099,960,0,0,0,0,1144142,0,5022,9235332,2422,0,14,0,0,0,32804244,31752232,31634668,2116,157060
2018-05-13_18-48-05.495715775,1526230085.497592170,39.176170,2018-05-13_18-48-35.736368322,1526230115.738255727,1.00,1.00,0.97,455562,528638,3272,971,1099,960,0,0,0,0,1147168,0,5030,9256525,2422,0,14,0,0,0,32804244,31740004,31621960,2116,157068
2018-05-13_18-48-35.782727961,1526230115.784583556,39.176172,2018-05-13_18-49-06.023663229,1526230146.025576458,1.00,1.00,0.97,456754,530022,3276,971,1099,981,0,0,0,0,1150194,0,5037,9277718,2422,0,14,0,0,0,32804244,31741124,31623056,2116,157068
2018-05-13_18-49-06.070251377,1526230146.072128339,39.176174,2018-05-13_18-49-36.310931951,1526230176.312806905,1.00,1.00,0.97,457946,531406,3280,971,1099,1003,0,0,0,0,1153218,0,5043,9298914,2422,0,14,0,0,0,32804244,31739712,31622204,2116,157072
2018-05-13_18-49-36.357650113,1526230176.359505361,39.176171,2018-05-13_18-50-06.598471811,1526230206.600359539,1.00,1.00,0.97,459138,532790,3284,971,1099,1024,0,0,0,0,1156245,0,5053,9320105,2422,0,14,0,0,0,32804244,31739560,31621236,2116,157084
2018-05-13_18-50-06.645058443,1526230206.646926089,39.176175,2018-05-13_18-50-36.886054087,1526230236.887949010,1.00,1.00,0.97,460330,534174,3288,971,1099,1046,0,0,0,0,1159271,0,5062,9341296,2422,0,14,0,0,0,32804244,31738100,31620308,2116,157088
2018-05-13_18-50-36.932303116,1526230236.934162398,39.176173,2018-05-13_18-51-07.172986618,1526230267.174898739,1.00,1.00,0.97,461522,535558,3297,971,1099,1046,0,0,0,0,1162295,0,5067,9362494,2422,0,14,0,0,0,32804244,31738404,31621172,2116,157092
2018-05-13_18-51-07.219399709,1526230267.221234435,39.176173,2018-05-13_18-51-37.459860132,1526230297.461733332,1.00,1.00,0.97,462714,536942,3304,971,1100,1046,0,0,0,0,1165320,0,5073,9383689,2422,0,14,0,0,0,32804244,31751252,31633920,2116,157084
2018-05-13_18-51-37.506181694,1526230297.508022652,39.176158,2018-05-13_18-52-07.746503852,1526230327.748517842,1.00,1.00,0.97,463906,538326,3311,971,1100,1047,0,0,0,0,1168344,0,5078,9404887,2422,0,14,0,0,0,32804244,31751036,31632888,2116,157084
2018-05-13_18-52-07.792871681,1526230327.794718341,39.176171,2018-05-13_18-52-38.033143737,1526230358.034999835,1.00,1.00,0.97,465098,539710,3319,971,1100,1047,0,0,0,0,1171368,0,5085,9426083,2422,0,14,0,0,0,32804244,31752580,31634336,2116,157084
2018-05-13_18-52-38.079311376,1526230358.081166183,39.176174,2018-05-13_18-53-08.319493867,1526230388.321363679,1.00,1.00,0.97,466290,541094,3327,971,1100,1047,0,0,0,0,1174392,0,5089,9447280,2422,0,14,0,0,0,32804244,31751044,31633492,2116,157084
2018-05-13_18-53-08.365645150,1526230388.367493646,39.176172,2018-05-13_18-53-38.606092335,1526230418.608006174,1.00,1.00,0.97,467776,542836,3335,971,1100,1047,0,0,0,0,1177416,0,5095,9468476,2422,0,14,0,0,0,32804244,31752032,31633964,2116,157084
2018-05-13_18-53-38.652294947,1526230418.654144001,39.176172,2018-05-13_18-54-08.892496612,1526230448.894365084,1.00,1.00,0.97,468674,543862,3343,971,1100,1047,0,0,0,0,1180440,0,5100,9489674,2422,0,14,0,0,0,32804244,31751080,31633516,2116,157084
2018-05-13_18-54-08.938682235,1526230448.940544079,39.176171,2018-05-13_18-54-39.178870415,1526230479.180763989,1.00,1.00,0.97,469866,545246,3351,971,1100,1047,0,0,0,0,1183464,0,5105,9510870,2422,0,14,0,0,0,32804244,31751428,31633940,2116,157084
2018-05-13_18-54-39.225120797,1526230479.226977447,39.176093,2018-05-13_18-55-09.465430144,1526230509.467413250,0.88,0.97,0.95,471058,546630,3355,991,1101,1047,0,0,0,0,1186488,0,5110,9532068,2422,0,14,0,0,0,32804244,31751032,31633164,2116,157084
2018-05-13_18-55-09.511709167,1526230509.513543773,39.176173,2018-05-13_18-55-39.751935445,1526230539.753835718,0.82,0.94,0.95,472250,548014,3359,1010,1102,1047,0,0,0,0,1189513,0,5115,9553263,2422,0,14,0,0,0,32804244,31751500,31634280,2116,157084
2018-05-13_18-55-39.798098421,1526230539.799933873,39.176171,2018-05-13_18-56-10.038413896,1526230570.040286606,0.84,0.93,0.94,473442,549398,3363,1031,1102,1047,0,0,0,0,1192536,0,5120,9574461,2422,0,14,0,0,0,32804244,31751228,31633464,2116,157084
2018-05-13_18-56-10.084471828,1526230570.086309063,39.176174,2018-05-13_18-56-40.324869308,1526230600.326749902,0.90,0.94,0.95,474634,550782,3367,1051,1102,1047,0,0,0,0,1195563,0,5127,9595653,2422,0,14,0,0,0,32804244,31738752,31620716,2116,157092
2018-05-13_18-56-40.371270412,1526230600.373124402,39.176170,2018-05-13_18-57-10.611935248,1526230630.613788330,0.94,0.94,0.95,476120,552524,3374,1051,1102,1048,0,0,0,0,1198589,0,5135,9616845,2422,0,14,0,0,0,32804244,31738772,31621024,2116,157096
2018-05-13_18-57-10.658259475,1526230630.660115129,39.176173,2018-05-13_18-57-40.898634730,1526230660.900530726,0.96,0.95,0.95,477018,553550,3382,1051,1102,1048,0,0,0,0,1201614,0,5141,9638042,2422,0,14,0,0,0,32804244,31739576,31621236,2116,157096
2018-05-13_18-57-40.944896056,1526230660.946769568,39.176173,2018-05-13_18-58-11.185616081,1526230691.187490101,0.98,0.95,0.95,478210,554934,3390,1051,1102,1048,0,0,0,0,1204640,0,5148,9659233,2422,0,14,0,0,0,32804244,31739028,31621508,2116,157100
2018-05-13_18-58-11.231916614,1526230691.233756359,39.176161,2018-05-13_18-58-41.472595738,1526230721.474473793,0.99,0.96,0.95,479402,556318,3397,1051,1103,1048,0,0,0,0,1207666,0,5156,9680426,2422,0,14,0,0,0,32804244,31739076,31621220,2116,157104
2018-05-13_18-58-41.518972116,1526230721.520833089,39.176173,2018-05-13_18-59-11.759582045,1526230751.761464442,0.99,0.96,0.95,480594,557702,3401,1051,1103,1069,0,0,0,0,1210691,0,5162,9701622,2422,0,14,0,0,0,32804244,31739768,31622188,2116,157108
2018-05-13_18-59-11.805760654,1526230751.807605832,39.176174,2018-05-13_18-59-42.046226750,1526230782.048087752,1.00,0.96,0.95,481786,559086,3405,1051,1103,1091,0,0,0,0,1213715,0,5167,9722819,2422,0,14,0,0,0,32804244,31753244,31635444,2116,157100
2018-05-13_18-59-42.092389572,1526230782.094214110,39.176173,2018-05-13_19-00-12.332845779,1526230812.334702578,1.00,0.97,0.95,482978,560470,3409,1051,1103,1112,0,0,0,0,1216740,0,5175,9744012,2423,0,14,0,0,0,32804244,31753068,31635268,2116,157108
2018-05-13_19-00-12.379255204,1526230812.381085994,39.176172,2018-05-13_19-00-42.619598650,1526230842.621459871,1.00,0.97,0.95,484170,561854,3413,1051,1103,1132,0,0,0,0,1219764,0,5180,9765209,2423,0,14,0,0,0,32804244,31752652,31634432,2116,157108
2018-05-13_19-00-42.666002672,1526230842.667847957,39.176172,2018-05-13_19-01-12.906276867,1526230872.908145494,1.00,0.97,0.95,485362,563238,3417,1070,1104,1132,0,0,0,0,1222790,0,5187,9786403,2423,0,14,0,0,0,32804244,31752612,31634516,2116,157108
2018-05-13_19-01-12.952621504,1526230872.954466057,39.176174,2018-05-13_19-01-43.192914648,1526230903.194801081,1.00,0.98,0.95,486554,564622,3421,1090,1104,1132,0,0,0,0,1225814,0,5192,9807600,2423,0,14,0,0,0,32804244,31752616,31634888,2116,157108
2018-05-13_19-01-43.239134895,1526230903.241005238,39.176127,2018-05-13_19-02-13.479409405,1526230933.481274528,0.92,0.96,0.95,487746,566006,3425,1109,1104,1133,0,0,0,0,1228838,0,5197,9828797,2423,0,14,0,0,0,32804244,31753048,31634696,2116,157108
2018-05-13_19-02-13.525698929,1526230933.527542688,39.176136,2018-05-13_19-02-43.765855891,1526230963.767765968,0.89,0.95,0.95,488938,567390,3429,1129,1105,1133,0,0,0,0,1231862,0,5202,9849994,2423,0,14,0,0,0,32804244,31752044,31634292,2116,157108
2018-05-13_19-02-43.812152460,1526230963.814020953,39.176159,2018-05-13_19-03-14.052515447,1526230994.054390551,0.93,0.96,0.95,490130,568774,3436,1129,1107,1133,0,0,0,0,1234885,0,5209,9871191,2423,0,14,0,0,0,32804244,31752144,31634916,2116,157108
2018-05-13_19-03-14.098740428,1526230994.100594353,39.176172,2018-05-13_19-03-44.339097322,1526231024.341002273,0.96,0.96,0.95,491322,570158,3444,1129,1107,1133,0,0,0,0,1237909,0,5214,9892389,2423,0,14,0,0,0,32804244,31751624,31634108,2116,157108
2018-05-13_19-03-44.385379311,1526231024.387260272,39.176174,2018-05-13_19-04-14.625635798,1526231054.627505327,0.97,0.96,0.95,492514,571542,3453,1129,1107,1133,0,0,0,0,1240933,0,5221,9913585,2423,0,14,0,0,0,32804244,31751416,31634456,2116,157108
2018-05-13_19-04-14.671850497,1526231054.673702506,39.176171,2018-05-13_19-04-44.912251763,1526231084.914154792,0.98,0.96,0.95,493706,572926,3461,1129,1107,1133,0,0,0,0,1243958,0,5227,9934779,2423,0,14,0,0,0,32804244,31737864,31619828,2116,157120
2018-05-13_19-04-44.958574710,1526231084.960435749,39.176166,2018-05-13_19-05-15.199313020,1526231115.201183255,0.99,0.97,0.95,494898,574310,3484,1129,1108,1133,0,0,0,0,1246984,0,5236,9955971,2423,0,14,0,0,0,32804244,31737848,31620340,2116,157120
2018-05-13_19-05-15.245674945,1526231115.247510684,39.176173,2018-05-13_19-05-45.486144899,1526231145.488042058,0.99,0.97,0.95,496090,575694,3509,1129,1108,1133,0,0,0,0,1250007,0,5242,9977168,2423,0,14,0,0,0,32804244,31738180,31620432,2116,157120
2018-05-13_19-05-45.532371430,1526231145.534226251,39.176173,2018-05-13_19-06-15.772989319,1526231175.774876111,1.00,0.97,0.95,497282,577078,3533,1129,1108,1133,0,0,0,0,1253033,0,5251,9998360,2423,0,14,0,0,0,32804244,31738368,31620312,2116,157124
2018-05-13_19-06-15.819310405,1526231175.821139916,39.176169,2018-05-13_19-06-46.059873952,1526231206.061725111,1.00,0.98,0.95,498474,578462,3557,1129,1109,1133,0,0,0,0,1256059,0,5258,10019553,2423,0,14,0,0,0,32804244,31740076,31622236,2116,157128
2018-05-13_19-06-46.106220079,1526231206.108063541,39.176173,2018-05-13_19-07-16.346690524,1526231236.348557004,1.00,0.98,0.95,499666,579846,3565,1129,1109,1133,0,0,0,0,1259084,0,5263,10040749,2423,0,14,0,0,0,32804244,31739704,31621616,2116,157132
2018-05-13_19-07-16.392961423,1526231236.394790898,39.176174,2018-05-13_19-07-46.633418602,1526231266.635322114,0.94,0.97,0.95,500858,581230,3573,1129,1110,1133,0,0,0,0,1262108,0,5269,10061945,2423,0,14,0,0,0,32804244,31752952,31635416,2116,157124
2018-05-13_19-07-46.679806122,1526231266.681681415,39.176165,2018-05-13_19-08-16.920335382,1526231296.922235754,1.04,0.99,0.96,502050,582614,3580,1129,1111,1133,0,0,0,0,1265131,0,5276,10083142,2423,0,14,0,0,0,32804244,31751824,31634080,2116,157124
2018-05-13_19-08-16.966461997,1526231296.968303108,39.176173,2018-05-13_19-08-47.206608827,1526231327.208472444,1.02,0.99,0.96,503242,583998,3588,1129,1111,1133,0,0,0,0,1268155,0,5281,10104339,2423,0,14,0,0,0,32804244,31751780,31634272,2116,157124
2018-05-13_19-08-47.252773844,1526231327.254641293,39.176174,2018-05-13_19-09-17.493023817,1526231357.494887870,1.01,0.99,0.96,504434,585382,3596,1129,1111,1133,0,0,0,0,1271179,0,5287,10125536,2423,0,14,0,0,0,32804244,31751740,31633936,2116,157124
2018-05-13_19-09-17.539213339,1526231357.541054551,39.176173,2018-05-13_19-09-47.779469733,1526231387.781472189,1.01,0.99,0.96,505626,586766,3605,1129,1111,1133,0,0,0,0,1274202,0,5291,10146734,2423,0,14,0,0,0,32804244,31751656,31633600,2116,157124
2018-05-13_19-09-47.825808250,1526231387.827701443,39.176170,2018-05-13_19-10-18.066392396,1526231418.068280536,1.00,0.99,0.96,506818,588150,3613,1129,1111,1133,0,0,0,0,1277228,0,5298,10167927,2423,0,14,0,0,0,32804244,31751700,31634148,2116,157136
2018-05-13_19-10-18.112879556,1526231418.114739161,39.176166,2018-05-13_19-10-48.353125640,1526231448.354990194,0.85,0.95,0.95,508010,589892,3620,1130,1111,1133,0,0,0,0,1280252,0,5303,10189125,2423,0,14,0,0,0,32804244,31752148,31633852,2116,157136
2018-05-13_19-10-48.399408881,1526231448.401281249,39.176171,2018-05-13_19-11-18.639783267,1526231478.641650436,0.86,0.94,0.95,509202,590918,3624,1130,1132,1133,0,0,0,0,1283277,0,5309,10210321,2423,0,14,0,0,0,32804244,31750552,31632780,2116,157136
2018-05-13_19-11-18.686142352,1526231478.688000672,39.176174,2018-05-13_19-11-48.926475782,1526231508.928392307,0.91,0.95,0.95,510394,592302,3628,1130,1152,1133,0,0,0,0,1286301,0,5313,10231519,2423,0,14,0,0,0,32804244,31750896,31632848,2116,157136
2018-05-13_19-11-48.972890569,1526231508.974746776,39.176173,2018-05-13_19-12-19.213379232,1526231539.215248098,0.95,0.95,0.95,511586,593686,3632,1130,1173,1133,0,0,0,0,1289326,0,5318,10252716,2423,0,14,0,0,0,32804244,31751284,31633460,2116,157136
2018-05-13_19-12-19.259678960,1526231539.261537368,39.176172,2018-05-13_19-12-49.500208202,1526231569.502115969,0.97,0.96,0.95,512778,595070,3636,1130,1194,1133,0,0,0,0,1292351,0,5325,10273909,2423,0,14,0,0,0,32804244,31739776,31622020,2116,157148
2018-05-13_19-12-49.546578873,1526231569.548419144,39.176168,2018-05-13_19-13-19.787141398,1526231599.789024435,0.98,0.96,0.95,513970,596454,3643,1130,1194,1134,0,0,0,0,1295378,0,5332,10295101,2423,0,14,0,0,0,32804244,31739068,31621308,2116,157148
2018-05-13_19-13-19.833643275,1526231599.835507620,39.176172,2018-05-13_19-13-50.074406983,1526231630.076292529,0.99,0.96,0.95,515162,597838,3651,1130,1194,1134,0,0,0,0,1298404,0,5340,10316294,2423,0,14,0,0,0,32804244,31738416,31620876,2116,157148
2018-05-13_19-13-50.120843998,1526231630.122691241,39.176162,2018-05-13_19-14-20.361421803,1526231660.363314384,0.92,0.95,0.95,516648,599580,3658,1130,1195,1134,0,0,0,0,1301428,0,5346,10337490,2423,0,14,0,0,0,32804244,31738652,31620836,2116,157152
2018-05-13_19-14-20.407730527,1526231660.409598235,39.176169,2018-05-13_19-14-50.648531177,1526231690.650426883,0.95,0.96,0.95,517546,600606,3666,1130,1197,1134,0,0,0,0,1304454,0,5353,10358683,2423,0,14,0,0,0,32804244,31738360,31620628,2116,157156
2018-05-13_19-14-50.694990384,1526231690.696864009,39.176077,2018-05-13_19-15-20.936442732,1526231720.938335905,0.97,0.96,0.95,518738,601990,3670,1151,1197,1134,0,0,0,0,1307479,0,5360,10379878,2423,0,14,0,0,0,32804244,31751068,31633512,2116,157148
2018-05-13_19-15-20.982883105,1526231720.984752479,39.176171,2018-05-13_19-15-51.223479660,1526231751.225341601,0.87,0.93,0.95,519930,603374,3674,1172,1198,1134,0,0,0,0,1310502,0,5366,10401076,2423,0,14,0,0,0,32804244,31750348,31633408,2116,157152
2018-05-13_19-15-51.269667353,1526231751.271524113,39.176127,2018-05-13_19-16-21.510001685,1526231781.511878233,0.86,0.92,0.94,521122,604758,3678,1193,1199,1134,0,0,0,0,1313526,0,5371,10422272,2423,0,14,0,0,0,32804244,31750980,31633164,2116,157152
2018-05-13_19-16-21.556353850,1526231781.558223162,39.176173,2018-05-13_19-16-51.796607479,1526231811.798469452,0.86,0.91,0.94,522314,606142,3682,1213,1200,1134,0,0,0,0,1316550,0,5376,10443470,2423,0,15,0,0,0,32804244,31750788,31632972,2116,157152
2018-05-13_19-16-51.842766899,1526231811.844621653,39.176172,2018-05-13_19-17-22.083182776,1526231842.085040150,0.91,0.92,0.94,523506,607526,3686,1214,1200,1153,0,0,0,0,1319574,0,5382,10464666,2423,0,15,0,0,0,32804244,31751204,31633484,2116,157152
2018-05-13_19-17-22.129387162,1526231842.131280581,39.176175,2018-05-13_19-17-52.369806053,1526231872.371702673,0.95,0.93,0.95,524698,608910,3690,1214,1200,1174,0,0,0,0,1322598,0,5387,10485864,2423,0,15,0,0,0,32804244,31750980,31633176,2116,157152
2018-05-13_19-17-52.415879429,1526231872.417721151,39.176173,2018-05-13_19-18-22.656121564,1526231902.657978722,0.97,0.94,0.95,525890,610294,3694,1214,1200,1194,0,0,0,0,1325621,0,5393,10507060,2423,0,15,0,0,0,32804244,31751324,31633852,2116,157152
2018-05-13_19-18-22.702325599,1526231902.704188471,39.176172,2018-05-13_19-18-52.942445655,1526231932.944327155,0.98,0.94,0.95,527082,611678,3698,1214,1200,1213,0,0,0,0,1328646,0,5398,10528258,2423,0,15,0,0,0,32804244,31751432,31634172,2116,157152
2018-05-13_19-18-52.988459116,1526231932.990306686,39.176173,2018-05-13_19-19-23.228774342,1526231963.230612775,0.99,0.95,0.95,528274,613062,3706,1214,1200,1213,0,0,0,0,1331670,0,5403,10549454,2423,0,15,0,0,0,32804244,31750692,31632936,2116,157152
2018-05-13_19-19-23.275007049,1526231963.276873694,39.176174,2018-05-13_19-19-53.515151443,1526231993.517066908,0.99,0.95,0.95,529466,614446,3715,1214,1200,1213,0,0,0,0,1334694,0,5408,10570651,2423,0,15,0,0,0,32804244,31750528,31633008,2116,157152
2018-05-13_19-19-53.561470424,1526231993.563315284,39.176172,2018-05-13_19-20-23.802025402,1526232023.803898592,1.00,0.96,0.95,530658,615830,3724,1214,1200,1213,0,0,0,0,1337721,0,5417,10591841,2423,0,15,0,0,0,32804244,31729744,31612036,2116,165364
2018-05-13_19-20-23.848253158,1526232023.850107959,39.176172,2018-05-13_19-20-54.088680143,1526232054.090547767,1.00,0.96,0.95,531850,617214,3732,1214,1200,1213,0,0,0,0,1340745,0,5422,10613038,2423,0,15,0,0,0,32804244,31729748,31611584,2116,165364
2018-05-13_19-20-54.134908206,1526232054.136769078,39.176170,2018-05-13_19-21-24.375363630,1526232084.377241618,1.00,0.96,0.95,533042,618598,3736,1214,1221,1213,0,0,0,0,1343772,0,5430,10634229,2423,0,15,0,0,0,32804244,31730268,31612504,2116,165364
2018-05-13_19-21-24.421645104,1526232084.423510270,39.176172,2018-05-13_19-21-54.662352772,1526232114.664250821,1.00,0.97,0.95,534234,619982,3740,1214,1242,1213,0,0,0,0,1346798,0,5437,10655422,2423,0,15,0,0,0,32804244,31730520,31612764,2116,165368
2018-05-13_19-21-54.708778638,1526232114.710622321,39.176172,2018-05-13_19-22-24.949193832,1526232144.951068500,1.00,0.97,0.95,535426,621366,3743,1215,1263,1213,0,0,0,0,1349822,0,5444,10676618,2423,0,15,0,0,0,32804244,31730452,31612724,2116,165368
2018-05-13_19-22-24.995445131,1526232144.997320190,39.176173,2018-05-13_19-22-55.236068287,1526232175.237955970,1.00,0.97,0.95,536618,622750,3747,1215,1284,1213,0,0,0,0,1352848,0,5451,10697811,2423,0,15,0,0,0,32804244,31730404,31612964,2116,165372
2018-05-13_19-22-55.282492219,1526232175.284334692,39.176168,2018-05-13_19-23-25.522956126,1526232205.524873716,1.00,0.98,0.95,537810,624134,3754,1215,1285,1213,0,0,0,0,1355873,0,5457,10719006,2423,0,15,0,0,0,32804244,31743420,31625988,2116,165364
2018-05-13_19-23-25.569401850,1526232205.571287044,39.176174,2018-05-13_19-23-55.809754992,1526232235.811623489,1.06,0.99,0.96,539002,625518,3763,1215,1285,1213,0,0,0,0,1358897,0,5462,10740204,2423,0,15,0,0,0,32804244,31743060,31625308,2116,165368
2018-05-13_19-23-55.855960687,1526232235.857803232,39.176170,2018-05-13_19-24-26.096213387,1526232266.098076282,1.04,0.99,0.96,540194,626902,3770,1215,1286,1213,0,0,0,0,1361921,0,5468,10761400,2423,0,15,0,0,0,32804244,31743920,31626192,2116,165368
2018-05-13_19-24-26.142494913,1526232266.144375029,39.176174,2018-05-13_19-24-56.382879117,1526232296.384739498,1.02,0.99,0.96,541386,628286,3778,1215,1286,1213,0,0,0,0,1364945,0,5472,10782598,2423,0,15,0,0,0,32804244,31742972,31625504,2116,165368
2018-05-13_19-24-56.429057647,1526232296.430918510,39.176173,2018-05-13_19-25-26.669230898,1526232326.671109930,1.09,1.01,0.97,542578,629670,3787,1215,1286,1213,0,0,0,0,1367970,0,5478,10803794,2423,0,15,0,0,0,32804244,31743212,31625520,2116,165368
2018-05-13_19-25-26.715468776,1526232326.717362544,39.176170,2018-05-13_19-25-56.955600972,1526232356.957452975,1.05,1.01,0.97,543770,631054,3795,1215,1288,1213,0,0,0,0,1370993,0,5484,10824991,2423,0,15,0,0,0,32804244,31743200,31625504,2116,165368
2018-05-13_19-25-57.001711380,1526232357.003562877,39.176171,2018-05-13_19-26-27.242158195,1526232387.244023232,1.03,1.01,0.97,544962,632438,3804,1215,1288,1213,0,0,0,0,1374017,0,5490,10846187,2423,0,15,0,0,0,32804244,31742820,31625080,2116,165368
2018-05-13_19-26-27.288377515,1526232387.290270728,39.176171,2018-05-13_19-26-57.530667251,1526232417.532533036,1.02,1.01,0.97,546154,633822,3813,1215,1288,1213,0,0,0,0,1377041,0,5495,10867387,2423,0,15,0,0,0,32804244,31743664,31626344,2116,165368
2018-05-13_19-26-57.576737975,1526232417.578577735,39.176172,2018-05-13_19-27-27.819163728,1526232447.821060262,1.06,1.02,0.97,547346,635206,3837,1215,1288,1213,0,0,0,0,1380064,0,5501,10888584,2423,0,15,0,0,0,32804244,31743840,31626100,2116,165368
2018-05-13_19-27-27.865477661,1526232447.867361986,39.176174,2018-05-13_19-27-58.108109151,1526232478.109966552,1.04,1.02,0.97,548832,636948,3861,1215,1288,1213,0,0,0,0,1383088,0,5506,10909784,2423,0,15,0,0,0,32804244,31743264,31625820,2116,165368
2018-05-13_19-27-58.154299157,1526232478.156152586,39.176173,2018-05-13_19-28-28.396873241,1526232508.398776483,1.02,1.02,0.97,549730,637974,3885,1215,1288,1213,0,0,0,0,1386114,0,5513,10930977,2423,0,15,0,0,0,32804244,31731292,31613592,2116,165376
2018-05-13_19-28-28.443178357,1526232508.445014120,39.176173,2018-05-13_19-28-58.685654871,1526232538.687539513,1.08,1.03,0.98,550922,639358,3910,1215,1288,1213,0,0,0,0,1389138,0,5518,10952176,2423,0,15,0,0,0,32804244,31731620,31613300,2116,165380
2018-05-13_19-28-58.732008678,1526232538.733862403,39.176171,2018-05-13_19-29-28.974709947,1526232568.976612293,1.05,1.03,0.98,552114,640742,3918,1215,1288,1213,0,0,0,0,1392165,0,5526,10973369,2423,0,15,0,0,0,32804244,31730972,31613772,2116,165380
2018-05-13_19-29-29.021092076,1526232569.022936037,39.176168,2018-05-13_19-29-59.263825565,1526232599.265723400,1.03,1.03,0.98,553306,642126,3925,1215,1289,1213,0,0,0,0,1395190,0,5533,10994564,2423,0,15,0,0,0,32804244,31730800,31613044,2116,165384
2018-05-13_19-29-59.310292953,1526232599.312167429,39.176172,2018-05-13_19-30-29.553014109,1526232629.554890615,1.02,1.02,0.98,554498,643510,3933,1215,1289,1213,0,0,0,0,1398216,0,5540,11015759,2423,0,15,0,0,0,32804244,31731344,31613624,2116,165388
2018-05-13_19-30-29.599416860,1526232629.601260344,39.176173,2018-05-13_19-30-59.842493493,1526232659.844412009,1.01,1.02,0.98,555690,644894,3940,1215,1289,1215,0,0,0,0,1401243,0,5547,11036954,2423,0,15,0,0,0,32804244,31731376,31613312,2116,165392
2018-05-13_19-30-59.889039444,1526232659.890907571,39.176171,2018-05-13_19-31-30.132003348,1526232690.133897337,1.01,1.02,0.98,556882,646278,3944,1215,1310,1215,0,0,0,0,1404268,0,5553,11058151,2423,0,15,0,0,0,32804244,31744256,31626240,2116,165384
2018-05-13_19-31-30.178292885,1526232690.180138138,39.176174,2018-05-13_19-32-00.420842885,1526232720.422719977,1.00,1.01,0.98,558074,647662,3948,1215,1329,1215,0,0,0,0,1407292,0,5558,11079351,2423,0,15,0,0,0,32804244,31743664,31626232,2116,165384
2018-05-13_19-32-00.467279462,1526232720.469145481,39.176173,2018-05-13_19-32-30.709843633,1526232750.711699417,1.00,1.01,0.98,559266,649046,3952,1215,1350,1215,0,0,0,0,1410316,0,5564,11100549,2423,0,15,0,0,0,32804244,31742828,31625136,2116,165388
2018-05-13_19-32-30.756186073,1526232750.758036874,39.176174,2018-05-13_19-33-00.998414326,1526232781.000256294,1.00,1.01,0.98,560458,650430,3956,1215,1370,1215,0,0,0,0,1413340,0,5569,11121748,2423,0,15,0,0,0,32804244,31743172,31625160,2116,165388
2018-05-13_19-33-01.044508122,1526232781.046353200,39.176172,2018-05-13_19-33-31.286813874,1526232811.288679838,1.00,1.01,0.98,561650,651814,3980,1215,1370,1215,0,0,0,0,1416364,0,5575,11142946,2423,0,15,0,0,0,32804244,31742848,31625392,2116,165388
2018-05-13_19-33-31.332980737,1526232811.334844232,39.176174,2018-05-13_19-34-01.575540912,1526232841.577394855,1.06,1.03,0.98,562842,653198,4006,1215,1370,1215,0,0,0,0,1419388,0,5579,11164145,2423,0,15,0,0,0,32804244,31742536,31625096,2116,165388
2018-05-13_19-34-01.621909977,1526232841.623782698,39.176172,2018-05-13_19-34-31.864474679,1526232871.866344721,1.04,1.03,0.98,564328,654940,4029,1215,1370,1215,0,0,0,0,1422412,0,5585,11185343,2423,0,15,0,0,0,32804244,31742452,31624996,2116,165388
2018-05-13_19-34-31.910710100,1526232871.912551017,39.176174,2018-05-13_19-35-02.152946661,1526232902.154793663,1.02,1.02,0.98,565226,655966,4053,1215,1371,1215,0,0,0,0,1425436,0,5590,11206542,2423,0,15,0,0,0,32804244,31742016,31624492,2116,165388
2018-05-13_19-35-02.199120508,1526232902.200967257,39.176173,2018-05-13_19-35-32.441495278,1526232932.443360896,1.01,1.02,0.98,566418,657350,4062,1215,1371,1215,0,0,0,0,1428461,0,5595,11227740,2423,0,15,0,0,0,32804244,31742340,31624588,2116,165388
2018-05-13_19-35-32.487999061,1526232932.489860022,39.176174,2018-05-13_19-36-02.730461498,1526232962.732321779,1.01,1.02,0.98,567610,658734,4070,1215,1371,1215,0,0,0,0,1431485,0,5600,11248940,2423,0,15,0,0,0,32804244,31742768,31625044,2116,165388
2018-05-13_19-36-02.776669383,1526232962.778525642,39.176169,2018-05-13_19-36-33.019269585,1526232993.021157927,1.00,1.01,0.98,568802,660118,4078,1215,1371,1215,0,0,0,0,1434511,0,5607,11270134,2423,0,15,0,0,0,32804244,31730564,31612948,2116,165396
2018-05-13_19-36-33.065616788,1526232993.067460679,39.176161,2018-05-13_19-37-03.308076395,1526233023.309962011,1.00,1.01,0.98,569994,661502,4085,1215,1371,1217,0,0,0,0,1437535,0,5612,11291333,2423,0,15,0,0,0,32804244,31730984,31612988,2116,165400
2018-05-13_19-37-03.354435700,1526233023.356295806,39.176172,2018-05-13_19-37-33.597325400,1526233053.599223017,1.00,1.01,0.98,571186,662886,4089,1236,1371,1217,0,0,0,0,1440562,0,5620,11312526,2423,0,15,0,0,0,32804244,31730556,31613336,2116,165400
2018-05-13_19-37-33.643696982,1526233053.645549709,39.176159,2018-05-13_19-38-03.886513478,1526233083.888416630,1.00,1.01,0.98,572378,664270,4093,1257,1371,1218,0,0,0,0,1443588,0,5628,11333721,2423,0,15,0,0,0,32804244,31731032,31612800,2116,165404
2018-05-13_19-38-03.933014916,1526233083.934899556,39.176172,2018-05-13_19-38-34.175641665,1526233114.177533411,1.00,1.01,0.98,573570,665654,4097,1278,1371,1218,0,0,0,0,1446611,0,5635,11354918,2423,0,15,0,0,0,32804244,31730736,31613524,2116,165404
2018-05-13_19-38-34.222007586,1526233114.223840727,39.176174,2018-05-13_19-39-04.464987382,1526233144.466912581,1.00,1.01,0.98,574762,667038,4101,1299,1371,1218,0,0,0,0,1449638,0,5641,11376113,2423,0,15,0,0,0,32804244,31730632,31612772,2116,165408
2018-05-13_19-39-04.511389612,1526233144.513234136,39.176173,2018-05-13_19-39-34.754093838,1526233174.755976258,0.95,1.00,0.98,575954,668422,4108,1299,1373,1218,0,0,0,0,1452662,0,5648,11397310,2423,0,15,0,0,0,32804244,31743792,31626024,2116,165400
2018-05-13_19-39-34.800522275,1526233174.802377238,39.176174,2018-05-13_19-40-05.043167275,1526233205.045045739,0.97,1.00,0.98,577146,669806,4116,1299,1373,1218,0,0,0,0,1455687,0,5655,11418507,2423,0,15,0,0,0,32804244,31743936,31625772,2116,165412
2018-05-13_19-40-05.089464324,1526233205.091308615,39.176173,2018-05-13_19-40-35.332035742,1526233235.333909068,0.98,1.00,0.98,578338,671190,4123,1299,1373,1219,0,0,0,0,1458710,0,5661,11439705,2423,0,15,0,0,0,32804244,31743412,31625652,2116,165416
2018-05-13_19-40-35.378269427,1526233235.380147208,39.176174,2018-05-13_19-41-05.620473729,1526233265.622328978,0.99,1.00,0.98,579530,672574,4130,1299,1374,1219,0,0,0,0,1461734,0,5666,11460905,2423,0,15,0,0,0,32804244,31743464,31626056,2116,165416
2018-05-13_19-41-05.666673247,1526233265.668521477,39.176174,2018-05-13_19-41-35.909024657,1526233295.910888307,0.99,1.00,0.98,580722,673958,4137,1299,1376,1219,0,0,0,0,1464758,0,5672,11482103,2423,0,15,0,0,0,32804244,31743144,31625148,2116,165416
2018-05-13_19-41-35.955300112,1526233295.957135915,39.176174,2018-05-13_19-42-06.197592627,1526233326.199453182,1.00,1.00,0.98,581914,675342,4145,1299,1376,1219,0,0,0,0,1467783,0,5676,11503302,2423,0,15,0,0,0,32804244,31743644,31626116,2116,165416
2018-05-13_19-42-06.243591318,1526233326.245434602,39.176174,2018-05-13_19-42-36.485952621,1526233356.487804499,1.00,1.00,0.98,583106,676726,4152,1299,1377,1219,0,0,0,0,1470807,0,5682,11524500,2423,0,15,0,0,0,32804244,31742976,31625512,2116,165416
2018-05-13_19-42-36.532103004,1526233356.533974280,39.176172,2018-05-13_19-43-06.774437818,1526233386.776323462,1.00,1.00,0.98,584298,678110,4160,1299,1377,1219,0,0,0,0,1473831,0,5687,11545699,2423,0,15,0,0,0,32804244,31743748,31625540,2116,165416
2018-05-13_19-43-06.820548160,1526233386.822393945,39.176174,2018-05-13_19-43-37.063181159,1526233417.065040456,0.95,0.98,0.97,585490,679494,4164,1299,1377,1240,0,0,0,0,1476855,0,5693,11566897,2423,0,15,0,0,0,32804244,31743592,31625856,2116,165416
2018-05-13_19-43-37.109439683,1526233417.111298300,39.176174,2018-05-13_19-44-07.351984018,1526233447.353859995,0.97,0.99,0.97,586682,680878,4169,1299,1377,1260,0,0,0,0,1479879,0,5698,11588097,2423,0,15,0,0,0,32804244,31742564,31625292,2116,165416
2018-05-13_19-44-07.398220426,1526233447.400075053,39.176166,2018-05-13_19-44-37.640784625,1526233477.642710768,0.98,0.99,0.97,587874,682262,4174,1299,1377,1279,0,0,0,0,1482906,0,5705,11609291,2423,0,15,0,0,0,32804244,31731156,31613756,2116,165428
2018-05-13_19-44-37.687319411,1526233477.689185358,39.176130,2018-05-13_19-45-07.929957094,1526233507.931845474,0.92,0.97,0.97,589130,683710,4180,1301,1377,1295,0,0,0,0,1485932,0,5711,11630486,2423,0,15,0,0,0,32804244,31732128,31613900,2116,165428
