StartTime,StartEpoch,EndTime,EndEpoch,CPULoad1m,CPULoad5m,CPULoad5m,NetDevRX,NetDevTX,IRQens2-0,IRQens2-1,IRQens2-2,IRQens2-3,IRQens2-4,IRQens2-5,IRQens2-6,IRQens2-7,user,nice,system,idle,iowait,irq,softirq,steal,guest,guest_nice,MemTotal,MemFree,MemAvailable,Buffers,Cached
2018-05-11_22-01-28.741679867,1526068888.743467100,2018-05-11_22-01-28.747891590,1526068888.749871607,0.17,0.59,0.97,9411155274,5078834841372,17633622,39905087,34910801,16663214,17619666,16039587,18492451,17984981,179967,0,489759,5982405,4983,0,115415,0,176591,0,32804244,29348800,29749540,2116,711076
2018-05-11_22-01-58.797529926,1526068918.799668670,2018-05-11_22-01-58.804430195,1526068918.806416404,0.71,0.68,0.99,9485888080,5126907199908,17633623,39907493,36360426,16663384,17619666,16039587,18492451,17984981,181441,0,491599,6001769,4988,0,116649,0,178062,0,32804244,29334304,29735144,2116,711088
2018-05-11_22-02-28.855928304,1526068948.858145545,2018-05-11_22-02-28.862616349,1526068948.864688258,0.83,0.71,0.99,9585468374,5180032046798,17633623,40337074,37849561,16663590,17619666,16039587,18492451,18048870,183143,0,493615,6020582,4992,0,117832,0,179762,0,32804244,29331088,29731920,2116,711088
2018-05-11_22-02-58.915102660,1526068978.917419098,2018-05-11_22-02-58.921977353,1526068978.924012060,1.22,0.81,1.01,9682849948,5233133561716,17633692,40783671,37849578,16663657,17680951,16039587,18492451,19475032,184819,0,495679,6039384,4994,0,118950,0,181435,0,32804244,29330188,29731012,2116,711088
2018-05-11_22-03-28.974224439,1526069008.976224115,2018-05-11_22-03-28.980902885,1526069008.983025695,1.35,0.88,1.03,9777727138,5285622380296,17633969,41275407,37855524,16663770,19083224,16039587,18492451,19475032,186461,0,497747,6058218,4997,0,120105,0,183076,0,32804244,29330536,29731368,2116,711088
2018-05-11_22-03-59.031390675,1526069039.033563716,2018-05-11_22-03-59.037976722,1526069039.039957847,1.35,0.92,1.04,9868565992,5333053044256,17634233,42721882,37855786,16663803,19143397,16039587,18492451,19475032,187965,0,499599,6077531,4999,0,121355,0,184578,0,32804244,29327136,29727968,2116,711088
2018-05-11_22-04-29.088979342,1526069069.091139432,2018-05-11_22-04-29.095335694,1526069069.097236871,1.27,0.95,1.05,9965931630,5385438279834,17634442,43210514,37857154,16663818,20590468,16039587,18492451,19475032,189613,0,501666,6096333,5001,0,122516,0,186223,0,32804244,29328164,29728912,2116,711088
2018-05-11_22-04-59.146133659,1526069099.148017532,2018-05-11_22-04-59.152234699,1526069099.154577059,1.25,0.98,1.05,10055758324,5433148499052,17634537,44561553,37919820,16664086,20590468,16039587,18492451,19475032,191100,0,503518,6115653,5003,0,123771,0,187708,0,32804244,29326456,29726996,2116,711088
2018-05-11_22-05-29.205239226,1526069129.207444486,2018-05-11_22-05-29.211844290,1526069129.213910140,1.20,1.00,1.06,10150619526,5484367310156,17634772,44804166,39351738,16664306,20590468,16039587,18492451,19532318,192686,0,505486,6134705,5004,0,125016,0,189290,0,32804244,29314428,29715224,2116,711096
2018-05-11_22-05-59.264510084,1526069159.266640557,2018-05-11_22-05-59.271176866,1526069159.273089340,1.24,1.03,1.06,10235096908,5529918736158,17635434,44861908,39681507,16665188,20590468,16039587,18492451,20830691,194109,0,507689,6153795,5008,0,125950,0,190709,0,32804244,29310492,29711028,2116,711100
2018-05-11_22-06-29.323308667,1526069189.325621060,2018-05-11_22-06-29.330238489,1526069189.332420087,1.30,1.06,1.07,10301604114,5563271516576,17635469,45100988,39738817,16665252,20590468,16039587,18492451,21774802,195129,0,510088,6173387,5010,0,126649,0,191727,0,32804244,29311320,29712432,2116,711100
2018-05-11_22-06-59.384747433,1526069219.386943057,2018-05-11_22-06-59.391780831,1526069219.393847459,1.25,1.07,1.07,10349907736,5596804075290,17635639,45410965,40437190,16665437,20590468,16039587,18492451,21774802,196194,0,512470,6193045,5014,0,127369,0,192787,0,32804244,29312536,29713360,2116,711104
2018-05-11_22-07-29.442878249,1526069249.444898477,2018-05-11_22-07-29.449268488,1526069249.451227256,1.22,1.08,1.08,10411253470,5627861421550,17635774,46272661,40450319,16665636,20624061,16039587,18492451,21774802,197201,0,514727,6212872,5017,0,128171,0,193789,0,32804244,29312744,29713268,2116,711104
2018-05-11_22-07-59.501737907,1526069279.503993716,2018-05-11_22-07-59.508808501,1526069279.510970955,1.16,1.07,1.07,10478413092,5661445340494,17636256,46536632,40458659,16666181,21566988,16072642,18492451,21774802,198243,0,517115,6232460,5018,0,128866,0,194829,0,32804244,29307356,29708204,2116,711108
2018-05-11_22-08-29.562544331,1526069309.564804091,2018-05-11_22-08-29.569475307,1526069309.571547988,1.35,1.13,1.09,10545632426,5694516361800,17669581,46806966,40467890,16666409,21566988,17001761,18492451,21774802,199343,0,519518,6251991,5020,0,129587,0,195926,0,32804244,29321376,29722768,2116,711104
2018-05-11_22-08-59.621636064,1526069339.623684721,2018-05-11_22-08-59.628165943,1526069339.630275095,1.32,1.15,1.10,10612475120,5728036212070,18636471,47088957,40475527,16684291,21566988,17001761,18492451,21774802,200489,0,521913,6271473,5023,0,130367,0,197070,0,32804244,29319480,29720300,2116,711104
2018-05-11_22-09-29.679795574,1526069369.681992959,2018-05-11_22-09-29.686589217,1526069369.688556074,1.39,1.18,1.11,10649193078,5762359898768,18637268,47123243,40742808,17222377,21566988,17001761,18523892,21774802,201474,0,524284,6291182,5025,0,131122,0,198053,0,32804244,29319468,29720852,2116,711104
2018-05-11_22-09-59.739156834,1526069399.741262228,2018-05-11_22-09-59.745881388,1526069399.747881174,1.38,1.20,1.12,10714956668,5795487097824,18637987,47147656,40993938,17222883,21566988,17001761,19486446,21774802,202555,0,526679,6310725,5027,0,131827,0,199132,0,32804244,29313680,29714488,2116,711104
2018-05-11_22-10-29.797620387,1526069429.799891254,2018-05-11_22-10-29.804424446,1526069429.806346630,1.23,1.18,1.12,10776764290,5829068410642,18638262,47361413,41056380,17252510,21566988,17001761,20402719,21774802,203621,0,529077,6330301,5032,0,132561,0,200195,0,32804244,29311728,29712776,2116,711112
2018-05-11_22-10-59.856815638,1526069459.858943568,2018-05-11_22-10-59.863501803,1526069459.865603784,1.32,1.21,1.13,10838997128,5862576999072,18666697,47652191,41056576,18172833,21566988,17001761,20402719,21774802,205117,0,532128,6349766,5038,0,133437,0,201689,0,32804244,29295072,29695904,2116,711116
2018-05-11_22-11-29.915240939,1526069489.917315216,2018-05-11_22-11-29.921991949,1526069489.923985660,1.40,1.24,1.14,10902217614,5896083010096,19602788,47925143,41074870,18172860,21566988,17029481,20402719,21774802,206297,0,534519,6369255,5041,0,134251,0,202868,0,32804244,29287332,29687808,2116,711116
2018-05-11_22-11-59.975883529,1526069519.977867518,2018-05-11_22-11-59.982593974,1526069519.984604779,1.43,1.26,1.15,10964477908,5929399852576,19602788,48175847,41100239,18172860,21566988,17993235,20402719,21774802,207377,0,536915,6388846,5044,0,134948,0,203945,0,32804244,29287312,29688476,2116,711116
2018-05-11_22-12-30.034959286,1526069550.037263519,2018-05-11_22-12-30.041827067,1526069550.043785715,1.66,1.33,1.18,11031493274,5962385518764,19629973,48206445,41347797,18173546,21566988,18924042,20402719,21774802,208510,0,539329,6408380,5046,0,135637,0,205076,0,32804244,29276152,29676936,2116,711116
2018-05-11_22-13-00.092742367,1526069580.094700086,2018-05-11_22-13-00.098894333,1526069580.100688616,1.37,1.30,1.17,11099380384,5995773339610,20627743,48310096,41533000,18191116,21566988,18924042,20402719,21774802,209673,0,541717,6427854,5047,0,136414,0,206237,0,32804244,29276616,29678012,2116,711116
2018-05-11_22-13-30.149999552,1526069610.152072301,2018-05-11_22-13-30.156427701,1526069610.158411458,1.48,1.33,1.19,11144349542,6029748724352,20628313,48390826,41742042,18821222,21566988,18924042,20427888,21774802,210788,0,544131,6447433,5048,0,137163,0,207348,0,32804244,29265080,29665952,2116,711124
2018-05-11_22-14-00.208755956,1526069640.210826634,2018-05-11_22-14-00.215418670,1526069640.217497800,1.37,1.32,1.19,11204549100,6059929245796,20628924,48406628,41973107,18821830,21566988,18924042,21309295,21774802,211798,0,546588,6467118,5051,0,137805,0,208353,0,32804244,29260896,29661772,2116,711128
2018-05-11_22-14-30.266306547,1526069670.268319917,2018-05-11_22-14-30.272691942,1526069670.274627380,1.38,1.32,1.19,11244724722,6081647952642,20628935,48586660,41974378,18837096,21566988,18924042,21914032,21774802,212565,0,549197,6487135,5053,0,138285,0,209118,0,32804244,29261792,29663172,2116,711128
2018-05-11_22-15-00.325194821,1526069700.327250677,2018-05-11_22-15-00.331830300,1526069700.333853812,1.51,1.35,1.21,11285982520,6103496984184,20643674,48780705,41981739,19456484,21566988,18924042,21914032,21774802,213383,0,551817,6507095,5054,0,138780,0,209931,0,32804244,29261004,29661864,2116,711136
2018-05-11_22-15-30.384171845,1526069730.386333910,2018-05-11_22-15-30.391145722,1526069730.393245523,1.71,1.42,1.24,11326270078,6124786258684,21249295,48973961,41986526,19456698,21566988,18936340,21914032,21774802,214160,0,554432,6527080,5060,0,139286,0,210704,0,32804244,29259324,29660188,2116,711136
2018-05-11_22-16-00.444974550,1526069760.447204621,2018-05-11_22-16-00.451704842,1526069760.453629217,1.78,1.46,1.25,11361670980,6143698168626,21249494,49129533,41991875,19457106,21578827,19471052,21914032,21774802,214833,0,557074,6547200,5063,0,139701,0,211375,0,32804244,29253204,29655144,2116,711136
2018-05-11_22-16-30.503679973,1526069790.505815538,2018-05-11_22-16-30.510153623,1526069790.512135178,1.64,1.46,1.26,11397304010,6162722720688,21249808,49291011,42000554,19457481,22112632,19471052,21914032,21774802,215505,0,559728,6567321,5065,0,140104,0,212043,0,32804244,29265716,29667136,2116,711132
2018-05-11_22-17-00.561070675,1526069820.563076407,2018-05-11_22-17-00.567702129,1526069820.569831683,1.64,1.48,1.27,11432070928,6180741194952,21249935,49873919,42012818,19457617,22112632,19471052,21914032,21774802,216157,0,562284,6587602,5066,0,140585,0,212693,0,32804244,29265080,29665972,2116,711132
2018-05-11_22-17-30.618162566,1526069850.620196916,2018-05-11_22-17-30.624582018,1526069850.626555338,1.39,1.43,1.27,11468727958,6199796861304,21250082,50055372,42572554,19457725,22112632,19471052,21914032,21785570,216807,0,564923,6607770,5068,0,141002,0,213340,0,32804244,29265476,29666636,2116,711132
2018-05-11_22-18-00.676523839,1526069880.678608713,2018-05-11_22-18-00.683065265,1526069880.685007468,1.21,1.39,1.26,11504655260,6218797264798,21250321,50212328,42578900,19457916,22112632,19471052,21914032,22342312,217445,0,567575,6627937,5070,0,141402,0,213976,0,32804244,29264856,29665720,2116,711132
2018-05-11_22-18-30.735129382,1526069910.737119166,2018-05-11_22-18-30.741748585,1526069910.743751882,1.13,1.35,1.25,11542288354,6237622632304,21250630,50365926,42591510,19458361,22112632,19471052,21914032,22922228,218140,0,570229,6648029,5072,0,141809,0,214668,0,32804244,29256868,29658008,2116,711132
2018-05-11_22-19-00.795503124,1526069940.797532526,2018-05-11_22-19-00.802041757,1526069940.803958415,1.15,1.34,1.25,11571565672,6256492422972,21250794,50514894,43037144,19459404,22112632,19471052,21914032,22922228,218803,0,572866,6668199,5079,0,142222,0,215329,0,32804244,29255416,29656540,2116,711136
2018-05-11_22-19-30.853904850,1526069970.855936993,2018-05-11_22-19-30.860188306,1526069970.862111983,1.16,1.32,1.24,11607015278,6274631616168,21250814,51052887,43042055,19459537,22121666,19471052,21914032,22922228,219463,0,575415,6688452,5083,0,142712,0,215986,0,32804244,29255936,29657356,2116,711136
2018-05-11_22-20-00.910575654,1526070000.912745509,2018-05-11_22-20-00.917279359,1526070000.919230275,1.16,1.31,1.24,11644802356,6293605618120,21251395,51199429,43060115,19460330,22660304,19471052,21914032,22922228,220152,0,578059,6708569,5083,0,143110,0,216673,0,32804244,29256172,29656760,2116,711136
2018-05-11_22-20-30.969124893,1526070030.971224051,2018-05-11_22-20-30.975643133,1526070030.977486619,1.10,1.28,1.23,11680530746,6311683152602,21251532,51729870,43066164,19460553,22668406,19471052,21914032,22922228,220827,0,580623,6728818,5085,0,143590,0,217344,0,32804244,29255284,29656716,2116,711144
2018-05-11_22-21-01.027165019,1526070061.029308757,2018-05-11_22-21-01.033787724,1526070061.035750070,1.25,1.30,1.24,11718285568,6330590031304,21251621,51819120,43140280,19460647,23218626,19471052,21914032,22930064,221485,0,583274,6748950,5088,0,143991,0,217999,0,32804244,29254124,29655300,2116,711148
2018-05-11_22-21-31.086294082,1526070091.088393622,2018-05-11_22-21-31.092821004,1526070091.094861906,1.15,1.27,1.23,11756145414,6349393726172,21251912,51863021,43261546,19460782,23218626,19471052,21914032,23466766,222171,0,585922,6769041,5092,0,144419,0,218681,0,32804244,29237104,29637680,2116,711160
2018-05-11_22-22-01.142286223,1526070121.144336407,2018-05-11_22-22-01.149132454,1526070121.151148638,1.10,1.24,1.22,11787012364,6367526116256,21251969,51866455,43851374,19460936,23218626,19471052,21914032,23466766,222807,0,588486,6789319,5093,0,144893,0,219313,0,32804244,29233676,29634864,2116,711164
2018-05-11_22-22-31.200851217,1526070151.202987548,2018-05-11_22-22-31.207361459,1526070151.209274062,1.20,1.25,1.23,11821833362,6385561395104,21252271,51872471,44432372,19461496,23218626,19471052,21914032,23473346,223458,0,591043,6809576,5094,0,145375,0,219961,0,32804244,29232916,29633528,2116,711164
2018-05-11_22-23-01.260616480,1526070181.262707376,2018-05-11_22-23-01.267440636,1526070181.269425426,1.18,1.25,1.22,11857069848,6404449787970,21252526,51890644,44575139,19461901,23224699,19471052,21914032,24010391,224124,0,593705,6829691,5102,0,145764,0,220623,0,32804244,29232700,29633332,2116,711168
2018-05-11_22-23-31.316932147,1526070211.319010575,2018-05-11_22-23-31.323987608,1526070211.325933200,1.13,1.22,1.22,11892576734,6423441361504,21252684,51984713,44646300,19462110,23762152,19471052,21914032,24010391,224800,0,596368,6849803,5103,0,146182,0,221294,0,32804244,29231980,29632572,2116,711168
2018-05-11_22-24-01.374688542,1526070241.376706853,2018-05-11_22-24-01.381147425,1526070241.383091841,1.08,1.20,1.21,11928154852,6442004593434,21257922,52552401,44731493,19462296,23762152,19471052,21914032,24010391,225459,0,598968,6870010,5105,0,146634,0,221951,0,32804244,29228688,29630104,2116,711168
2018-05-11_22-24-31.432137400,1526070271.434185435,2018-05-11_22-24-31.438595374,1526070271.440727765,1.05,1.18,1.21,11964497514,6460976444594,21808341,52654178,44800297,19462327,23762152,19476023,21914032,24010391,226164,0,601624,6890085,5106,0,147080,0,222652,0,32804244,29240964,29642156,2116,711164
2018-05-11_22-25-01.491313655,1526070301.493331383,2018-05-11_22-25-01.497959684,1526070301.499932256,1.08,1.18,1.21,12000423216,6479852749700,21808388,52740805,44873657,19462442,23762152,20023555,21918553,24010391,226834,0,604269,6910209,5108,0,147486,0,223320,0,32804244,29240440,29641624,2116,711164
2018-05-11_22-25-31.550260396,1526070331.552405120,2018-05-11_22-25-31.557216424,1526070331.559313395,0.91,1.13,1.19,12035659510,6498675989182,21808552,52801935,44972274,19466743,23762152,20023555,22458178,24010391,227716,0,607308,6930326,5109,0,147885,0,224200,0,32804244,29241088,29641748,2116,711164
2018-05-11_22-26-01.608120590,1526070361.610240803,2018-05-11_22-26-01.614520174,1526070361.616341692,1.00,1.13,1.19,12071890870,6517699107990,21808765,52968414,44980468,20030966,23762152,20023555,22458178,24010391,228490,0,610005,6950405,5111,0,148324,0,224972,0,32804244,29239408,29640860,2116,711164
2018-05-11_22-26-31.666780363,1526070391.668827651,2018-05-11_22-26-31.673296653,1526070391.675404282,1.22,1.17,1.20,12099151042,6536887973580,21808997,53139853,44982691,20427029,23762152,20023555,22461413,24010391,229177,0,612664,6970553,5111,0,148750,0,225655,0,32804244,29238864,29640252,2116,711164
2018-05-11_22-27-01.725687771,1526070421.727852514,2018-05-11_22-27-01.732500818,1526070421.734561329,1.27,1.19,1.20,12136946568,6555690486848,21809284,53282999,44997903,20427600,23762152,20026317,23011403,24010391,229885,0,615317,6990665,5112,0,149147,0,226361,0,32804244,29237128,29638776,2116,711164
2018-05-11_22-27-31.787016121,1526070451.789098874,2018-05-11_22-27-31.793795132,1526070451.795830017,1.42,1.23,1.22,12174467150,6574595557704,21811511,53445639,44998873,20427657,23762152,20578322,23011403,24010391,230574,0,617980,7010775,5116,0,149553,0,227046,0,32804244,29227972,29628892,2116,711172
2018-05-11_22-28-01.844984774,1526070481.847009871,2018-05-11_22-28-01.851411104,1526070481.853479126,1.43,1.26,1.23,12212841870,6593559756048,22392326,53511479,45102908,20429134,23762152,20578322,23011403,24010391,231299,0,620623,7030853,5117,0,150010,0,227770,0,32804244,29226212,29627092,2116,711172
2018-05-11_22-28-31.903845895,1526070511.905770405,2018-05-11_22-28-31.910052695,1526070511.911897348,1.45,1.28,1.24,12235792404,6612697401280,22392356,53641995,45152703,20775106,23762152,20578322,23013087,24010391,231975,0,623280,7051026,5117,0,150447,0,228443,0,32804244,29226692,29627700,2116,711176
2018-05-11_22-29-01.961675030,1526070541.963936052,2018-05-11_22-29-01.968653414,1526070541.970737045,1.33,1.27,1.23,12273211098,6631513333750,22392473,53798189,45155848,20775255,23762152,20579566,23566465,24010391,232650,0,625942,7071157,5118,0,150833,0,229115,0,32804244,29226140,29627284,2116,711176
2018-05-11_22-29-32.022251535,1526070572.024413834,2018-05-11_22-29-32.029005980,1526070572.030982660,1.45,1.31,1.25,12311066720,6650339784888,22393180,53942829,45169960,20775332,23762152,21170591,23566465,24010391,233352,0,628598,7091248,5118,0,151262,0,229814,0,32804244,29213432,29614632,2116,711184
2018-05-11_22-30-02.080180054,1526070602.082045825,2018-05-11_22-30-02.086386670,1526070602.088315354,1.62,1.36,1.26,12350189222,6669395458916,23004393,54125465,45170196,20775518,23762152,21170591,23566465,24010391,234077,0,631264,7111299,5119,0,151730,0,230532,0,32804244,29214240,29615160,2116,711188
2018-05-11_22-30-32.137663235,1526070632.139673858,2018-05-11_22-30-32.144031373,1526070632.146094551,1.55,1.37,1.27,12386692204,6688493172168,23565628,54308333,45175373,20775607,23762152,21170629,23566465,24010391,234780,0,633920,7131379,5120,0,152189,0,231232,0,32804244,29212580,29614072,2116,711200
2018-05-11_22-31-02.196359971,1526070662.198453409,2018-05-11_22-31-02.202902027,1526070662.204844914,1.41,1.35,1.27,12422487858,6707531040250,23566001,54467706,45179621,20775950,23762152,21719849,23566465,24010391,235466,0,636577,7151495,5122,0,152588,0,231914,0,32804244,29204280,29605188,2116,711204
2018-05-11_22-31-32.253351935,1526070692.255409886,2018-05-11_22-31-32.259746177,1526070692.261559674,1.33,1.33,1.26,12457768062,6726379566590,23566111,54621402,45187297,20776157,23762152,21719849,24111722,24010391,236151,0,639230,7171594,5126,0,152997,0,232594,0,32804244,29200596,29602084,2116,711200
2018-05-11_22-32-02.309128328,1526070722.311227332,2018-05-11_22-32-02.315866757,1526070722.317878884,1.23,1.30,1.26,12493609604,6745327647462,23566214,54763522,45214457,21324636,23762152,21719849,24111722,24010391,236858,0,641884,7191661,5129,0,153441,0,233299,0,32804244,29188152,29588824,2116,711204
2018-05-11_22-32-32.365592042,1526070752.367624118,2018-05-11_22-32-32.372039600,1526070752.373978177,1.14,1.27,1.25,12529365770,6763545446994,23566380,54767798,45809921,21324986,23762152,21719849,24111722,24010391,237500,0,644438,7211939,5131,0,153929,0,233937,0,32804244,29199056,29599992,2116,711200
2018-05-11_22-33-02.421536827,1526070782.423711931,2018-05-11_22-33-02.428289907,1526070782.430374522,1.24,1.28,1.25,12565394704,6782427780214,23566485,54923861,45814142,21325109,23762152,21719849,24111722,24562443,238169,0,647088,7232057,5132,0,154323,0,234604,0,32804244,29197832,29599064,2116,711200
2018-05-11_22-33-32.480566150,1526070812.482577600,2018-05-11_22-33-32.487293877,1526070812.489331141,1.26,1.29,1.25,12600738134,6801305671802,23566767,55019760,45879639,21325188,24306171,21719849,24111722,24563184,238831,0,649744,7252185,5134,0,154727,0,235265,0,32804244,29198436,29600088,2116,711200
2018-05-11_22-34-02.539968958,1526070842.541943086,2018-05-11_22-34-02.546158409,1526070842.548124915,1.22,1.27,1.25,12636292764,6819461150734,23566948,55612141,45881066,21325397,24307393,21719849,24111722,24563184,239470,0,652298,7272473,5135,0,155214,0,235901,0,32804244,29197380,29598872,2116,711200
2018-05-11_22-34-32.598494264,1526070872.600635133,2018-05-11_22-34-32.605037701,1526070872.606966230,1.27,1.28,1.25,12672538082,6837822069278,23566974,56194342,45881222,21325407,24307393,21719849,24111722,24563184,240103,0,654854,7292765,5137,0,155696,0,236531,0,32804244,29197672,29599164,2116,711200
2018-05-11_22-35-02.655794136,1526070902.657944136,2018-05-11_22-35-02.662456580,1526070902.664532547,1.42,1.32,1.26,12710321512,6856645709346,23567160,56351074,45885785,21325560,24851772,21719849,24111722,24563184,240788,0,657502,7312881,5138,0,156091,0,237215,0,32804244,29197320,29598820,2116,711204
2018-05-11_22-35-32.714096238,1526070932.716210238,2018-05-11_22-35-32.720817846,1526070932.722836050,1.41,1.32,1.26,12748078702,6875435366832,23567298,56506923,45889267,21325806,24854240,21719849,24111722,25105554,241469,0,660153,7332988,5138,0,156497,0,237892,0,32804244,29195648,29596524,2116,711204
2018-05-11_22-36-02.773196351,1526070962.775285677,2018-05-11_22-36-02.780017569,1526070962.781983508,1.25,1.29,1.25,12779252852,6893655355502,23567472,56516605,46473512,21326075,24854240,21719849,24111722,25108319,242102,0,662726,7353271,5140,0,156961,0,238524,0,32804244,29194624,29596128,2116,711208
2018-05-11_22-36-32.833341308,1526070992.835406167,2018-05-11_22-36-32.840002352,1526070992.842038482,1.02,1.23,1.24,12816887418,6912508749640,23568398,56645549,46508681,21327097,24854240,21719849,24111722,25658459,242761,0,665388,7373396,5143,0,157356,0,239180,0,32804244,29195304,29596280,2116,711208
2018-05-11_22-37-02.892132469,1526071022.894121194,2018-05-11_22-37-02.898486265,1526071022.900435602,1.07,1.22,1.23,12845713088,6930868280294,23568427,56670226,47052733,21327174,24854240,21719849,24111722,25662054,243383,0,667966,7393681,5146,0,157819,0,239800,0,32804244,29194880,29596124,2116,711208
2018-05-11_22-37-32.950213387,1526071052.952294067,2018-05-11_22-37-32.956988529,1526071052.959069560,1.25,1.25,1.24,12881622534,6949183286988,23568518,57240574,47058728,21327363,24854240,21719849,24111722,25662054,244008,0,670516,7413964,5149,0,158309,0,240421,0,32804244,29182432,29583636,2116,711216
2018-05-11_22-38-03.007918916,1526071083.009958411,2018-05-11_22-38-03.014461409,1526071083.016622819,1.35,1.27,1.25,12919358604,6967978447422,23568715,57395666,47066118,21327568,25399212,21719849,24111722,25662054,244701,0,673169,7434073,5149,0,158708,0,241110,0,32804244,29171320,29572740,2116,711216
2018-05-11_22-38-33.066830133,1526071113.068878620,2018-05-11_22-38-33.073377361,1526071113.075334873,1.37,1.29,1.25,12954962642,6986780646942,23568951,57556241,47069684,21327888,25949839,21719849,24111722,25662054,245366,0,675836,7454212,5149,0,159097,0,241772,0,32804244,29164152,29565136,2116,711220
2018-05-11_22-39-03.123712248,1526071143.125909245,2018-05-11_22-39-03.130627348,1526071143.132629197,1.29,1.28,1.25,12990490712,7005119983322,23569087,58136140,47135501,21328049,25955454,21719849,24111722,25662054,246016,0,678422,7474436,5151,0,159554,0,242417,0,32804244,29148836,29549252,2116,711224
2018-05-11_22-39-33.184085149,1526071173.186105099,2018-05-11_22-39-33.190358825,1526071173.192286494,1.30,1.28,1.25,13026285342,7023360733186,23569124,58159777,47723338,21328065,25955454,21719849,24111722,25662054,246640,0,680977,7494706,5153,0,160042,0,243038,0,32804244,29162852,29563832,2116,711224
2018-05-11_22-40-03.240797880,1526071203.242796330,2018-05-11_22-40-03.247083800,1526071203.249072998,1.27,1.27,1.25,13061876516,7042288683780,23569491,58167679,47884531,21328492,25955454,21719849,24111722,26205508,247410,0,683895,7514828,5156,0,160431,0,243802,0,32804244,29150620,29551580,2116,711236
2018-05-11_22-40-33.298696420,1526071233.300959066,2018-05-11_22-40-33.305456400,1526071233.307430692,1.28,1.28,1.25,13097907818,7061418115240,23570002,58249680,47964774,21329026,25955454,21719849,24658168,26212024,248222,0,686747,7534962,5158,0,160827,0,244611,0,32804244,29161764,29562720,2116,711236
2018-05-11_22-41-03.357025585,1526071263.359243039,2018-05-11_22-41-03.364004673,1526071263.366141253,1.19,1.25,1.24,13133619184,7080326605572,23570034,58390139,47996955,21868863,25955454,21719849,24665199,26212024,248938,0,689402,7555051,5161,0,161269,0,245324,0,32804244,29159864,29561204,2116,711236
2018-05-11_22-41-33.416169468,1526071293.418314931,2018-05-11_22-41-33.422771605,1526071293.424818827,1.21,1.25,1.24,13169553526,7099326538068,24113799,58394580,48167276,21876456,25955454,21719849,24665199,26212024,249652,0,692057,7575130,5165,0,161726,0,246036,0,32804244,29160592,29561588,2116,711236
2018-05-11_22-42-03.475478436,1526071323.477581996,2018-05-11_22-42-03.482282713,1526071323.484358098,1.13,1.22,1.23,13205180668,7118162328992,24122036,58395651,48328249,21876544,25955454,22261333,24665199,26212024,250338,0,694707,7595269,5167,0,162119,0,246720,0,32804244,29160656,29560960,2116,711240
2018-05-11_22-42-33.534652790,1526071353.536828691,2018-05-11_22-42-33.541409178,1526071353.543413455,1.14,1.22,1.23,13242564162,7137019561940,24122175,58398416,48488976,21876703,25955454,22816449,24665199,26212024,251014,0,697365,7615396,5168,0,162533,0,247393,0,32804244,29160896,29560932,2116,711240
2018-05-11_22-43-03.593333274,1526071383.595517897,2018-05-11_22-43-03.600080976,1526071383.601991669,1.15,1.21,1.23,13280674248,7156007189898,24682389,58400873,48669250,21876733,25955454,22825123,24665199,26212024,251742,0,700015,7635475,5169,0,162988,0,248118,0,32804244,29160516,29561452,2116,711240
2018-05-11_22-43-33.652554842,1526071413.654660123,2018-05-11_22-43-33.659090360,1526071413.661175570,1.34,1.26,1.24,13307897614,7175014599486,24691978,58408349,48832433,22263913,25955454,22825123,24665199,26212024,252431,0,702669,7655611,5170,0,163420,0,248806,0,32804244,29158220,29560248,2116,711240
2018-05-11_22-44-03.711511788,1526071443.713563323,2018-05-11_22-44-03.718012021,1526071443.719923640,1.21,1.23,1.23,13345400020,7193830208966,24692167,58434295,48967170,22270909,25955454,22825123,25245718,26212024,253111,0,705331,7675733,5171,0,163811,0,249484,0,32804244,29158868,29559852,2116,711240
2018-05-11_22-44-33.769151731,1526071473.771407527,2018-05-11_22-44-33.775929327,1526071473.777878517,0.97,1.18,1.21,13383220058,7212683149736,24692229,58448556,49115919,22270981,25955454,22825123,25256251,26755766,253789,0,707983,7695861,5173,0,164221,0,250159,0,32804244,29160028,29561000,2116,711244
2018-05-11_22-45-03.827394818,1526071503.829406495,2018-05-11_22-45-03.833775166,1526071503.835686516,1.04,1.18,1.21,13412317600,7231392314266,24692285,58521185,49609446,22271016,25955454,22825123,25256251,26765860,254441,0,710582,7716112,5174,0,164664,0,250809,0,32804244,29159144,29559724,2116,711244
2018-05-11_22-45-33.885769501,1526071533.887914217,2018-05-11_22-45-33.892535159,1526071533.894646751,1.08,1.17,1.21,13448134246,7249655187980,24692365,59071343,49652997,22271213,25955454,22825123,25256251,26765860,255117,0,713172,7736342,5175,0,165130,0,251479,0,32804244,29146992,29547944,2116,711252
2018-05-11_22-46-03.944545564,1526071563.946771458,2018-05-11_22-46-03.951435190,1526071563.953562199,1.05,1.16,1.21,13485890540,7268568586506,24692445,59204911,49691851,22271306,26500413,22825123,25256251,26765860,255784,0,715816,7756473,5179,0,165550,0,252144,0,32804244,29147748,29549288,2116,711252
2018-05-11_22-46-34.004218187,1526071594.006316916,2018-05-11_22-46-34.010734518,1526071594.012641211,1.28,1.20,1.22,13521736498,7287571402050,24692473,59350485,49711410,22271306,27053094,22825123,25256251,26765860,256447,0,718486,7776591,5183,0,165959,0,252804,0,32804244,29147736,29549108,2116,711256
2018-05-11_22-47-04.061109853,1526071624.063125828,2018-05-11_22-47-04.067844202,1526071624.069787169,1.23,1.20,1.22,13557289656,7305786351750,24692473,59945661,49711672,22271306,27064992,22825123,25256251,26765860,257095,0,721045,7796858,5186,0,166444,0,253446,0,32804244,29145900,29547732,2116,711260
2018-05-11_22-47-34.118585187,1526071654.120582805,2018-05-11_22-47-34.125406142,1526071654.127436194,1.22,1.20,1.22,13593142398,7324184601564,24692540,59983206,50207326,22271326,27064992,22825123,25256251,26765860,257728,0,723633,7817135,5188,0,166906,0,254077,0,32804244,29145620,29546316,2116,711260
2018-05-11_22-48-04.175188838,1526071684.177334288,2018-05-11_22-48-04.182112958,1526071684.184165467,1.22,1.20,1.22,13629041860,7343238382918,24692548,60060249,50303503,22271341,27064992,22825123,25256251,27307783,258369,0,726291,7837288,5189,0,167309,0,254713,0,32804244,29146424,29547052,2116,711260
2018-05-11_22-48-34.233956138,1526071714.236095043,2018-05-11_22-48-34.240909431,1526071714.242912384,1.33,1.22,1.23,13664448138,7362206876742,24692927,60066149,50459142,22271673,27064992,22825123,25789552,27320981,259042,0,728960,7857409,5191,0,167707,0,255384,0,32804244,29155860,29556808,2116,711260
2018-05-11_22-49-04.291008547,1526071744.293052280,2018-05-11_22-49-04.297458091,1526071744.299433333,1.34,1.24,1.23,13701126608,7381443482772,24692986,60192075,50518416,22826732,27064992,22825123,25803018,27320981,259730,0,731628,7877501,5191,0,168131,0,256070,0,32804244,29153812,29555680,2116,711260
2018-05-11_22-49-34.347988408,1526071774.350017490,2018-05-11_22-49-34.354500564,1526071774.356468820,1.36,1.25,1.23,13737394646,7400423422478,25232155,60363457,50520723,22841328,27064992,22825123,25803018,27320981,260430,0,734283,7897576,5192,0,168566,0,256767,0,32804244,29148012,29549332,2116,711260
2018-05-11_22-50-04.406497719,1526071804.408735243,2018-05-11_22-50-04.413535548,1526071804.415650500,1.22,1.22,1.23,13773354460,7419306613874,25247325,60485604,50559035,22841798,27064992,23362877,25803018,27320981,261123,0,736955,7917680,5194,0,168947,0,257456,0,32804244,29147304,29548536,2116,711272
2018-05-11_22-50-34.466246206,1526071834.468413219,2018-05-11_22-50-34.473186386,1526071834.475277349,1.13,1.20,1.22,13811194530,7438194816052,25247753,60494042,50711798,22842142,27064992,23917998,25803018,27320981,261820,0,739618,7937782,5198,0,169333,0,258151,0,32804244,29144644,29545984,2116,711272
2018-05-11_22-51-04.527057229,1526071864.529140176,2018-05-11_22-51-04.533943271,1526071864.535961838,1.34,1.25,1.23,13849057256,7457189636862,25794169,60509950,50870284,22842328,27064992,23933249,25803018,27320981,262524,0,742290,7957857,5200,0,169767,0,258853,0,32804244,29142328,29543296,2116,711272
2018-05-11_22-51-34.585188375,1526071894.587263625,2018-05-11_22-51-34.591603053,1526071894.593539316,1.21,1.22,1.23,13869850926,7476439917624,25810724,60528850,51039787,23149045,27064992,23933249,25803018,27320981,263156,0,744948,7978051,5202,0,170191,0,259481,0,32804244,29139484,29541024,2116,711272
2018-05-11_22-52-04.641858515,1526071924.644120300,2018-05-11_22-52-04.648746705,1526071924.650691758,1.05,1.18,1.21,13907242228,7495610233852,25811280,60542826,51190810,23158814,27064992,23933249,26350588,27320981,263827,0,747604,7998182,5203,0,170581,0,260151,0,32804244,29135568,29536908,2116,711272
2018-05-11_22-52-34.700344157,1526071954.702490942,2018-05-11_22-52-34.706980916,1526071954.709068172,1.08,1.18,1.21,13935581434,7514786793854,25811640,60545380,51365662,23552823,27064992,23933249,26367154,27320981,264488,0,750263,8018322,5205,0,171005,0,260810,0,32804244,29135852,29537192,2116,711272
2018-05-11_22-53-04.758313838,1526071984.760482815,2018-05-11_22-53-04.765272893,1526071984.767244340,1.05,1.16,1.21,13973336192,7533669050050,25811999,60554023,51517446,23565781,27064992,23933249,26905381,27320981,265177,0,752934,8038434,5206,0,171378,0,261496,0,32804244,29134836,29536180,2116,711276
2018-05-11_22-53-34.816655772,1526072014.818829287,2018-05-11_22-53-34.823391754,1526072014.825406255,1.25,1.20,1.22,14011262726,7552528509884,25812825,60573209,51657859,23566484,27064992,24466667,26922666,27320981,265865,0,755585,8058539,5208,0,171776,0,262179,0,32804244,29119780,29520816,2116,711284
2018-05-11_22-54-04.876609585,1526072044.878544829,2018-05-11_22-54-04.882913961,1526072044.884739541,1.14,1.18,1.21,14049373772,7571595284928,26360848,60592854,51814800,23566858,27064992,24484353,26922666,27320981,266562,0,758251,8078618,5210,0,172214,0,262874,0,32804244,29121316,29522384,2116,711284
2018-05-11_22-54-34.935396796,1526072074.937581869,2018-05-11_22-54-34.942154305,1526072074.944148309,1.15,1.18,1.21,14085732114,7590688158370,26918761,60615253,51978851,23567331,27064992,24484353,26922666,27320981,267263,0,760915,8098687,5211,0,172669,0,263571,0,32804244,29119088,29520608,2116,711292
2018-05-11_22-55-04.992743235,1526072104.995031751,2018-05-11_22-55-04.999735233,1526072105.001883845,1.22,1.19,1.22,14121234520,7609653640410,26938124,60629848,52126991,23567834,27064992,25013259,26922666,27320981,268175,0,764017,8118801,5213,0,173053,0,264478,0,32804244,29117232,29518592,2116,711296
2018-05-11_22-55-35.052052913,1526072135.054073938,2018-05-11_22-55-35.058550909,1526072135.060646216,1.26,1.21,1.22,14156931550,7628710690444,26938578,60774378,52143743,23568485,27064992,25032099,27457316,27320981,268881,0,766683,8138914,5216,0,173449,0,265181,0,32804244,29106964,29508012,2116,711300
2018-05-11_22-56-05.109510727,1526072165.111745324,2018-05-11_22-56-05.116481968,1526072165.118449395,1.31,1.22,1.23,14193607460,7647817296214,26938842,60957675,52149459,24122234,27064992,25032099,27476743,27320981,269585,0,769340,8159012,5221,0,173888,0,265881,0,32804244,29106604,29507960,2116,711300
2018-05-11_22-56-35.167235429,1526072195.169456905,2018-05-11_22-56-35.174210406,1526072195.176227796,1.05,1.17,1.21,14229379498,7666647000036,26939150,61103645,52691652,24143843,27064992,25032099,27476743,27320981,270265,0,771996,8179165,5222,0,174287,0,266559,0,32804244,29117340,29518672,2116,711296
2018-05-11_22-57-05.224590738,1526072225.226677261,2018-05-11_22-57-05.231248659,1526072225.233345670,1.21,1.20,1.22,14264871408,7685619986474,26939515,61257039,52721135,24144190,27064992,25032099,27476743,27847810,270951,0,774664,8199298,5222,0,174673,0,267243,0,32804244,29116164,29517236,2116,711296
2018-05-11_22-57-35.282753110,1526072255.284924166,2018-05-11_22-57-35.289661622,1526072255.291798773,1.34,1.23,1.23,14300691766,7704608612140,26940063,61404081,52738708,24144696,27597774,25032099,27476743,27868210,271629,0,777335,8219435,5224,0,175063,0,267918,0,32804244,29116572,29517584,2116,711296
2018-05-11_22-58-05.341105465,1526072285.343136909,2018-05-11_22-58-05.347686001,1526072285.349793303,1.27,1.22,1.23,14336739900,7722886578602,26940262,62002441,52744516,24144904,27618936,25032099,27476743,27868210,272243,0,779907,8239744,5227,0,175541,0,268531,0,32804244,29116044,29517116,2116,711296
2018-05-11_22-58-35.398721220,1526072315.400943956,2018-05-11_22-58-35.405585545,1526072315.407638761,1.30,1.23,1.23,14373286530,7741304857282,26940392,62611186,52748030,24145002,27618936,25032099,27476743,27868210,272870,0,782469,8260064,5227,0,176023,0,269155,0,32804244,29116720,29517776,2116,711296
2018-05-11_22-59-05.457229956,1526072345.459290552,2018-05-11_22-59-05.463972695,1526072345.466107898,1.24,1.22,1.23,14410855246,7760188646544,26941045,62740458,52798093,24145810,28151515,25032099,27476743,27868210,273549,0,785128,8280195,5229,0,176418,0,269831,0,32804244,29115960,29517064,2116,711296
2018-05-11_22-59-35.516739102,1526072375.519017016,2018-05-11_22-59-35.523705795,1526072375.525667477,1.28,1.23,1.23,14448942868,7779248344868,26941645,62752396,52948674,24146387,28173949,25032099,27476743,28403188,274209,0,787794,8300332,5232,0,176810,0,270488,0,32804244,29118004,29519328,2116,711296
2018-05-11_23-00-05.574940636,1526072405.576819234,2018-05-11_23-00-05.581189250,1526072405.583107722,1.25,1.23,1.23,14478977946,7797590923674,26941928,62759254,53516050,24146847,28173949,25032099,27476743,28425902,274836,0,790368,8320631,5236,0,177273,0,271111,0,32804244,29118144,29519520,2116,711300
2018-05-11_23-00-35.631965871,1526072435.634028156,2018-05-11_23-00-35.638561368,1526072435.640580043,0.96,1.16,1.21,14515782880,7816221289980,26942758,63315825,53640224,24148603,28173949,25032099,27476743,28425902,275480,0,792982,8340840,5239,0,177707,0,271752,0,32804244,29116752,29518068,2116,711304
2018-05-11_23-01-05.693423064,1526072465.695513640,2018-05-11_23-01-05.700006525,1526072465.702115624,1.18,1.19,1.22,14553386854,7835118603552,26944274,63386377,53753327,24150278,28706936,25032099,27476743,28425902,276145,0,795645,8360972,5245,0,178107,0,272414,0,32804244,29115528,29516260,2116,711308
2018-05-11_23-01-35.752859997,1526072495.754896690,2018-05-11_23-01-35.759406647,1526072495.761315821,1.30,1.22,1.23,14591029356,7854029949730,26944372,63404768,53897150,24150326,28730891,25032099,27476743,28951756,276815,0,798310,8381089,5247,0,178504,0,273077,0,32804244,29103956,29505012,2116,711320
2018-05-11_23-02-05.811176217,1526072525.813196929,2018-05-11_23-02-05.817894922,1526072525.819866304,1.38,1.25,1.23,14621146930,7872510581936,26944430,63404814,54460207,24150455,28730891,25032099,27476743,28975677,277437,0,800888,8401384,5251,0,178972,0,273698,0,32804244,29103788,29504892,2116,711328
2018-05-11_23-02-35.867873414,1526072555.869906589,2018-05-11_23-02-35.874343124,1526072555.876279992,1.34,1.26,1.24,14656678584,7890743549784,26944477,63406606,55066131,24150537,28730891,25032099,27476743,28975677,278068,0,803453,8421665,5252,0,179453,0,274323,0,32804244,29104120,29505248,2116,711332
2018-05-11_23-03-05.926487374,1526072585.928692276,2018-05-11_23-03-05.933296804,1526072585.935366645,1.47,1.29,1.25,14692141566,7909671747124,26944548,63407556,55249789,24150667,28730891,25032099,27476743,29498090,278723,0,806115,8441799,5254,0,179857,0,274975,0,32804244,29105764,29506872,2116,711336
2018-05-11_23-03-35.986155797,1526072615.988322343,2018-05-11_23-03-35.993003372,1526072615.995047702,1.35,1.28,1.25,14727856516,7928638377216,26944835,63419083,55403746,24151178,29257395,25032099,27476743,29523174,279376,0,808781,8461936,5255,0,180256,0,275626,0,32804244,29103456,29504808,2116,711336
2018-05-11_23-04-06.043484138,1526072646.045522473,2018-05-11_23-04-06.049862541,1526072646.051842347,1.42,1.30,1.25,14762990986,7946743822314,26945175,64003933,55416547,24151740,29283235,25032099,27476743,29523174,280028,0,811348,8482196,5258,0,180732,0,276272,0,32804244,29104392,29506080,2116,711336
2018-05-11_23-04-36.099788957,1526072676.101787138,2018-05-11_23-04-36.106567436,1526072676.108588868,1.33,1.29,1.25,14799212560,7965739651786,27475625,64207064,55418619,24151977,29283235,25032099,27476743,29523174,280708,0,814000,8502302,5261,0,181184,0,276949,0,32804244,29116844,29517912,2116,711332
2018-05-11_23-05-06.158037599,1526072706.160221417,2018-05-11_23-05-06.164946323,1526072706.166902327,1.33,1.29,1.25,14834992086,7984689568584,27503462,64350299,55440584,24152837,29283235,25557536,27476743,29523174,281361,0,816656,8522445,5265,0,181579,0,277600,0,32804244,29116340,29517448,2116,711332
2018-05-11_23-05-36.217190944,1526072736.219442903,2018-05-11_23-05-36.224013499,1526072736.226103271,1.28,1.28,1.25,14871011420,8003855584862,27504101,64495322,55460257,24153595,29283235,25584750,28001554,29523174,282009,0,819327,8542595,5267,0,181962,0,278246,0,32804244,29116884,29517744,2116,711332
2018-05-11_23-06-06.275226352,1526072766.277277980,2018-05-11_23-06-06.281943273,1526072766.283846122,1.23,1.27,1.24,14907065122,8022858817724,27504689,64657715,55472418,24689123,29283235,25584750,28029057,29523174,282698,0,821985,8562695,5268,0,182395,0,278933,0,32804244,29116768,29518456,2116,711332
2018-05-11_23-06-36.332083804,1526072796.334089301,2018-05-11_23-06-36.338182508,1526072796.340152099,1.23,1.26,1.24,14928128872,8042115052862,27505002,64712068,55604784,25017862,29283235,25584750,28029057,29523174,283322,0,824653,8582894,5269,0,182813,0,279555,0,32804244,29116728,29518156,2116,711332
2018-05-11_23-07-06.388454617,1526072826.390493276,2018-05-11_23-07-06.394935926,1526072826.396808564,1.47,1.32,1.26,14964727982,8061009602162,27505628,64725971,55751812,25035262,29283235,25584750,28586731,29523174,283991,0,827325,8603019,5270,0,183192,0,280222,0,32804244,29115928,29516968,2116,711332
2018-05-11_23-07-36.446967791,1526072856.449061921,2018-05-11_23-07-36.453807655,1526072856.455930681,1.34,1.30,1.26,15002501300,8079875153576,27505960,64735738,55902326,25035860,29283235,26109921,28617206,29523174,284672,0,829988,8623130,5271,0,183579,0,280900,0,32804244,29115956,29517212,2116,711332
2018-05-11_23-08-06.505623175,1526072886.507686178,2018-05-11_23-08-06.512161984,1526072886.514118173,1.39,1.32,1.26,15040855226,8099019127848,28037915,64901710,55906116,25036138,29283235,26138905,28617206,29523174,285375,0,832644,8643218,5273,0,184010,0,281602,0,32804244,29115580,29517556,2116,711332
2018-05-11_23-08-36.563185424,1526072916.565426647,2018-05-11_23-08-36.570340089,1526072916.572401668,1.30,1.31,1.26,15078492800,8117906503002,28068626,65059125,55909265,25036347,29283235,26660161,28617206,29523174,286047,0,835301,8663337,5276,0,184415,0,282272,0,32804244,29115960,29518168,2116,711332
2018-05-11_23-09-06.622558511,1526072946.624718384,2018-05-11_23-09-06.629448733,1526072946.631435094,1.35,1.32,1.27,15116757382,8136960600038,28607558,65241587,55910094,25036396,29283235,26690001,28617206,29523174,286728,0,837972,8683432,5279,0,184847,0,282951,0,32804244,29116516,29517668,2116,711336
2018-05-11_23-09-36.680462352,1526072976.682481577,2018-05-11_23-09-36.686881179,1526072976.688820885,1.33,1.32,1.27,15137886412,8156101706344,28639443,65408971,55915171,25332831,29283235,26690001,28617206,29523174,287573,0,841060,8703611,5281,0,185282,0,283792,0,32804244,29103372,29505068,2116,711344
2018-05-11_23-10-06.739108352,1526073006.741256737,2018-05-11_23-10-06.745963911,1526073006.747944580,1.20,1.29,1.26,15174808594,8174974946460,28639706,65438804,56046275,25350661,29283235,26690001,29138890,29523174,288293,0,843748,8723737,5282,0,185670,0,284508,0,32804244,29104368,29505492,2116,711348
2018-05-11_23-10-36.799055096,1526073036.801132975,2018-05-11_23-10-36.805596963,1526073036.807619746,1.12,1.26,1.25,15210311960,8193928403296,28639994,65443937,56204587,25351018,29283235,26690001,29685717,29523174,288975,0,846411,8743864,5284,0,186072,0,285186,0,32804244,29104280,29505708,2116,711356
2018-05-11_23-11-06.856411456,1526073066.858596425,2018-05-11_23-11-06.863095257,1526073066.865112839,1.07,1.24,1.24,15246502110,8212882864754,28640311,65505234,56315377,25870629,29283235,26690001,29716827,29523174,289700,0,849071,8763948,5286,0,186500,0,285905,0,32804244,29104904,29506080,2116,711356
2018-05-11_23-11-36.914365173,1526073096.916557496,2018-05-11_23-11-36.921276840,1526073096.923254390,1.10,1.23,1.24,15283677860,8232250432778,29183648,65698641,56322033,25902628,29283235,26690001,29716827,29523174,290377,0,851757,8784071,5286,0,186927,0,286580,0,32804244,29103848,29505824,2116,711360
2018-05-11_23-12-06.971633327,1526073126.973807893,2018-05-11_23-12-06.978464932,1526073126.980350802,1.06,1.21,1.23,15319759082,8251178309314,29217723,65828209,56356298,25902733,29283235,27211263,29716827,29523174,291056,0,854431,8804200,5287,0,187328,0,287254,0,32804244,29104224,29505092,2116,711360
2018-05-11_23-12-37.030926036,1526073157.032949414,2018-05-11_23-12-37.037430389,1526073157.039298277,1.17,1.22,1.23,15355178032,8270080437882,29218505,65976916,56368124,25903598,29796753,27243384,29716827,29523174,291741,0,857108,8824325,5289,0,187717,0,287936,0,32804244,29116240,29517948,2116,711356
2018-05-11_23-13-07.089780249,1526073187.091958177,2018-05-11_23-13-07.096502559,1526073187.098660953,1.16,1.22,1.23,15390284534,8288311620346,29218506,66494554,56370304,25903598,29829484,27243384,29716827,29523174,292393,0,859672,8844601,5293,0,188203,0,288586,0,32804244,29116320,29517780,2116,711356
2018-05-11_23-13-37.148683739,1526073217.150938159,2018-05-11_23-13-37.155608688,1526073217.157658048,1.17,1.21,1.23,15426386556,8307115329958,29218672,66655340,56908843,25904428,29829484,27243384,29716827,29523174,293076,0,862305,8864765,5298,0,188618,0,289266,0,32804244,29116524,29517680,2116,711356
2018-05-11_23-14-07.208904492,1526073247.211084951,2018-05-11_23-14-07.215765766,1526073247.217886078,1.10,1.19,1.22,15462058114,8326015145328,29218789,66814470,56945737,25904604,29829484,27243384,29716827,30040763,293747,0,864964,8884902,5299,0,189010,0,289935,0,32804244,29116652,29518012,2116,711356
2018-05-11_23-14-37.266606072,1526073277.268881228,2018-05-11_23-14-37.273661079,1526073277.275744559,1.20,1.21,1.23,15499835656,8344993929956,29219068,66970902,56954242,25904948,29829484,27243384,29716827,30596971,294409,0,867623,8905043,5301,0,189404,0,290594,0,32804244,29116864,29518288,2116,711356
2018-05-11_23-15-07.326833522,1526073307.328761206,2018-05-11_23-15-07.333271162,1526073307.335301958,1.07,1.17,1.21,15529424270,8363443798450,29219170,67002639,57467381,25905235,29829484,27243384,29716827,30631770,295044,0,870221,8925326,5301,0,189853,0,291227,0,32804244,29116312,29517736,2116,711356
2018-05-11_23-15-37.385275081,1526073337.387266826,2018-05-11_23-15-37.391598407,1526073337.393554334,1.19,1.19,1.22,15565485908,8381962109088,29219288,67539212,57573891,25905384,29829484,27243384,29716827,30631770,295695,0,872833,8945557,5302,0,190288,0,291876,0,32804244,29116100,29517000,2116,711360
2018-05-11_23-16-07.443650646,1526073367.445889173,2018-05-11_23-16-07.450393617,1526073367.452312641,1.26,1.20,1.22,15603349082,8401042941852,29219371,67684807,57618325,25905394,30348111,27243384,29716827,30631770,296349,0,875486,8965705,5304,0,190682,0,292529,0,32804244,29115480,29517168,2116,711360
2018-05-11_23-16-37.503261475,1526073397.505357262,2018-05-11_23-16-37.509792686,1526073397.511758967,1.00,1.15,1.21,15638968480,8420024727558,29219621,67764459,57702316,25905524,30896329,27243384,29716827,30631770,297013,0,878165,8985848,5305,0,191056,0,293189,0,32804244,29115788,29517176,2116,711360
2018-05-11_23-17-07.559973269,1526073427.562176036,2018-05-11_23-17-07.567009050,1526073427.568936330,0.81,1.09,1.18,15674552422,8438519556358,29219954,68326124,57769128,25906522,30932179,27243384,29716827,30631770,297672,0,880759,9006064,5306,0,191509,0,293846,0,32804244,29115816,29517164,2116,711364
2018-05-11_23-17-37.621587750,1526073457.623696044,2018-05-11_23-17-37.628477033,1526073457.630616851,1.02,1.11,1.19,15710683180,8456955806400,29220158,68404127,58336554,25906933,30932179,27243384,29716827,30631770,298300,0,883351,9026325,5308,0,191966,0,294470,0,32804244,29103412,29504840,2116,711372
2018-05-11_23-18-07.681193996,1526073487.683327179,2018-05-11_23-18-07.688084617,1526073487.690166205,0.95,1.09,1.18,15746724338,8475808456598,29220513,68543943,58388014,25907307,30932179,27243384,29716827,31148443,298965,0,886006,9046463,5311,0,192365,0,295133,0,32804244,29103964,29505076,2116,711372
2018-05-11_23-18-37.739242633,1526073517.741463963,2018-05-11_23-18-37.746131483,1526073517.748176986,1.02,1.09,1.18,15784362808,8494707781858,29220929,68689054,58402170,25907961,30932179,27243384,29716827,31736247,299636,0,888671,9066571,5314,0,192776,0,295799,0,32804244,29104248,29505952,2116,711376
2018-05-11_23-19-07.799960879,1526073547.802110021,2018-05-11_23-19-07.806668716,1526073547.808625239,1.16,1.12,1.18,15813975998,8513324942708,29221201,68759487,58887286,25908105,30932179,27243384,29716827,31776146,300271,0,891290,9086819,5315,0,193214,0,296431,0,32804244,29103840,29505836,2116,711380
2018-05-11_23-19-37.858697983,1526073577.860850687,2018-05-11_23-19-37.865414848,1526073577.867424001,1.16,1.12,1.18,15850169604,8531877034166,29221247,69290085,58981143,25908148,30932179,27243384,29716827,31776146,300921,0,893873,9107057,5316,0,193672,0,297078,0,32804244,29104880,29506304,2116,711380
2018-05-11_23-20-07.916408846,1526073607.918544356,2018-05-11_23-20-07.923344445,1526073607.925348811,1.17,1.13,1.18,15888044554,8550821508630,29221366,69473407,58989642,25908296,31454963,27243384,29716827,31776146,301575,0,896532,9127197,5319,0,194085,0,297726,0,32804244,29103820,29505556,2116,711400
2018-05-11_23-20-37.974599469,1526073637.976678228,2018-05-11_23-20-37.981276955,1526073637.983341345,1.11,1.11,1.18,15926000848,8569740969052,29221674,69594193,59030075,25908510,31494371,27757632,29716827,31776146,302235,0,899190,9147322,5324,0,194484,0,298384,0,32804244,29117556,29518452,2116,711400
2018-05-11_23-21-08.032952242,1526073668.034844551,2018-05-11_23-21-08.039354867,1526073668.041374439,1.25,1.15,1.19,15965109974,8588772370194,29790883,69742174,59059364,25908621,31494371,27796430,29716827,31776146,302926,0,901854,9167410,5327,0,194927,0,299072,0,32804244,29115544,29516704,2116,711392
2018-05-11_23-21-38.091169301,1526073698.093017331,2018-05-11_23-21-38.097221586,1526073698.099274717,1.20,1.15,1.19,15986766236,8607900350972,29834347,69892835,59086361,26202745,31494371,27796430,29716827,31776146,303573,0,904513,9187595,5328,0,195342,0,299717,0,32804244,29117064,29518588,2116,711392
2018-05-11_23-22-08.148083374,1526073728.150108586,2018-05-11_23-22-08.154480968,1526073728.156632065,1.20,1.15,1.19,16022121314,8626855794486,29834660,70048519,59093863,26225929,31494371,27796430,30233453,31776146,304232,0,907172,9207731,5330,0,195737,0,300374,0,32804244,29114920,29516396,2116,711392
2018-05-11_23-22-38.206020065,1526073758.208101147,2018-05-11_23-22-38.212581915,1526073758.214542939,1.17,1.15,1.18,16058157544,8646014715946,29834818,70209258,59097646,26226039,31494371,27796430,30785430,31776146,304881,0,909840,9227878,5334,0,196119,0,301021,0,32804244,29115264,29516488,2116,711396
2018-05-11_23-23-08.263938913,1526073788.266078878,2018-05-11_23-23-08.270399689,1526073788.272354082,1.16,1.15,1.18,16094336686,8665048058130,29834841,70383133,59098772,26750362,31494371,27796430,30826204,31776146,305575,0,912499,9247960,5337,0,196558,0,301713,0,32804244,29115428,29516608,2116,711396
2018-05-11_23-23-38.320630225,1526073818.322689997,2018-05-11_23-23-38.327032354,1526073818.328991854,1.28,1.19,1.19,16130432180,8684123156036,30347720,70557197,59101780,26792751,31494371,27796430,30826204,31776146,306264,0,915168,9268057,5338,0,196982,0,302399,0,32804244,29116400,29518144,2116,711396
2018-05-11_23-24-08.377046547,1526073848.379152833,2018-05-11_23-24-08.383638854,1526073848.385476596,1.25,1.19,1.19,16166593338,8703099521144,30389876,70719795,59102100,26792751,31494371,28316943,30826204,31776146,307055,0,918148,9288178,5339,0,197372,0,303188,0,32804244,29114444,29516096,2116,711396
2018-05-11_23-24-38.435441691,1526073878.437506663,2018-05-11_23-24-38.441876623,1526073878.443994146,1.45,1.25,1.22,16202711936,8722083528676,30899606,70890776,59104564,26792937,31494371,28360135,30826204,31776146,307867,0,920936,9308271,5341,0,197809,0,303998,0,32804244,29116372,29517628,2116,711396
2018-05-11_23-25-08.491913690,1526073908.494035843,2018-05-11_23-25-08.498551817,1526073908.500562327,1.33,1.24,1.21,16238132742,8740965921542,30941927,70953364,59204468,26793935,31494371,28865310,30826204,31776146,308595,0,923597,9328357,5342,0,198208,0,304722,0,32804244,29114408,29515828,2116,711396
