StartTime,StartEpoch,EndTime,EndEpoch,CPULoad1m,CPULoad5m,CPULoad5m,NetDevRX,NetDevTX,IRQens2-0,IRQens2-1,IRQens2-2,IRQens2-3,IRQens2-4,IRQens2-5,IRQens2-6,IRQens2-7,user,nice,system,idle,iowait,irq,softirq,steal,guest,guest_nice,MemTotal,MemFree,MemAvailable,Buffers,Cached
2018-05-16_10-03-47.465854898,1526457827.467905093,2018-05-16_10-03-47.472004178,1526457827.473756654,1.12,1.54,1.63,3434,64,5,0,0,0,0,8,0,0,2068198,6,1531673,37665770,9672,0,559,0,1922794,0,32804244,13800960,14301832,2116,815816
2018-05-16_10-04-17.517198766,1526457857.518984284,2018-05-16_10-04-17.522833785,1526457857.524559472,1.47,1.58,1.64,3434,64,5,0,0,0,0,8,0,0,2071746,6,1534149,37683753,9674,0,560,0,1926338,0,32804244,13800848,14301732,2116,815828
2018-05-16_10-04-47.568477993,1526457887.570404505,2018-05-16_10-04-47.574414059,1526457887.576160821,1.68,1.62,1.65,3434,64,5,0,0,0,0,8,0,0,2075418,6,1536502,37701733,9679,0,560,0,1930003,0,32804244,13801088,14301984,2116,815840
2018-05-16_10-05-17.620061235,1526457917.622032807,2018-05-16_10-05-17.626019819,1526457917.627766823,1.65,1.62,1.65,3434,64,5,0,0,0,0,8,0,0,2078805,6,1538358,37720498,9683,0,561,0,1933386,0,32804244,13813648,14314544,2116,815836
2018-05-16_10-05-47.671418253,1526457947.673192153,2018-05-16_10-05-47.677078339,1526457947.678825590,1.55,1.60,1.64,3434,64,5,0,0,0,0,8,0,0,2081848,6,1539127,37740702,9685,0,561,0,1936426,0,32804244,13813620,14314520,2116,815840
2018-05-16_10-06-17.722605392,1526457977.724423898,2018-05-16_10-06-17.728304468,1526457977.730046053,1.65,1.62,1.65,3434,64,5,0,0,0,0,8,0,0,2085503,6,1541487,37758692,9689,0,561,0,1940075,0,32804244,13813904,14314808,2116,815844
2018-05-16_10-06-47.773515612,1526458007.775380028,2018-05-16_10-06-47.779300823,1526458007.781047369,1.71,1.64,1.65,3434,64,5,0,0,0,0,8,0,0,2088942,6,1543301,37777448,9691,0,561,0,1943510,0,32804244,13813532,14314436,2116,815844
2018-05-16_10-07-17.824615558,1526458037.826412363,2018-05-16_10-07-17.830314270,1526458037.832055188,1.51,1.59,1.64,3434,64,5,0,0,0,0,8,0,0,2091996,6,1544021,37797690,9693,0,562,0,1946560,0,32804244,13813172,14314336,2116,815844
2018-05-16_10-07-47.875591647,1526458067.877366657,2018-05-16_10-07-47.881335767,1526458067.883108886,1.70,1.63,1.65,3434,64,5,0,0,0,0,8,0,0,2095754,6,1546278,37815690,9693,0,562,0,1950315,0,32804244,13813076,14313716,2116,815844
2018-05-16_10-08-17.926556648,1526458097.928340546,2018-05-16_10-08-17.932208979,1526458097.933943899,1.82,1.67,1.66,3434,64,5,0,0,0,0,8,0,0,2099430,6,1548618,37833682,9694,0,563,0,1953985,0,32804244,13812776,14313684,2116,815848
2018-05-16_10-08-47.977517526,1526458127.979287674,2018-05-16_10-08-47.983166670,1526458127.984917988,1.89,1.70,1.67,3434,64,5,0,0,0,0,8,0,0,2103107,6,1550951,37851683,9695,0,563,0,1957660,0,32804244,13812816,14313724,2116,815848
2018-05-16_10-09-18.028417795,1526458158.030208178,2018-05-16_10-09-18.034094943,1526458158.035834799,1.85,1.71,1.68,3434,64,5,0,0,0,0,8,0,0,2106625,6,1552720,37870408,9697,0,563,0,1961172,0,32804244,13812944,14313852,2116,815848
2018-05-16_10-09-48.079351506,1526458188.081371185,2018-05-16_10-09-48.085431104,1526458188.087168053,1.60,1.66,1.66,3434,64,5,0,0,0,0,8,0,0,2109647,6,1553509,37890611,9698,0,563,0,1964190,0,32804244,13813052,14313968,2116,815856
2018-05-16_10-10-18.130737956,1526458218.132519088,2018-05-16_10-10-18.136404385,1526458218.138144909,1.76,1.69,1.68,3434,64,5,0,0,0,0,8,0,0,2113194,6,1555996,37908576,9703,0,564,0,1967730,0,32804244,13800372,14301576,2116,815888
2018-05-16_10-10-48.181745512,1526458248.183530766,2018-05-16_10-10-48.187430770,1526458248.189178160,1.77,1.71,1.68,3434,64,5,0,0,0,0,8,0,0,2116602,6,1557893,37927275,9708,0,564,0,1971134,0,32804244,13799972,14301176,2116,815892
2018-05-16_10-11-18.232961557,1526458278.234754055,2018-05-16_10-11-18.238673998,1526458278.240431874,1.55,1.66,1.67,3434,64,5,0,0,0,0,8,0,0,2119568,6,1558677,37947537,9712,0,564,0,1974093,0,32804244,13800988,14301952,2116,815908
2018-05-16_10-11-48.284307218,1526458308.286130359,2018-05-16_10-11-48.290120467,1526458308.291865480,1.73,1.69,1.68,3434,64,5,0,0,0,0,8,0,0,2122838,6,1561422,37965526,9720,0,564,0,1977357,0,32804244,13800804,14301776,2116,815916
2018-05-16_10-12-18.336178929,1526458338.337975426,2018-05-16_10-12-18.341857894,1526458338.343587493,1.83,1.72,1.69,3434,64,5,0,0,0,0,8,0,0,2126068,6,1564216,37983511,9722,0,564,0,1980582,0,32804244,13800904,14302152,2116,815932
2018-05-16_10-12-48.387379446,1526458368.389163628,2018-05-16_10-12-48.393098346,1526458368.394953260,1.82,1.73,1.69,3434,64,5,0,0,0,0,8,0,0,2129270,6,1567031,38001499,9726,0,565,0,1983779,0,32804244,13801040,14302036,2116,815940
2018-05-16_10-13-18.438989812,1526458398.441021032,2018-05-16_10-13-18.445141562,1526458398.446898927,1.81,1.74,1.69,3434,64,5,0,0,0,0,8,0,0,2132378,6,1569253,38020182,9727,0,565,0,1986882,0,32804244,13812648,14313644,2116,815936
2018-05-16_10-13-48.490727523,1526458428.492508001,2018-05-16_10-13-48.496385530,1526458428.498128159,1.57,1.68,1.68,3434,64,5,0,0,0,0,8,0,0,2135308,6,1570025,38040491,9732,0,565,0,1989808,0,32804244,13812600,14313600,2116,815940
2018-05-16_10-14-18.542283651,1526458458.544090186,2018-05-16_10-14-18.547998488,1526458458.549752557,1.74,1.71,1.69,3434,64,5,0,0,0,0,8,0,0,2138537,6,1572832,38058460,9734,0,566,0,1993033,0,32804244,13813456,14314460,2116,815944
2018-05-16_10-14-48.593429015,1526458488.595211140,2018-05-16_10-14-48.599104058,1526458488.600852573,1.84,1.74,1.70,3434,64,5,0,0,0,0,8,0,0,2141799,6,1575581,38076454,9737,0,566,0,1996292,0,32804244,13812832,14314104,2116,815952
2018-05-16_10-15-18.644832533,1526458518.646625719,2018-05-16_10-15-18.650537021,1526458518.652287778,1.82,1.75,1.70,3434,64,5,0,0,0,0,8,0,0,2145009,6,1578383,38094448,9742,0,566,0,1999498,0,32804244,13810664,14311676,2116,815952
2018-05-16_10-15-48.695890661,1526458548.697677404,2018-05-16_10-15-48.701562584,1526458548.703303370,1.89,1.77,1.71,3434,64,5,0,0,0,0,8,0,0,2148208,6,1581195,38112447,9744,0,567,0,2002694,0,32804244,13812516,14313528,2116,815952
2018-05-16_10-16-18.746969380,1526458578.748779899,2018-05-16_10-16-18.752651996,1526458578.754404116,1.86,1.78,1.71,3434,64,5,0,0,0,0,8,0,0,2151350,6,1583418,38131095,9748,0,567,0,2005830,0,32804244,13812588,14313604,2116,815956
2018-05-16_10-16-48.798025485,1526458608.799898720,2018-05-16_10-16-48.803805356,1526458608.805534461,1.60,1.72,1.69,3434,64,5,0,0,0,0,8,0,0,2154258,6,1584179,38151445,9750,0,568,0,2008733,0,32804244,13813036,14314052,2116,815956
2018-05-16_10-17-18.849108250,1526458638.850925763,2018-05-16_10-17-18.854828944,1526458638.856564372,1.68,1.73,1.70,3434,64,5,0,0,0,0,8,0,0,2157456,6,1586999,38169441,9750,0,568,0,2011926,0,32804244,13813180,14314196,2116,815956
2018-05-16_10-17-48.900120773,1526458668.902121742,2018-05-16_10-17-48.906177961,1526458668.907931598,1.72,1.74,1.70,3434,64,5,0,0,0,0,8,0,0,2160569,6,1589298,38188042,9751,0,568,0,2015035,0,32804244,13812664,14313688,2116,815964
2018-05-16_10-18-18.951832079,1526458698.953615178,2018-05-16_10-18-18.957509403,1526458698.959251884,1.52,1.69,1.68,3434,64,5,0,0,0,0,8,0,0,2163490,6,1590052,38208381,9755,0,568,0,2017950,0,32804244,13800104,14301132,2116,815976
2018-05-16_10-18-49.002988717,1526458729.004783644,2018-05-16_10-18-49.008686391,1526458729.010429591,1.63,1.70,1.69,3434,64,5,0,0,0,0,8,0,0,2166779,6,1592794,38226357,9757,0,569,0,2021236,0,32804244,13799940,14300944,2116,815980
2018-05-16_10-19-19.054557164,1526458759.056336335,2018-05-16_10-19-19.060214161,1526458759.061959733,1.77,1.73,1.70,3434,64,5,0,0,0,0,8,0,0,2170339,6,1595267,38244326,9761,0,569,0,2024788,0,32804244,13799728,14300508,2116,815988
2018-05-16_10-19-49.105796547,1526458789.107608360,2018-05-16_10-19-49.111606816,1526458789.113352951,1.78,1.74,1.70,3434,64,5,0,0,0,0,8,0,0,2173965,6,1597660,38262315,9767,0,570,0,2028407,0,32804244,13800068,14301128,2116,816004
2018-05-16_10-20-19.157169931,1526458819.158976364,2018-05-16_10-20-19.162882429,1526458819.164621325,1.79,1.75,1.70,3434,64,5,0,0,0,0,8,0,0,2177511,6,1599549,38280889,9768,0,570,0,2031945,0,32804244,13800392,14301464,2116,816016
2018-05-16_10-20-49.208402689,1526458849.210229217,2018-05-16_10-20-49.214221919,1526458849.215979579,1.56,1.69,1.68,3434,64,5,0,0,0,0,8,0,0,2180498,6,1600195,38301271,9770,0,570,0,2034927,0,32804244,13800140,14301220,2116,816024
2018-05-16_10-21-19.259803278,1526458879.261593277,2018-05-16_10-21-19.265499305,1526458879.267248469,1.65,1.70,1.69,3434,64,5,0,0,0,0,8,0,0,2184129,6,1602582,38319252,9776,0,571,0,2038553,0,32804244,13813056,14314152,2116,816036
2018-05-16_10-21-49.310887033,1526458909.312664829,2018-05-16_10-21-49.316558177,1526458909.318295406,1.71,1.72,1.69,3434,64,5,0,0,0,0,8,0,0,2187560,6,1604573,38337838,9779,0,571,0,2041980,0,32804244,13813076,14314172,2116,816036
2018-05-16_10-22-19.362164325,1526458939.363969831,2018-05-16_10-22-19.367899244,1526458939.369655710,1.51,1.66,1.67,3434,64,5,0,0,0,0,8,0,0,2190580,6,1605173,38358245,9780,0,571,0,2044995,0,32804244,13812960,14314060,2116,816040
2018-05-16_10-22-49.413353648,1526458969.415133630,2018-05-16_10-22-49.419024374,1526458969.420777067,1.70,1.70,1.69,3434,64,5,0,0,0,0,8,0,0,2194281,6,1607500,38376225,9781,0,571,0,2048692,0,32804244,13812656,14313760,2116,816044
2018-05-16_10-23-19.464523521,1526458999.466314237,2018-05-16_10-23-19.470289511,1526458999.472057386,1.82,1.72,1.69,3434,64,5,0,0,0,0,8,0,0,2197823,6,1609973,38394215,9783,0,572,0,2052231,0,32804244,13813020,14314132,2116,816052
2018-05-16_10-23-49.515834079,1526459029.517614788,2018-05-16_10-23-49.521517481,1526459029.523256473,1.89,1.75,1.70,3434,64,5,0,0,0,0,8,0,0,2201485,6,1612323,38412209,9785,0,572,0,2055889,0,32804244,13812888,14314000,2116,816052
2018-05-16_10-24-19.566982182,1526459059.568768652,2018-05-16_10-24-19.572642664,1526459059.574382990,1.85,1.76,1.71,3434,64,5,0,0,0,0,8,0,0,2204741,6,1614524,38430763,9787,0,572,0,2059140,0,32804244,13812680,14313800,2116,816060
2018-05-16_10-24-49.618036655,1526459089.619814380,2018-05-16_10-24-49.623697652,1526459089.625435212,1.60,1.70,1.69,3434,64,5,0,0,0,0,8,0,0,2207713,6,1615126,38451207,9788,0,572,0,2062108,0,32804244,13812868,14313988,2116,816060
2018-05-16_10-25-19.669469216,1526459119.671256418,2018-05-16_10-25-19.675159524,1526459119.676901523,1.76,1.73,1.70,3434,64,5,0,0,0,0,8,0,0,2211218,6,1617638,38469198,9788,0,572,0,2065609,0,32804244,13812728,14313848,2116,816060
2018-05-16_10-25-49.720383475,1526459149.722161921,2018-05-16_10-25-49.726022407,1526459149.727762515,1.77,1.74,1.70,3434,64,5,0,0,0,0,8,0,0,2214574,6,1619764,38487720,9789,0,572,0,2068963,0,32804244,13812360,14313492,2116,816068
2018-05-16_10-26-19.771279127,1526459179.773070109,2018-05-16_10-26-19.776959845,1526459179.778700159,1.55,1.69,1.68,3434,64,5,0,0,0,0,8,0,0,2217547,6,1620358,38508166,9794,0,573,0,2071928,0,32804244,13799540,14300684,2116,816084
2018-05-16_10-26-49.822476273,1526459209.824258447,2018-05-16_10-26-49.828157829,1526459209.829899081,1.73,1.72,1.69,3434,64,5,0,0,0,0,8,0,0,2221162,6,1622782,38526131,9795,0,573,0,2075541,0,32804244,13799592,14300736,2116,816088
2018-05-16_10-27-19.873453961,1526459239.875240407,2018-05-16_10-27-19.879107732,1526459239.880849479,1.75,1.73,1.70,3434,64,5,0,0,0,0,8,0,0,2224352,6,1625630,38544096,9800,0,573,0,2078723,0,32804244,13799496,14300656,2116,816100
2018-05-16_10-27-49.925141263,1526459269.926963204,2018-05-16_10-27-49.930971759,1526459269.932717660,1.85,1.75,1.70,3434,64,5,0,0,0,0,8,0,0,2227539,6,1628460,38562084,9805,0,573,0,2081904,0,32804244,13799740,14301172,2116,816112
2018-05-16_10-28-19.976498481,1526459299.978288743,2018-05-16_10-28-19.982175154,1526459299.983924540,1.83,1.76,1.71,3434,64,5,0,0,0,0,8,0,0,2230706,6,1630806,38580580,9809,0,573,0,2085066,0,32804244,13799960,14301132,2116,816112
2018-05-16_10-28-50.027727667,1526459330.029538843,2018-05-16_10-28-50.033535860,1526459330.035294943,1.50,1.69,1.68,3434,64,5,0,0,0,0,8,0,0,2233610,6,1631438,38601058,9809,0,574,0,2087965,0,32804244,13800264,14301448,2116,816124
2018-05-16_10-29-20.079122177,1526459360.080921079,2018-05-16_10-29-20.084828289,1526459360.086565486,1.70,1.72,1.69,3434,64,5,0,0,0,0,8,0,0,2236795,6,1634266,38619054,9811,0,574,0,2091144,0,32804244,13812420,14313612,2116,816128
2018-05-16_10-29-50.130941422,1526459390.132713249,2018-05-16_10-29-50.136581767,1526459390.138321810,1.74,1.73,1.70,3434,64,5,0,0,0,0,8,0,0,2239870,6,1636708,38637543,9817,0,574,0,2094215,0,32804244,13812016,14313208,2116,816128
2018-05-16_10-30-20.181963712,1526459420.183750626,2018-05-16_10-30-20.187642721,1526459420.189384274,1.53,1.67,1.68,3434,64,5,0,0,0,0,8,0,0,2242790,6,1637323,38658025,9820,0,575,0,2097129,0,32804244,13812308,14313516,2116,816144
2018-05-16_10-30-50.232996847,1526459450.234774837,2018-05-16_10-30-50.238645581,1526459450.240389615,1.63,1.69,1.68,3434,64,5,0,0,0,0,8,0,0,2245994,6,1640133,38676027,9822,0,575,0,2100329,0,32804244,13812028,14313496,2116,816144
2018-05-16_10-31-20.283951204,1526459480.285731032,2018-05-16_10-31-20.289597905,1526459480.291348341,1.78,1.72,1.69,3434,64,5,0,0,0,0,8,0,0,2249091,6,1643051,38694024,9824,0,575,0,2103422,0,32804244,13812148,14313360,2116,816148
2018-05-16_10-31-50.335041794,1526459510.336822324,2018-05-16_10-31-50.340673166,1526459510.342420540,1.87,1.75,1.70,3434,64,5,0,0,0,0,8,0,0,2252239,6,1645934,38712001,9825,0,576,0,2106566,0,32804244,13811952,14313164,2116,816148
2018-05-16_10-32-20.385949692,1526459540.387734538,2018-05-16_10-32-20.391622284,1526459540.393355940,1.92,1.77,1.71,3434,64,5,0,0,0,0,8,0,0,2255365,6,1648361,38730459,9829,0,577,0,2109686,0,32804244,13812404,14313884,2116,816156
2018-05-16_10-32-50.436980923,1526459570.438842181,2018-05-16_10-32-50.442756333,1526459570.444489962,1.56,1.70,1.69,3434,64,5,0,0,0,0,8,0,0,2258261,6,1648946,38750992,9833,0,577,0,2112577,0,32804244,13812340,14313564,2116,816160
2018-05-16_10-33-20.488017086,1526459600.490041753,2018-05-16_10-33-20.494020943,1526459600.495764599,1.79,1.74,1.70,3434,64,5,0,0,0,0,8,0,0,2261451,6,1651774,38768982,9837,0,578,0,2115762,0,32804244,13812532,14313760,2116,816164
2018-05-16_10-33-50.539328312,1526459630.541312519,2018-05-16_10-33-50.545684654,1526459630.547443090,1.79,1.75,1.71,3434,64,5,0,0,0,0,8,0,0,2264537,6,1654267,38787414,9838,0,578,0,2118844,0,32804244,13812284,14313512,2116,816164
2018-05-16_10-34-20.591104622,1526459660.593119787,2018-05-16_10-34-20.597144097,1526459660.598881989,1.56,1.70,1.69,3434,64,5,0,0,0,0,8,0,0,2267431,6,1654845,38807957,9840,0,579,0,2121731,0,32804244,13799216,14300456,2116,816180
2018-05-16_10-34-50.642642856,1526459690.644426152,2018-05-16_10-34-50.648319192,1526459690.650060078,1.72,1.72,1.70,3434,64,5,0,0,0,0,8,0,0,2270725,6,1657580,38825936,9842,0,579,0,2125022,0,32804244,13799340,14300584,2116,816184
2018-05-16_10-35-20.693750801,1526459720.695592765,2018-05-16_10-35-20.699493118,1526459720.701226497,1.75,1.73,1.70,3434,64,5,0,0,0,0,8,0,0,2274269,6,1660065,38843907,9848,0,580,0,2128558,0,32804244,13800188,14301440,2116,816192
2018-05-16_10-35-50.745227760,1526459750.747053533,2018-05-16_10-35-50.751055743,1526459750.752816836,1.77,1.74,1.70,3434,64,5,0,0,0,0,8,0,0,2277902,6,1662471,38861876,9851,0,580,0,2132183,0,32804244,13799268,14300792,2116,816204
2018-05-16_10-36-20.796749209,1526459780.798545461,2018-05-16_10-36-20.802433340,1526459780.804178311,1.86,1.77,1.71,3434,64,5,0,0,0,0,8,0,0,2281383,6,1664594,38880277,9856,0,580,0,2135660,0,32804244,13797844,14299116,2116,816212
2018-05-16_10-36-50.848305904,1526459810.850132778,2018-05-16_10-36-50.854135092,1526459810.855878436,1.52,1.69,1.69,3434,64,5,0,0,0,0,8,0,0,2284313,6,1665108,38900848,9858,0,581,0,2138585,0,32804244,13797856,14299144,2116,816224
2018-05-16_10-37-20.899724434,1526459840.901523675,2018-05-16_10-37-20.905422127,1526459840.907164929,1.71,1.72,1.70,3434,64,5,0,0,0,0,8,0,0,2287800,6,1667631,38918841,9861,0,581,0,2142066,0,32804244,13812304,14313600,2116,816228
2018-05-16_10-37-50.950881692,1526459870.952660964,2018-05-16_10-37-50.956550636,1526459870.958291163,1.74,1.73,1.70,3434,64,5,0,0,0,0,8,0,0,2291135,6,1669909,38937240,9861,0,581,0,2145396,0,32804244,13811828,14313384,2116,816228
2018-05-16_10-38-21.001886729,1526459901.003665538,2018-05-16_10-38-21.007544090,1526459901.009298469,1.60,1.70,1.69,3434,64,5,0,0,0,0,8,0,0,2294074,6,1670391,38957830,9867,0,582,0,2148331,0,32804244,13811816,14313376,2116,816232
2018-05-16_10-38-51.053119621,1526459931.054987373,2018-05-16_10-38-51.058874521,1526459931.060612930,1.60,1.69,1.69,3434,64,5,0,0,0,0,8,0,0,2297429,6,1672839,38976023,9869,0,582,0,2151683,0,32804244,13812316,14313616,2116,816232
2018-05-16_10-39-21.104494320,1526459961.106274921,2018-05-16_10-39-21.110205289,1526459961.111947786,1.49,1.66,1.67,3434,64,5,0,0,0,0,8,0,0,2299156,6,1675556,38995536,9870,0,582,0,2153405,0,32804244,13812192,14313496,2116,816236
2018-05-16_10-39-51.156024181,1526459991.157957099,2018-05-16_10-39-51.161858692,1526459991.163586978,1.27,1.59,1.65,3434,64,5,0,0,0,0,8,0,0,2300901,6,1678302,39015001,9874,0,582,0,2155145,0,32804244,13812736,14314032,2116,816240
2018-05-16_10-40-21.207181792,1526460021.208974868,2018-05-16_10-40-21.212849945,1526460021.214581755,1.42,1.60,1.66,3434,64,5,0,0,0,0,8,0,0,2302624,6,1680837,39034686,9876,0,582,0,2156863,0,32804244,13812264,14313596,2116,816260
2018-05-16_10-40-51.258378121,1526460051.260322276,2018-05-16_10-40-51.264218522,1526460051.265975719,1.34,1.56,1.64,3434,64,5,0,0,0,0,8,0,0,2304264,6,1682408,39055485,9878,0,582,0,2158500,0,32804244,13811992,14313328,2116,816264
2018-05-16_10-41-21.310043516,1526460081.311949845,2018-05-16_10-41-21.315864425,1526460081.317608952,1.32,1.54,1.63,3434,64,5,0,0,0,0,8,0,0,2305969,6,1685181,39074937,9881,0,583,0,2160200,0,32804244,13812540,14314136,2116,816264
2018-05-16_10-41-51.361310146,1526460111.363085406,2018-05-16_10-41-51.366947627,1526460111.368682404,1.25,1.50,1.62,3434,64,5,0,0,0,0,8,0,0,2307672,6,1687727,39094602,9884,0,583,0,2161900,0,32804244,13812144,14313484,2116,816268
2018-05-16_10-42-21.412403474,1526460141.414289222,2018-05-16_10-42-21.418416254,1526460141.420362590,1.15,1.45,1.59,3434,64,5,0,0,0,0,8,0,0,2309322,6,1689269,39115407,9886,0,583,0,2163544,0,32804244,13799244,14300596,2116,816284
2018-05-16_10-42-51.464609546,1526460171.466505365,2018-05-16_10-42-51.470459262,1526460171.472201512,1.49,1.50,1.61,3434,64,5,0,0,0,0,8,0,0,2311228,6,1691916,39134748,9892,0,583,0,2165448,0,32804244,13800032,14301124,2116,816288
2018-05-16_10-43-21.515939160,1526460201.517742247,2018-05-16_10-43-21.521631812,1526460201.523371966,1.61,1.54,1.61,3434,64,5,0,0,0,0,8,0,0,2314392,6,1694788,39152719,9894,0,583,0,2168606,0,32804244,13800944,14302312,2116,816300
2018-05-16_10-43-51.567331170,1526460231.569158192,2018-05-16_10-43-51.573154087,1526460231.574903120,1.76,1.58,1.62,3434,64,5,0,0,0,0,8,0,0,2317609,6,1697586,39170707,9898,0,583,0,2171817,0,32804244,13800648,14302028,2116,816312
2018-05-16_10-44-21.618837071,1526460261.620628459,2018-05-16_10-44-21.624570469,1526460261.626314715,1.78,1.60,1.63,3434,64,5,0,0,0,0,8,0,0,2320770,6,1700130,39189008,9906,0,584,0,2174973,0,32804244,13799700,14301348,2116,816320
2018-05-16_10-44-51.670490100,1526460291.672312786,2018-05-16_10-44-51.676312697,1526460291.678077831,1.55,1.56,1.62,3434,64,5,0,0,0,0,8,0,0,2323661,6,1700622,39209640,9907,0,584,0,2177859,0,32804244,13799696,14300832,2116,816332
2018-05-16_10-45-21.722031319,1526460321.723835504,2018-05-16_10-45-21.727757692,1526460321.729502272,1.65,1.59,1.62,3434,64,5,0,0,0,0,8,0,0,2326792,6,1703504,39227632,9911,0,584,0,2180985,0,32804244,13812540,14313944,2116,816332
2018-05-16_10-45-51.773475268,1526460351.775261212,2018-05-16_10-45-51.779142440,1526460351.780891475,1.71,1.61,1.63,3434,64,5,0,0,0,0,8,0,0,2329813,6,1706177,39245943,9918,0,584,0,2184002,0,32804244,13812188,14313596,2116,816336
2018-05-16_10-46-21.824525458,1526460381.826327708,2018-05-16_10-46-21.830205771,1526460381.831945580,1.51,1.57,1.61,3434,64,5,0,0,0,0,8,0,0,2332695,6,1706627,39266626,9921,0,584,0,2186879,0,32804244,13812432,14313840,2116,816336
2018-05-16_10-46-51.875530064,1526460411.877309636,2018-05-16_10-46-51.881407348,1526460411.883353337,1.70,1.61,1.62,3434,64,5,0,0,0,0,8,0,0,2336038,6,1709298,39284627,9924,0,584,0,2190219,0,32804244,13812012,14313388,2116,816340
2018-05-16_10-47-21.927523420,1526460441.929311757,2018-05-16_10-47-21.933172558,1526460441.934927889,1.74,1.63,1.63,3434,64,5,0,0,0,0,8,0,0,2339140,6,1711914,39302926,9926,0,585,0,2193318,0,32804244,13811360,14313032,2116,816340
2018-05-16_10-47-51.979296466,1526460471.981078985,2018-05-16_10-47-51.984944227,1526460471.986677375,1.53,1.59,1.62,3434,64,5,0,0,0,0,8,0,0,2342016,6,1712350,39323630,9929,0,585,0,2196190,0,32804244,13811560,14313236,2116,816344
2018-05-16_10-48-22.030680211,1526460502.032652341,2018-05-16_10-48-22.036541924,1526460502.038286872,1.63,1.61,1.62,3434,64,5,0,0,0,0,8,0,0,2345151,6,1715229,39341622,9930,0,585,0,2199321,0,32804244,13812360,14313780,2116,816348
2018-05-16_10-48-52.082781602,1526460532.084553626,2018-05-16_10-48-52.088407814,1526460532.090133621,1.70,1.63,1.63,3434,64,5,0,0,0,0,8,0,0,2348315,6,1717812,39359885,9931,0,585,0,2202481,0,32804244,13812356,14313780,2116,816352
2018-05-16_10-49-22.134512368,1526460562.136305401,2018-05-16_10-49-22.140196953,1526460562.141952491,1.50,1.59,1.61,3434,64,5,0,0,0,0,8,0,0,2351191,6,1718235,39380603,9932,0,586,0,2205353,0,32804244,13812724,14314148,2116,816352
2018-05-16_10-49-52.185600083,1526460592.187384193,2018-05-16_10-49-52.191241706,1526460592.192985944,1.62,1.61,1.62,3434,64,5,0,0,0,0,8,0,0,2354472,6,1720976,39398592,9933,0,586,0,2208631,0,32804244,13812476,14313904,2116,816356
2018-05-16_10-50-22.236567212,1526460622.238382462,2018-05-16_10-50-22.242298213,1526460622.244054773,1.69,1.63,1.63,3434,64,5,0,0,0,0,8,0,0,2357636,6,1723842,39416566,9936,0,587,0,2211787,0,32804244,13800012,14301464,2116,816380
2018-05-16_10-50-52.287795788,1526460652.289578781,2018-05-16_10-50-52.293476850,1526460652.295222857,1.65,1.63,1.63,3434,64,5,0,0,0,0,8,0,0,2360706,6,1726671,39434665,9937,0,588,0,2214853,0,32804244,13799268,14300992,2116,816392
2018-05-16_10-51-22.339579041,1526460682.341374529,2018-05-16_10-51-22.345288752,1526460682.347026823,1.58,1.62,1.62,3434,64,5,0,0,0,0,8,0,0,2362448,6,1729186,39454236,9942,0,589,0,2216588,0,32804244,13799676,14301144,2116,816396
2018-05-16_10-51-52.391111048,1526460712.393130085,2018-05-16_10-51-52.397166201,1526460712.398931699,1.35,1.56,1.60,3434,64,5,0,0,0,0,8,0,0,2364070,6,1730702,39475095,9945,0,589,0,2218204,0,32804244,13798924,14300408,2116,816412
2018-05-16_10-52-22.443179208,1526460742.445235140,2018-05-16_10-52-22.449235726,1526460742.451027309,1.40,1.55,1.60,3434,64,5,0,0,0,0,8,0,0,2365741,6,1733309,39494589,9951,0,589,0,2219871,0,32804244,13799036,14300520,2116,816412
2018-05-16_10-52-52.495039532,1526460772.496884845,2018-05-16_10-52-52.500915924,1526460772.502660662,1.35,1.53,1.59,3434,64,5,0,0,0,0,8,0,0,2367427,6,1735838,39514226,9953,0,589,0,2221551,0,32804244,13799204,14300696,2116,816424
2018-05-16_10-53-22.546769064,1526460802.548768694,2018-05-16_10-53-22.552714316,1526460802.554457041,1.36,1.51,1.58,3434,64,5,0,0,0,0,8,0,0,2369093,6,1737335,39535067,9955,0,590,0,2223210,0,32804244,13811556,14312760,2116,816424
2018-05-16_10-53-52.598605456,1526460832.600562137,2018-05-16_10-53-52.604456068,1526460832.606198423,1.35,1.50,1.57,3434,64,5,0,0,0,0,8,0,0,2370829,6,1739945,39554550,9958,0,590,0,2224941,0,32804244,13811296,14313064,2116,816432
2018-05-16_10-54-22.650120904,1526460862.651982349,2018-05-16_10-54-22.655947375,1526460862.657693666,1.35,1.48,1.57,3434,64,5,0,0,0,0,8,0,0,2372501,6,1742577,39574063,9961,0,590,0,2226606,0,32804244,13811808,14313580,2116,816436
2018-05-16_10-54-52.701470339,1526460892.703255779,2018-05-16_10-54-52.707166498,1526460892.708914034,1.37,1.47,1.56,3434,64,5,0,0,0,0,8,0,0,2374373,6,1745207,39593417,9966,0,590,0,2228473,0,32804244,13812384,14313896,2116,816436
2018-05-16_10-55-22.752641941,1526460922.754446300,2018-05-16_10-55-22.758360464,1526460922.760112946,1.62,1.52,1.58,3434,64,5,0,0,0,0,8,0,0,2377949,6,1747438,39611622,9967,0,591,0,2232045,0,32804244,13812380,14313628,2116,816436
2018-05-16_10-55-52.803846075,1526460952.805632550,2018-05-16_10-55-52.809545844,1526460952.811295476,1.37,1.47,1.56,3434,64,5,0,0,0,0,8,0,0,2380849,6,1747762,39632416,9969,0,591,0,2234940,0,32804244,13811892,14313408,2116,816440
2018-05-16_10-56-22.855152735,1526460982.856968907,2018-05-16_10-56-22.860900936,1526460982.862637201,1.62,1.52,1.57,3434,64,5,0,0,0,0,8,0,0,2384456,6,1750169,39650407,9972,0,591,0,2238542,0,32804244,13812280,14313796,2116,816440
2018-05-16_10-56-52.906496506,1526461012.908279704,2018-05-16_10-56-52.912169978,1526461012.913924831,1.77,1.57,1.59,3434,64,5,0,0,0,0,8,0,0,2387892,6,1752554,39668593,9975,0,592,0,2241973,0,32804244,13812072,14313592,2116,816444
2018-05-16_10-57-22.957843794,1526461042.959778045,2018-05-16_10-57-22.963702456,1526461042.965448235,1.47,1.51,1.57,3434,64,5,0,0,0,0,8,0,0,2390791,6,1752894,39689370,9977,0,592,0,2244867,0,32804244,13812580,14314100,2116,816444
2018-05-16_10-57-53.009180699,1526461073.010966666,2018-05-16_10-57-53.014869179,1526461073.016605817,1.68,1.56,1.58,3434,64,5,0,0,0,0,8,0,0,2394418,6,1755311,39707335,9978,0,592,0,2248489,0,32804244,13811804,14313068,2116,816452
2018-05-16_10-58-23.061116456,1526461103.062922244,2018-05-16_10-58-23.066858698,1526461103.068613922,1.80,1.60,1.60,3434,64,5,0,0,0,0,8,0,0,2397838,6,1757915,39725318,9983,0,593,0,2251903,0,32804244,13799460,14301000,2116,816468
2018-05-16_10-58-53.112618773,1526461133.114423931,2018-05-16_10-58-53.118317516,1526461133.120082131,1.83,1.62,1.60,3434,64,5,0,0,0,0,8,0,0,2401256,6,1760521,39743298,9988,0,593,0,2255316,0,32804244,13799116,14300668,2116,816480
2018-05-16_10-59-23.163914223,1526461163.165729359,2018-05-16_10-59-23.169628973,1526461163.171373333,1.90,1.66,1.62,3434,64,5,0,0,0,0,8,0,0,2404485,6,1763158,39761438,9994,0,593,0,2258538,0,32804244,13799228,14300788,2116,816488
2018-05-16_10-59-53.215486597,1526461193.217309506,2018-05-16_10-59-53.221327066,1526461193.223087519,1.61,1.61,1.60,3434,64,5,0,0,0,0,8,0,0,2407334,6,1763491,39782274,9997,0,593,0,2261382,0,32804244,13798476,14300044,2116,816496
2018-05-16_11-00-23.267270909,1526461223.269079930,2018-05-16_11-00-23.273009556,1526461223.274765885,1.77,1.65,1.61,3434,64,5,0,0,0,0,8,0,0,2410506,6,1766365,39800231,10001,0,594,0,2264548,0,32804244,13799012,14300600,2116,816516
2018-05-16_11-00-53.319366772,1526461253.321201642,2018-05-16_11-00-53.325235875,1526461253.326992484,1.91,1.70,1.63,3434,64,5,0,0,0,0,8,0,0,2413637,6,1769107,39818364,10004,0,594,0,2267673,0,32804244,13798876,14300468,2116,816520
2018-05-16_11-01-23.371086450,1526461283.372893386,2018-05-16_11-01-23.376813020,1526461283.378558695,1.55,1.63,1.61,3434,64,5,0,0,0,0,8,0,0,2416506,6,1769450,39839164,10008,0,594,0,2270536,0,32804244,13810632,14312244,2116,816536
2018-05-16_11-01-53.423271016,1526461313.425100098,2018-05-16_11-01-53.429024746,1526461313.430792047,1.68,1.65,1.62,3434,64,5,0,0,0,0,8,0,0,2419700,6,1772262,39857172,10009,0,594,0,2273727,0,32804244,13811360,14312712,2116,816540
2018-05-16_11-02-23.474676799,1526461343.476490218,2018-05-16_11-02-23.480501540,1526461343.482259097,1.80,1.69,1.63,3434,64,5,0,0,0,0,8,0,0,2422684,6,1775294,39875158,10015,0,594,0,2276706,0,32804244,13811408,14313288,2116,816544
2018-05-16_11-02-53.526070207,1526461373.527855611,2018-05-16_11-02-53.531761437,1526461373.533499241,1.88,1.72,1.64,3434,64,5,0,0,0,0,8,0,0,2425046,6,1778945,39893153,10020,0,595,0,2279065,0,32804244,13811324,14312944,2116,816544
2018-05-16_11-03-23.577284475,1526461403.579092269,2018-05-16_11-03-23.582992557,1526461403.584741997,1.93,1.74,1.65,3434,64,5,0,0,0,0,8,0,0,2428287,6,1781603,39911268,10023,0,595,0,2282303,0,32804244,13811324,14312944,2116,816544
2018-05-16_11-03-53.628599473,1526461433.630393373,2018-05-16_11-03-53.634290263,1526461433.636041734,1.56,1.67,1.63,3434,64,5,0,0,0,0,8,0,0,2431122,6,1781898,39932153,10026,0,595,0,2285135,0,32804244,13811128,14312752,2116,816548
2018-05-16_11-04-23.680237068,1526461463.682131311,2018-05-16_11-04-23.686196153,1526461463.688009003,1.73,1.70,1.64,3434,64,5,0,0,0,0,8,0,0,2434292,6,1784743,39950145,10029,0,595,0,2288300,0,32804244,13811464,14313104,2116,816552
2018-05-16_11-04-53.733109699,1526461493.734999001,2018-05-16_11-04-53.738922935,1526461493.740683562,1.89,1.75,1.66,3434,64,5,0,0,0,0,8,0,0,2437481,6,1787465,39968237,10033,0,595,0,2291485,0,32804244,13811400,14313028,2116,816552
2018-05-16_11-05-23.784327337,1526461523.786123532,2018-05-16_11-05-23.790386094,1526461523.792139020,1.54,1.68,1.64,3434,64,5,0,0,0,0,8,0,0,2440332,6,1787730,39989139,10035,0,596,0,2294332,0,32804244,13811420,14313048,2116,816552
2018-05-16_11-05-53.836620400,1526461553.838393764,2018-05-16_11-05-53.842262964,1526461553.844001563,1.72,1.71,1.65,3434,64,5,0,0,0,0,8,0,0,2443593,6,1790528,40007087,10038,0,596,0,2297590,0,32804244,13811152,14313044,2116,816556
2018-05-16_11-06-23.887619092,1526461583.889432614,2018-05-16_11-06-23.893336148,1526461583.895085459,1.83,1.73,1.66,3434,64,5,0,0,0,0,8,0,0,2446795,6,1793350,40025067,10041,0,596,0,2300785,0,32804244,13798072,14299716,2116,816572
2018-05-16_11-06-53.939053682,1526461613.940844789,2018-05-16_11-06-53.944736929,1526461613.946470955,1.90,1.76,1.67,3434,64,5,0,0,0,0,8,0,0,2449944,6,1796217,40043052,10047,0,597,0,2303931,0,32804244,13798296,14299952,2116,816584
2018-05-16_11-07-23.990469740,1526461643.992282084,2018-05-16_11-07-23.996210390,1526461643.997963193,1.94,1.78,1.68,3434,64,5,0,0,0,0,8,0,0,2453549,6,1798573,40061097,10052,0,597,0,2307529,0,32804244,13798528,14300192,2116,816592
2018-05-16_11-07-54.042142104,1526461674.043977047,2018-05-16_11-07-54.048035890,1526461674.049800417,1.57,1.71,1.66,3434,64,5,0,0,0,0,8,0,0,2456415,6,1798817,40082004,10054,0,597,0,2310389,0,32804244,13798532,14300204,2116,816600
2018-05-16_11-08-24.094155901,1526461704.095967889,2018-05-16_11-08-24.099892837,1526461704.101639852,1.74,1.74,1.68,3434,64,5,0,0,0,0,8,0,0,2460070,6,1801183,40099984,10058,0,597,0,2314040,0,32804244,13798388,14300068,2116,816608
2018-05-16_11-08-54.145749311,1526461734.147581399,2018-05-16_11-08-54.151596335,1526461734.153362331,1.84,1.76,1.69,3434,64,5,0,0,0,0,8,0,0,2463649,6,1803568,40118021,10063,0,597,0,2317613,0,32804244,13798528,14300212,2116,816612
2018-05-16_11-09-24.197568587,1526461764.199389178,2018-05-16_11-09-24.203331712,1526461764.205083359,1.51,1.69,1.66,3434,64,5,0,0,0,0,8,0,0,2466501,6,1803790,40138964,10066,0,598,0,2320460,0,32804244,13811332,14313020,2116,816612
2018-05-16_11-09-54.249067826,1526461794.250861894,2018-05-16_11-09-54.254793427,1526461794.256544078,1.70,1.72,1.68,3434,64,5,0,0,0,0,8,0,0,2470069,6,1806236,40156956,10071,0,598,0,2324024,0,32804244,13811512,14313204,2116,816616
2018-05-16_11-10-24.300408489,1526461824.302213474,2018-05-16_11-10-24.306156989,1526461824.307916170,1.77,1.73,1.68,3434,64,5,0,0,0,0,8,0,0,2473575,6,1808767,40174920,10073,0,598,0,2327524,0,32804244,13811592,14313288,2116,816620
2018-05-16_11-10-54.351793810,1526461854.353580678,2018-05-16_11-10-54.357516997,1526461854.359267095,1.86,1.76,1.69,3434,64,5,0,0,0,0,8,0,0,2477163,6,1811193,40192910,10075,0,598,0,2331108,0,32804244,13811300,14313264,2116,816628
2018-05-16_11-11-24.403146917,1526461884.404956340,2018-05-16_11-11-24.408898532,1526461884.410645569,1.91,1.78,1.70,3434,64,5,0,0,0,0,8,0,0,2480711,6,1813632,40210930,10080,0,599,0,2334652,0,32804244,13811332,14313040,2116,816632
2018-05-16_11-11-54.455166479,1526461914.456963841,2018-05-16_11-11-54.460878197,1526461914.462633536,1.55,1.70,1.68,3434,64,5,0,0,0,0,8,0,0,2483560,6,1813828,40231903,10084,0,599,0,2337496,0,32804244,13811500,14313212,2116,816636
2018-05-16_11-12-24.506490850,1526461944.508309270,2018-05-16_11-12-24.512278228,1526461944.514039855,1.73,1.73,1.69,3434,64,5,0,0,0,0,8,0,0,2487069,6,1816334,40249893,10085,0,599,0,2341001,0,32804244,13811604,14313316,2116,816636
2018-05-16_11-12-54.558004894,1526461974.559950033,2018-05-16_11-12-54.563892393,1526461974.565641408,1.84,1.76,1.70,3434,64,5,0,0,0,0,8,0,0,2490499,6,1818900,40267901,10088,0,600,0,2344428,0,32804244,13811680,14313388,2116,816636
2018-05-16_11-13-24.609574489,1526462004.611375822,2018-05-16_11-13-24.615696473,1526462004.617452692,1.51,1.69,1.67,3434,64,5,0,0,0,0,8,0,0,2493339,6,1819088,40288891,10090,0,600,0,2347264,0,32804244,13811584,14313296,2116,816636
2018-05-16_11-13-54.661670068,1526462034.663528588,2018-05-16_11-13-54.667456751,1526462034.669206779,1.65,1.70,1.68,3434,64,5,0,0,0,0,8,0,0,2496942,6,1821507,40306875,10092,0,600,0,2350863,0,32804244,13811072,14313308,2116,816640
2018-05-16_11-14-24.714072250,1526462064.716149779,2018-05-16_11-14-24.720604202,1526462064.722605804,1.79,1.73,1.69,3434,64,5,0,0,0,0,8,0,0,2500584,6,1823901,40324844,10095,0,601,0,2354499,0,32804244,13798040,14299768,2116,816656
2018-05-16_11-14-54.768290465,1526462094.770092126,2018-05-16_11-14-54.774008090,1526462094.775776798,1.87,1.76,1.70,3434,64,5,0,0,0,0,8,0,0,2504131,6,1826388,40342813,10099,0,601,0,2358042,0,32804244,13798332,14300332,2116,816672
2018-05-16_11-15-24.821598074,1526462124.823436714,2018-05-16_11-15-24.827385587,1526462124.829150890,1.92,1.78,1.71,3434,64,5,0,0,0,0,8,0,0,2507167,6,1829380,40360794,10104,0,602,0,2361072,0,32804244,13798772,14300528,2116,816684
2018-05-16_11-15-54.873167275,1526462154.875002535,2018-05-16_11-15-54.879029576,1526462154.880785026,1.56,1.70,1.68,3434,64,5,0,0,0,0,8,0,0,2510008,6,1829580,40381767,10108,0,602,0,2363906,0,32804244,13799004,14300772,2116,816696
2018-05-16_11-16-24.924666262,1526462184.926518238,2018-05-16_11-16-24.930441397,1526462184.932185192,1.73,1.73,1.69,3434,64,5,0,0,0,0,8,0,0,2513276,6,1832313,40399776,10110,0,602,0,2367170,0,32804244,13798808,14300284,2116,816700
2018-05-16_11-16-54.976269578,1526462214.978314350,2018-05-16_11-16-54.982361346,1526462214.984128697,1.84,1.76,1.70,3434,64,5,0,0,0,0,8,0,0,2516373,6,1835238,40417757,10120,0,603,0,2370261,0,32804244,13799004,14300788,2116,816712
2018-05-16_11-17-25.028237920,1526462245.030250256,2018-05-16_11-17-25.034234900,1526462245.035978889,1.51,1.69,1.68,3434,64,5,0,0,0,0,8,0,0,2519201,6,1835457,40438731,10122,0,604,0,2373082,0,32804244,13811448,14313236,2116,816712
2018-05-16_11-17-55.079651082,1526462275.081440723,2018-05-16_11-17-55.085320320,1526462275.087069606,1.70,1.72,1.69,3434,64,5,0,0,0,0,8,0,0,2522351,6,1838296,40456753,10126,0,604,0,2376227,0,32804244,13811492,14313016,2116,816712
2018-05-16_11-18-25.130625002,1526462305.132419870,2018-05-16_11-18-25.136308613,1526462305.138055945,1.77,1.73,1.69,3434,64,5,0,0,0,0,8,0,0,2525441,6,1841234,40474728,10129,0,605,0,2379313,0,32804244,13811184,14313236,2116,816716
2018-05-16_11-18-55.181685477,1526462335.183461295,2018-05-16_11-18-55.187333058,1526462335.189084195,1.86,1.75,1.70,3434,64,5,0,0,0,0,8,0,0,2528531,6,1844152,40492726,10133,0,606,0,2382400,0,32804244,13811500,14313032,2116,816720
2018-05-16_11-19-25.232626494,1526462365.234420210,2018-05-16_11-19-25.238305109,1526462365.240055717,1.52,1.68,1.68,3434,64,5,0,0,0,0,8,0,0,2531356,6,1844397,40513670,10138,0,606,0,2385219,0,32804244,13811632,14313168,2116,816724
2018-05-16_11-19-55.283592078,1526462395.285366322,2018-05-16_11-19-55.289226536,1526462395.290961424,1.71,1.71,1.69,3434,64,5,0,0,0,0,8,0,0,2534600,6,1847115,40531722,10142,0,607,0,2388460,0,32804244,13811284,14313084,2116,816724
2018-05-16_11-20-25.334553169,1526462425.336352876,2018-05-16_11-20-25.340287628,1526462425.342038061,1.77,1.72,1.69,3434,64,5,0,0,0,0,8,0,0,2537785,6,1849959,40549696,10145,0,607,0,2391638,0,32804244,13811420,14313488,2116,816732
2018-05-16_11-20-55.385880150,1526462455.387656124,2018-05-16_11-20-55.391555822,1526462455.393303339,1.86,1.75,1.70,3434,64,5,0,0,0,0,8,0,0,2540955,6,1852799,40567696,10148,0,608,0,2394804,0,32804244,13811904,14313428,2116,816736
2018-05-16_11-21-25.438018184,1526462485.439811625,2018-05-16_11-21-25.443698659,1526462485.445450127,1.98,1.79,1.71,3434,64,5,0,0,0,0,8,0,0,2544108,6,1855661,40585695,10152,0,608,0,2397952,0,32804244,13811516,14313328,2116,816736
2018-05-16_11-21-55.489366363,1526462515.491329117,2018-05-16_11-21-55.495214816,1526462515.496969156,1.65,1.73,1.70,3434,64,5,0,0,0,0,8,0,0,2546948,6,1855959,40606573,10155,0,608,0,2400787,0,32804244,13811140,14312956,2116,816740
2018-05-16_11-22-25.540594241,1526462545.542409444,2018-05-16_11-22-25.546346697,1526462545.548162208,1.73,1.74,1.70,3434,64,5,0,0,0,0,8,0,0,2550072,6,1858786,40624632,10156,0,609,0,2403905,0,32804244,13798088,14299636,2116,816756
2018-05-16_11-22-55.592151779,1526462575.593991677,2018-05-16_11-22-55.597946512,1526462575.599715506,1.91,1.78,1.71,3434,64,5,0,0,0,0,8,0,0,2553065,6,1861821,40642617,10157,0,609,0,2406894,0,32804244,13798460,14300560,2116,816768
2018-05-16_11-23-25.643764218,1526462605.645574472,2018-05-16_11-23-25.649533401,1526462605.651291207,1.60,1.72,1.70,3434,64,5,0,0,0,0,8,0,0,2555923,6,1862103,40663488,10163,0,610,0,2409745,0,32804244,13798516,14300368,2116,816780
2018-05-16_11-23-55.695617578,1526462635.697444801,2018-05-16_11-23-55.701468838,1526462635.703226104,1.71,1.73,1.70,3434,64,5,0,0,0,0,8,0,0,2559505,6,1864454,40681566,10166,0,610,0,2413321,0,32804244,13798600,14300464,2116,816792
2018-05-16_11-24-25.747409273,1526462665.749217193,2018-05-16_11-24-25.753135014,1526462665.754896722,1.77,1.74,1.70,3434,64,5,0,0,0,0,8,0,0,2563098,6,1866878,40699556,10168,0,610,0,2416908,0,32804244,13798484,14300360,2116,816800
2018-05-16_11-24-55.799138935,1526462695.800976927,2018-05-16_11-24-55.804987286,1526462695.806750394,1.91,1.78,1.72,3434,64,5,0,0,0,0,8,0,0,2566646,6,1869354,40717534,10176,0,611,0,2420449,0,32804244,13798604,14300188,2116,816804
2018-05-16_11-25-25.850801168,1526462725.852587445,2018-05-16_11-25-25.856490623,1526462725.858245304,1.95,1.80,1.72,3434,64,5,0,0,0,0,8,0,0,2570373,6,1871645,40735523,10178,0,611,0,2424171,0,32804244,13811340,14313488,2116,816808
2018-05-16_11-25-55.902048134,1526462755.903837115,2018-05-16_11-25-55.907719350,1526462755.909461865,1.63,1.74,1.71,3434,64,5,0,0,0,0,8,0,0,2573228,6,1871931,40756396,10184,0,612,0,2427021,0,32804244,13811028,14312916,2116,816808
2018-05-16_11-26-25.953083365,1526462785.954895886,2018-05-16_11-26-25.958796143,1526462785.960542107,1.72,1.75,1.71,3434,64,5,0,0,0,0,8,0,0,2576706,6,1874337,40774518,10186,0,612,0,2430494,0,32804244,13811688,14313580,2116,816812
2018-05-16_11-26-56.004760354,1526462816.006533903,2018-05-16_11-26-56.010417432,1526462816.012155265,1.77,1.76,1.71,3434,64,5,0,0,0,0,8,0,0,2580209,6,1876847,40792513,10188,0,613,0,2433993,0,32804244,13811488,14313380,2116,816812
2018-05-16_11-27-26.055822297,1526462846.057629734,2018-05-16_11-27-26.061538089,1526462846.063293973,1.63,1.73,1.71,3434,64,5,0,0,0,0,8,0,0,2583065,6,1877154,40813367,10190,0,613,0,2436844,0,32804244,13811048,14312940,2116,816812
2018-05-16_11-27-56.106982480,1526462876.108766825,2018-05-16_11-27-56.112629165,1526462876.114375449,1.79,1.76,1.72,3434,64,5,0,0,0,0,8,0,0,2586726,6,1879385,40831484,10193,0,613,0,2440500,0,32804244,13810868,14312760,2116,816812
2018-05-16_11-28-26.158019378,1526462906.159815794,2018-05-16_11-28-26.163712065,1526462906.165453939,1.93,1.80,1.73,3434,64,5,0,0,0,0,8,0,0,2590210,6,1881918,40849473,10196,0,613,0,2443977,0,32804244,13811552,14313084,2116,816824
2018-05-16_11-28-56.209111537,1526462936.210900725,2018-05-16_11-28-56.214781469,1526462936.216525059,1.96,1.82,1.74,3434,64,5,0,0,0,0,8,0,0,2593768,6,1884372,40867462,10202,0,614,0,2447531,0,32804244,13811188,14312804,2116,816824
2018-05-16_11-29-26.260177148,1526462966.261970798,2018-05-16_11-29-26.265851336,1526462966.267590674,1.97,1.84,1.75,3434,64,5,0,0,0,0,8,0,0,2597323,6,1886829,40885459,10206,0,614,0,2451080,0,32804244,13811444,14313352,2116,816828
2018-05-16_11-29-56.311286655,1526462996.313076357,2018-05-16_11-29-56.316961202,1526462996.318730050,1.59,1.76,1.72,3434,64,5,0,0,0,0,8,0,0,2600192,6,1887183,40906253,10209,0,615,0,2453945,0,32804244,13811288,14313196,2116,816828
2018-05-16_11-30-26.362386078,1526463026.364176088,2018-05-16_11-30-26.368058143,1526463026.369805723,1.75,1.78,1.73,3434,64,5,0,0,0,0,8,0,0,2603698,6,1889545,40924390,10212,0,615,0,2457443,0,32804244,13798360,14300292,2116,816856
2018-05-16_11-30-56.414224662,1526463056.416016335,2018-05-16_11-30-56.419906208,1526463056.421646735,1.80,1.79,1.74,3434,64,5,0,0,0,0,8,0,0,2607252,6,1892004,40942379,10217,0,615,0,2460991,0,32804244,13798244,14300188,2116,816868
2018-05-16_11-31-26.465495779,1526463086.467376959,2018-05-16_11-31-26.471360321,1526463086.473122201,1.48,1.71,1.71,3434,64,5,0,0,0,0,8,0,0,2610128,6,1892360,40963153,10225,0,616,0,2463861,0,32804244,13798460,14300416,2116,816880
2018-05-16_11-31-56.517327674,1526463116.519180145,2018-05-16_11-31-56.523210179,1526463116.524980644,1.69,1.74,1.72,3434,64,5,0,0,0,0,8,0,0,2613402,6,1894916,40981327,10230,0,616,0,2467128,0,32804244,13798064,14300028,2116,816888
2018-05-16_11-32-26.569246029,1526463146.571070652,2018-05-16_11-32-26.574993349,1526463146.576750479,1.81,1.76,1.73,3434,64,5,0,0,0,0,8,0,0,2616513,6,1897823,40999317,10233,0,616,0,2470234,0,32804244,13798836,14300808,2116,816896
2018-05-16_11-32-56.621312169,1526463176.623144099,2018-05-16_11-32-56.627159737,1526463176.628924441,1.88,1.79,1.74,3434,64,5,0,0,0,0,8,0,0,2619599,6,1900776,41017285,10240,0,617,0,2473313,0,32804244,13798484,14300468,2116,816908
2018-05-16_11-33-26.673081775,1526463206.674910792,2018-05-16_11-33-26.678858767,1526463206.680609322,1.93,1.81,1.75,3434,64,5,0,0,0,0,8,0,0,2622566,6,1903827,41035280,10241,0,617,0,2476274,0,32804244,13811444,14313696,2116,816912
2018-05-16_11-33-56.724560502,1526463236.726356333,2018-05-16_11-33-56.730255083,1526463236.732015943,1.56,1.73,1.73,3434,64,5,0,0,0,0,8,0,0,2625411,6,1904218,41056054,10250,0,617,0,2479116,0,32804244,13811332,14313328,2116,816916
2018-05-16_11-34-26.775948940,1526463266.777767115,2018-05-16_11-34-26.781700565,1526463266.783458083,1.74,1.76,1.73,3434,64,5,0,0,0,0,8,0,0,2628465,6,1906951,41074273,10254,0,618,0,2482166,0,32804244,13811876,14314136,2116,816920
2018-05-16_11-34-56.827222513,1526463296.829015942,2018-05-16_11-34-56.832897974,1526463296.834654309,1.84,1.78,1.74,3434,64,5,0,0,0,0,8,0,0,2631619,6,1909810,41092268,10257,0,618,0,2485316,0,32804244,13811632,14313632,2116,816920
2018-05-16_11-35-26.878422248,1526463326.880211305,2018-05-16_11-35-26.884100832,1526463326.885850844,1.51,1.70,1.72,3434,64,5,0,0,0,0,8,0,0,2634462,6,1910225,41113027,10260,0,618,0,2488153,0,32804244,13811692,14313692,2116,816920
2018-05-16_11-35-56.929657478,1526463356.931456907,2018-05-16_11-35-56.935335952,1526463356.937085986,1.70,1.73,1.73,3434,64,5,0,0,0,0,8,0,0,2637659,6,1912800,41131265,10262,0,619,0,2491347,0,32804244,13811044,14313304,2116,816920
2018-05-16_11-36-26.980908086,1526463386.982732112,2018-05-16_11-36-26.986650069,1526463386.988416709,1.82,1.76,1.74,3434,64,5,0,0,0,0,8,0,0,2640706,6,1915769,41149262,10264,0,619,0,2494389,0,32804244,13811340,14313344,2116,816924
2018-05-16_11-36-57.032232413,1526463417.034022883,2018-05-16_11-36-57.037909512,1526463417.039656315,1.84,1.77,1.74,3434,64,5,0,0,0,0,8,0,0,2644007,6,1918498,41167237,10267,0,619,0,2497686,0,32804244,13811000,14313268,2116,816928
2018-05-16_11-37-27.083474304,1526463447.085288501,2018-05-16_11-37-27.089212599,1526463447.090968498,1.85,1.77,1.74,3434,64,5,0,0,0,0,8,0,0,2647198,6,1921321,41185232,10271,0,619,0,2500872,0,32804244,13811408,14313152,2116,816928
2018-05-16_11-37-57.134778199,1526463477.136555775,2018-05-16_11-37-57.140447511,1526463477.142190890,1.51,1.70,1.72,3434,64,5,0,0,0,0,8,0,0,2650068,6,1921764,41205932,10276,0,620,0,2503738,0,32804244,13810664,14312936,2116,816932
2018-05-16_11-38-27.185952227,1526463507.187772452,2018-05-16_11-38-27.191742356,1526463507.193501090,1.71,1.73,1.73,3434,64,5,0,0,0,0,8,0,0,2652656,6,1924936,41224181,10280,0,620,0,2506319,0,32804244,13798152,14300440,2116,816952
2018-05-16_11-38-57.237693544,1526463537.239528388,2018-05-16_11-38-57.243548227,1526463537.245306812,1.87,1.77,1.74,3434,64,5,0,0,0,0,8,0,0,2656111,6,1927535,41242172,10284,0,621,0,2509767,0,32804244,13798500,14300536,2116,816960
2018-05-16_11-39-27.289354163,1526463567.291171484,2018-05-16_11-39-27.295082653,1526463567.296839379,1.53,1.70,1.72,3434,64,5,0,0,0,0,8,0,0,2658708,6,1928474,41262863,10293,0,621,0,2512360,0,32804244,13797720,14299724,2116,816964
2018-05-16_11-39-57.341966064,1526463597.343800146,2018-05-16_11-39-57.347843238,1526463597.349591338,1.71,1.72,1.73,3434,64,5,0,0,0,0,8,0,0,2662322,6,1930701,41281132,10296,0,621,0,2515968,0,32804244,13797900,14299952,2116,816976
2018-05-16_11-40-27.394177906,1526463627.396022447,2018-05-16_11-40-27.400044714,1526463627.401798862,1.83,1.75,1.74,3434,64,5,0,0,0,0,8,0,0,2665921,6,1933275,41299101,10298,0,621,0,2519560,0,32804244,13798188,14300524,2116,816996
2018-05-16_11-40-57.445983832,1526463657.447793095,2018-05-16_11-40-57.451720365,1526463657.453478823,1.89,1.77,1.75,3434,64,5,0,0,0,0,8,0,0,2669579,6,1935749,41317088,10304,0,622,0,2523213,0,32804244,13798040,14300124,2116,817004
2018-05-16_11-41-27.497572720,1526463687.499499973,2018-05-16_11-41-27.503517872,1526463687.505280778,1.94,1.80,1.76,3434,64,5,0,0,0,0,8,0,0,2673469,6,1937974,41335061,10309,0,622,0,2527096,0,32804244,13810444,14312544,2116,817012
2018-05-16_11-41-57.549909271,1526463717.551795865,2018-05-16_11-41-57.555721303,1526463717.557475118,1.62,1.74,1.74,3434,64,5,0,0,0,0,8,0,0,2676601,6,1938342,41355747,10315,0,622,0,2530226,0,32804244,13811028,14313132,2116,817016
2018-05-16_11-42-27.601344052,1526463747.603157522,2018-05-16_11-42-27.607097306,1526463747.608851491,1.72,1.75,1.74,3434,64,5,0,0,0,0,8,0,0,2680144,6,1940655,41374048,10318,0,622,0,2533765,0,32804244,13811476,14313584,2116,817020
2018-05-16_11-42-57.653152141,1526463777.654945097,2018-05-16_11-42-57.658844812,1526463777.660601117,1.83,1.77,1.75,3434,64,5,0,0,0,0,8,0,0,2683767,6,1943185,41392042,10322,0,623,0,2537384,0,32804244,13811136,14313244,2116,817020
2018-05-16_11-43-27.704437506,1526463807.706237484,2018-05-16_11-43-27.710146444,1526463807.711907589,1.56,1.71,1.73,3434,64,5,0,0,0,0,8,0,0,2685841,6,1944496,41412714,10324,0,623,0,2539453,0,32804244,13811160,14313268,2116,817020
2018-05-16_11-43-57.756220281,1526463837.758121311,2018-05-16_11-43-57.762048832,1526463837.763805949,1.66,1.72,1.73,3434,64,5,0,0,0,0,8,0,0,2687816,6,1947132,41432378,10324,0,623,0,2541424,0,32804244,13811812,14313920,2116,817020
2018-05-16_11-44-27.808023718,1526463867.809950125,2018-05-16_11-44-27.813916942,1526463867.815674273,1.67,1.72,1.73,3434,64,5,0,0,0,0,8,0,0,2689669,6,1950138,41451834,10328,0,623,0,2543272,0,32804244,13811300,14313412,2116,817024
2018-05-16_11-44-57.859791132,1526463897.861780386,2018-05-16_11-44-57.865723539,1526463897.867480082,1.67,1.71,1.73,3434,64,5,0,0,0,0,8,0,0,2691533,6,1953093,41471311,10331,0,624,0,2545132,0,32804244,13811112,14313224,2116,817024
2018-05-16_11-45-27.911979635,1526463927.913931856,2018-05-16_11-45-27.917892917,1526463927.919650298,1.73,1.72,1.73,3434,64,5,0,0,0,0,8,0,0,2693356,6,1956005,41490815,10332,0,624,0,2546951,0,32804244,13811148,14313268,2116,817028
