StartTime,StartEpoch,EndTime,EndEpoch,CPULoad1m,CPULoad5m,CPULoad5m,NetDevRX,NetDevTX,IRQens2-0,IRQens2-1,IRQens2-2,IRQens2-3,IRQens2-4,IRQens2-5,IRQens2-6,IRQens2-7,user,nice,system,idle,iowait,irq,softirq,steal,guest,guest_nice,MemTotal,MemFree,MemAvailable,Buffers,Cached
2018-05-15_17-42-10.344395596,1526398930.346554819,2018-05-15_17-42-10.350837768,1526398930.352748175,0.16,0.40,0.21,2263314,1195470346,4,0,38972,2,0,8,0,0,2746,0,3050,239652,4971,0,38,0,1756,0,32804244,29629400,30028660,2116,709708
2018-05-15_17-42-40.400409055,1526398960.402459932,2018-05-15_17-42-40.406857799,1526398960.408792622,0.36,0.42,0.23,89833176,47676007120,8567,77602,1395731,37849,87150,24283,33542,24137,4580,0,5035,258461,4971,0,1201,0,3583,0,32804244,29627832,30026876,2116,709788
2018-05-15_17-43-10.457236032,1526398990.459338167,2018-05-15_17-43-10.463809024,1526398990.465773210,0.89,0.54,0.27,174948638,92948035254,16935,101760,1445697,1334211,137147,95534,33542,24137,6556,0,7023,277163,4977,0,2433,0,5553,0,32804244,29627172,30026752,2116,709948
2018-05-15_17-43-40.514968878,1526399020.517072721,2018-05-15_17-43-40.521457187,1526399020.523357322,1.10,0.63,0.31,262966820,139955006830,45323,283559,2795253,1334212,226125,167211,35870,55783,8482,0,9043,295827,4977,0,3665,0,7473,0,32804244,29627928,30027140,2116,709948
2018-05-15_17-44-10.572391033,1526399050.574424603,2018-05-15_17-44-10.578822674,1526399050.580769360,1.11,0.68,0.34,348738154,185973755244,87549,295993,2847501,1466774,243244,167211,66747,1377221,10369,0,11032,314598,4977,0,4768,0,9354,0,32804244,29627272,30026500,2116,709948
2018-05-15_17-44-40.630924617,1526399080.632956184,2018-05-15_17-44-40.637304623,1526399080.639244020,1.45,0.81,0.39,430369904,229745046464,125668,327050,2903719,1466774,246568,167211,1336726,1407060,12088,0,12954,333635,4978,0,5943,0,11065,0,32804244,29626804,30026300,2116,709948
2018-05-15_17-45-10.689152510,1526399110.691306154,2018-05-15_17-45-10.696009067,1526399110.698057172,1.40,0.86,0.42,511594806,273260675572,125757,366980,2965530,1466774,250444,297425,1365120,2657079,13876,0,14954,352522,4982,0,7061,0,12847,0,32804244,29627248,30026756,2116,709952
2018-05-15_17-45-40.749290036,1526399140.751377283,2018-05-15_17-45-40.755928193,1526399140.757921155,1.44,0.92,0.45,582241340,310894876856,141206,384787,2984509,1468778,256479,453292,2450354,2657079,15275,0,17030,371813,4984,0,8069,0,14237,0,32804244,29614156,30013388,2116,709964
2018-05-15_17-46-10.807421654,1526399170.809472031,2018-05-15_17-46-10.814050900,1526399170.816026220,1.28,0.93,0.47,612406914,326454198858,159398,837185,3008268,1468778,292429,453292,2517508,2657079,15909,0,19339,392011,4985,0,8482,0,14866,0,32804244,29614056,30013848,2116,709964
2018-05-15_17-46-40.866542474,1526399200.868573960,2018-05-15_17-46-40.872917900,1526399200.874878236,1.29,0.97,0.50,644331528,342606554454,631428,846456,3014728,1508904,334110,453292,2517508,2657079,16564,0,21737,412209,4986,0,8898,0,15514,0,32804244,29615796,30015260,2116,709964
2018-05-15_17-47-10.922917336,1526399230.924943620,2018-05-15_17-47-10.929502149,1526399230.931618829,1.07,0.94,0.51,677053966,358768555668,668749,1339611,3049693,1515053,355927,464636,2534166,2657079,17230,0,24130,432380,4986,0,9324,0,16171,0,32804244,29613984,30013248,2116,709968
2018-05-15_17-47-40.981683650,1526399260.983732350,2018-05-15_17-47-40.988249007,1526399260.990245839,1.11,0.96,0.53,708957716,375027082174,1146216,1362536,3049693,1530071,394286,489418,2534166,2657079,17905,0,26545,452552,4989,0,9752,0,16840,0,32804244,29614300,30014096,2116,709968
2018-05-15_17-48-11.039372651,1526399291.041411997,2018-05-15_17-48-11.045760153,1526399291.047693347,0.92,0.93,0.53,737362842,389561417526,1156633,1368925,3049693,1530071,402869,932704,2536401,2657079,18495,0,28818,472821,4991,0,10180,0,17405,0,32804244,29612840,30012032,2116,710228
2018-05-15_17-48-41.097329257,1526399321.099425092,2018-05-15_17-48-41.103890081,1526399321.105819701,1.01,0.95,0.55,770896608,406251386778,1187950,1391070,3106201,1530071,880939,952199,2536401,2657079,19215,0,31244,492905,4993,0,10615,0,18118,0,32804244,29626312,30025520,2116,710232
2018-05-15_17-49-11.155314307,1526399351.157319856,2018-05-15_17-49-11.161715032,1526399351.163733127,1.00,0.96,0.56,804312422,422824010012,1251966,1407477,3129399,1530071,906219,1441131,2538037,2657079,19887,0,33645,513060,4998,0,10991,0,18784,0,32804244,29625908,30025204,2116,710228
2018-05-15_17-49-41.212651178,1526399381.214666711,2018-05-15_17-49-41.219103261,1526399381.221256678,0.79,0.91,0.56,834978604,438569932466,1259714,1424634,3137515,1542895,1369261,1482032,2566742,2657079,20536,0,36006,533242,5001,0,11392,0,19426,0,32804244,29622096,30021556,2116,710228
2018-05-15_17-50-11.271060448,1526399411.273081622,2018-05-15_17-50-11.277455825,1526399411.279393028,1.01,0.95,0.59,865731570,454235752054,1299881,1424634,3137515,1558470,1381272,1482136,3040706,2663099,21185,0,38349,553458,5004,0,11818,0,20070,0,32804244,29621592,30021400,2116,710232
2018-05-15_17-50-41.329811078,1526399441.331964046,2018-05-15_17-50-41.336474389,1526399441.338478282,0.87,0.93,0.59,895911992,469480655282,1299885,1424634,3137515,1594952,1381272,1493976,3045445,3129507,21817,0,40688,573702,5007,0,12237,0,20691,0,32804244,29616908,30016444,2116,710240
2018-05-15_17-51-11.388088377,1526399471.390096326,2018-05-15_17-51-11.394488759,1526399471.396411763,0.99,0.95,0.61,925241342,484344253888,1320762,1424634,3137515,1594952,1382713,1493976,3511501,3134579,22437,0,42978,593983,5009,0,12682,0,21296,0,32804244,29619164,30018980,2116,710240
2018-05-15_17-51-41.445436452,1526399501.447499606,2018-05-15_17-51-41.451992875,1526399501.453963121,0.99,0.95,0.62,953650052,498801671952,1324041,1427106,3141912,1594952,1382736,1493976,3511501,3582130,23009,0,45207,614335,5010,0,13116,0,21863,0,32804244,29617708,30017456,2116,710240
2018-05-15_17-52-11.504532419,1526399531.506625652,2018-05-15_17-52-11.511160038,1526399531.513183628,1.15,1.01,0.65,987381258,515041410970,1343918,1427106,3626297,1636273,1387600,1493976,3511528,3582130,23716,0,47609,634505,5011,0,13537,0,22564,0,32804244,29617012,30016624,2116,710240
2018-05-15_17-52-41.563707516,1526399561.565770209,2018-05-15_17-52-41.570189541,1526399561.572119301,1.28,1.05,0.68,1020419786,531047389920,1362881,1430273,3629311,2095644,1422885,1493976,3511528,3582130,24381,0,49982,654732,5012,0,13961,0,23224,0,32804244,29614364,30013688,2116,710240
2018-05-15_17-53-11.622509558,1526399591.624576500,2018-05-15_17-53-11.629063161,1526399591.631022619,1.10,1.03,0.68,1054021712,547370224546,1414969,1430273,4115656,2101538,1430319,1519389,3511528,3582130,25095,0,52397,674882,5013,0,14375,0,23933,0,32804244,29615352,30015048,2116,710240
2018-05-15_17-53-41.680370956,1526399621.682413874,2018-05-15_17-53-41.686819164,1526399621.688802066,1.00,1.01,0.69,1087440476,563644510860,1445527,1431371,4119378,2583789,1449758,1532649,3511680,3582130,25810,0,54815,695033,5013,0,14811,0,24640,0,32804244,29602812,30002380,2116,710248
2018-05-15_17-54-11.737859621,1526399651.739869945,2018-05-15_17-54-11.744243422,1526399651.746157568,1.00,1.01,0.69,1117250978,579594312858,1529155,1432995,4128143,2583789,1915654,1537478,3511680,3582130,26499,0,57179,715188,5015,0,15248,0,25324,0,32804244,29602612,30001936,2116,710252
2018-05-15_17-54-41.796052536,1526399681.798079612,2018-05-15_17-54-41.802428726,1526399681.804535555,1.13,1.04,0.71,1145207400,594494717032,1536040,1433001,4128143,2583789,1917676,1979163,3511680,3582130,27117,0,59467,735451,5056,0,15713,0,25935,0,32804244,29590080,30001544,2116,721556
2018-05-15_17-55-11.853566962,1526399711.855601311,2018-05-15_17-55-11.859986712,1526399711.861916796,1.03,1.02,0.72,1175267502,610541589362,1570036,1471358,4151129,2586993,2389820,1980757,3512242,3582130,27817,0,61852,755590,5058,0,16137,0,26631,0,32804244,29589736,30000640,2116,721556
2018-05-15_17-55-41.911131314,1526399741.913188451,2018-05-15_17-55-41.917655751,1526399741.919614081,1.07,1.04,0.73,1203906734,625735823296,1572033,1471358,4155175,2606777,2402161,2421713,3536486,3582130,28424,0,64157,775851,5060,0,16565,0,27227,0,32804244,29588268,29999180,2116,721560
2018-05-15_17-56-11.968938924,1526399771.970959939,2018-05-15_17-56-11.975483878,1526399771.977453769,1.15,1.06,0.75,1234694964,641993994410,2045923,1472052,4175172,2606777,2418569,2437127,3536486,3582130,29107,0,66631,796054,5062,0,16992,0,27903,0,32804244,29590592,30002048,2116,721560
2018-05-15_17-56-42.027145014,1526399802.029179380,2018-05-15_17-56-42.033776195,1526399802.035790873,1.25,1.10,0.78,1266284602,658835173060,2160109,1961487,4175173,2630600,2432208,2440603,3536486,3582130,29783,0,69129,816199,5063,0,17401,0,28573,0,32804244,29590976,30002112,2116,721564
2018-05-15_17-57-12.085734066,1526399832.087862824,2018-05-15_17-57-12.092342491,1526399832.094258616,1.16,1.10,0.78,1296236672,674649607622,2663071,1961487,4175173,2630600,2432913,2440633,3536486,3582130,30397,0,71544,836502,5064,0,17829,0,29184,0,32804244,29603912,30014820,2116,721560
2018-05-15_17-57-42.144290741,1526399862.146381164,2018-05-15_17-57-42.150818753,1526399862.152742382,1.28,1.13,0.80,1324952966,689760575672,2663071,2406820,4175173,2630600,2432913,2551953,3536486,3582130,30963,0,73877,856750,5066,0,18250,0,29747,0,32804244,29602588,30014060,2116,721560
2018-05-15_17-58-12.200861330,1526399892.202879512,2018-05-15_17-58-12.207364495,1526399892.209274654,0.97,1.07,0.79,1355133644,705774336472,2677813,2411851,4200519,2630600,2443538,3024618,3581332,3582130,31592,0,76317,876970,5072,0,18676,0,30369,0,32804244,29602528,30013380,2116,721560
2018-05-15_17-58-42.257069073,1526399922.259111546,2018-05-15_17-58-42.263694557,1526399922.265677706,1.15,1.11,0.82,1386295122,722336658896,2692584,2458384,4245911,2630600,2924105,3024619,3610654,3582130,32296,0,78827,897074,5075,0,19100,0,31069,0,32804244,29599600,30010220,2116,721560
2018-05-15_17-59-12.314206428,1526399952.316307166,2018-05-15_17-59-12.320791112,1526399952.322797905,1.09,1.10,0.82,1417604440,739086948294,2732053,2465502,4319351,2630600,2937208,3503696,3610654,3592992,33015,0,81353,917158,5076,0,19506,0,31784,0,32804244,29593960,30005128,2116,721560
2018-05-15_17-59-42.372716123,1526399982.374837357,2018-05-15_17-59-42.379248942,1526399982.381246264,1.03,1.08,0.82,1448546718,755705325940,2755958,2504236,4391145,2630600,3411388,3503976,3610654,3592992,33731,0,83864,937255,5077,0,19911,0,32495,0,32804244,29589844,30001724,2116,721560
2018-05-15_18-00-12.430502758,1526400012.432531461,2018-05-15_18-00-12.436925743,1526400012.438896645,1.16,1.10,0.84,1479714788,772255041412,2821026,2986661,4406938,2630600,3433765,3503976,3610654,3592992,34431,0,86363,957411,5080,0,20318,0,33188,0,32804244,29584332,29995260,2116,721572
2018-05-15_18-00-42.489642839,1526400042.491900840,2018-05-15_18-00-42.496498173,1526400042.498440376,1.04,1.08,0.84,1510362922,788465017288,3292031,3009442,4417240,2630600,3485383,3524888,3610654,3612873,35074,0,88824,977599,5082,0,20740,0,33827,0,32804244,29575328,29986820,2116,721580
2018-05-15_18-01-12.546604951,1526400072.548686296,2018-05-15_18-01-12.553196280,1526400072.555177615,0.91,1.04,0.83,1540568304,804444235816,3309224,3483593,4420529,2639747,3498901,3534508,3638341,3665073,35745,0,91311,997761,5088,0,21167,0,34490,0,32804244,29569260,29979860,2116,721600
2018-05-15_18-01-42.605012656,1526400102.607123334,2018-05-15_18-01-42.611600927,1526400102.613560111,1.01,1.05,0.85,1570709110,820433977978,3777415,3498406,4443879,2647312,3512341,3620246,3638341,3665642,36418,0,93809,1017905,5092,0,21605,0,35160,0,32804244,29567648,29978364,2116,721600
2018-05-15_18-02-12.663054959,1526400132.665069375,2018-05-15_18-02-12.669489283,1526400132.671675571,1.08,1.06,0.86,1602620284,836724019656,3830415,3498406,4443879,2659476,3513276,3680400,3638341,4149688,37081,0,96294,1038074,5095,0,22021,0,35816,0,32804244,29550168,29960884,2116,721608
2018-05-15_18-02-42.720758035,1526400162.722863312,2018-05-15_18-02-42.727506057,1526400162.729485685,1.30,1.12,0.88,1635735618,853165617614,3932990,3509236,4443879,2660296,3523507,3680400,4128711,4152756,37725,0,98782,1058241,5100,0,22430,0,36455,0,32804244,29559408,29970688,2116,721612
2018-05-15_18-03-12.778090707,1526400192.780144113,2018-05-15_18-03-12.784604798,1526400192.786582147,1.10,1.09,0.88,1666805320,869111343530,3958264,3513665,4443879,2678505,3525082,3680400,4205878,4622896,38340,0,101211,1078450,5102,0,22827,0,37048,0,32804244,29546388,29957652,2116,721616
2018-05-15_18-03-42.836750714,1526400222.839020517,2018-05-15_18-03-42.843618951,1526400222.845622309,1.25,1.13,0.90,1696658574,884312040346,3958264,3566645,4455566,2678505,3535286,3680400,4674742,4626007,38932,0,103570,1098717,5104,0,23208,0,37633,0,32804244,29543048,29953984,2116,721628
2018-05-15_18-04-12.897127189,1526400252.899250561,2018-05-15_18-04-12.903844062,1526400252.905956723,1.10,1.10,0.90,1728684052,900692776058,4010989,3566645,4456760,3164306,3540213,3700533,4678728,4674740,39608,0,106074,1118896,5105,0,23606,0,38305,0,32804244,29537588,29949088,2116,721628
2018-05-15_18-04-42.955555622,1526400282.957597413,2018-05-15_18-04-42.961983000,1526400282.963895219,1.37,1.17,0.93,1761434650,917186853386,4091401,3566645,4952952,3168328,3554046,3735799,4678728,4675990,40278,0,108552,1139051,5107,0,23991,0,38969,0,32804244,29535036,29946040,2116,721628
2018-05-15_18-05-13.014742976,1526400313.016917517,2018-05-15_18-05-13.021492622,1526400313.023423358,1.43,1.20,0.95,1794595552,933714199812,4140530,3576957,4976396,3680272,3558853,3784917,4698962,4675990,40929,0,111031,1159219,5107,0,24381,0,39615,0,32804244,29546024,29956948,2116,721624
2018-05-15_18-05-43.074312664,1526400343.076440671,2018-05-15_18-05-43.081021262,1526400343.083090939,1.33,1.20,0.95,1827110246,950123642676,4140530,3588508,5461937,3685045,3560382,3823171,4698962,4675990,41596,0,113486,1179440,5111,0,24814,0,40277,0,32804244,29544588,29955500,2116,721624
2018-05-15_18-06-13.134986304,1526400373.137080808,2018-05-15_18-06-13.141561422,1526400373.143576471,1.31,1.21,0.96,1852742636,966688702670,4546281,3590349,5524664,3685045,3619163,3823171,4698962,4675990,42291,0,115995,1199627,5112,0,25229,0,40967,0,32804244,29544688,29955716,2116,721624
2018-05-15_18-06-43.193512801,1526400403.195752670,2018-05-15_18-06-43.200356198,1526400403.202505003,1.13,1.18,0.96,1876592498,981827561826,4552285,3965812,5524664,3685045,3619165,3823171,4698962,4787470,42789,0,118322,1219948,5116,0,25628,0,41460,0,32804244,29542512,29954072,2116,721624
2018-05-15_18-07-13.251622302,1526400433.253689177,2018-05-15_18-07-13.258143229,1526400433.260159944,1.19,1.19,0.97,1904589624,997858542426,4994279,3992264,5524664,3685045,3698167,3823171,4698962,4789344,43465,0,120829,1240140,5120,0,26050,0,42132,0,32804244,29540996,29952260,2116,721624
2018-05-15_18-07-43.308485460,1526400463.310520539,2018-05-15_18-07-43.314870620,1526400463.316991959,1.20,1.19,0.98,1929719934,1014808988412,5150481,4354291,5524664,3685045,3716412,3823171,4698962,4789344,44147,0,123365,1260313,5124,0,26434,0,42809,0,32804244,29541756,29952776,2116,721624
2018-05-15_18-08-13.365772893,1526400493.367859863,2018-05-15_18-08-13.372331056,1526400493.374272971,1.22,1.19,0.98,1956273412,1031014711296,5156505,4400045,5524664,3736874,4116144,3836902,4698962,4789344,44819,0,125853,1280479,5125,0,26856,0,43476,0,32804244,29539756,29951512,2116,721624
2018-05-15_18-08-43.423787914,1526400523.425932249,2018-05-15_18-08-43.430636996,1526400523.432635170,1.27,1.20,0.99,1982850954,1047389790908,5212477,4439181,5524664,3739351,4141154,4215069,4698962,4816715,45488,0,128364,1300643,5126,0,27272,0,44138,0,32804244,29539016,29950036,2116,721624
2018-05-15_18-09-13.483234148,1526400553.485437056,2018-05-15_18-09-13.490223886,1526400553.492289510,1.21,1.20,1.00,2009523984,1063260363338,5239666,4439181,5551374,3760173,4539201,4220892,4738888,4816715,46128,0,130793,1320840,5126,0,27673,0,44773,0,32804244,29536328,29947312,2116,721624
2018-05-15_18-09-43.540783979,1526400583.542814123,2018-05-15_18-09-43.547163641,1526400583.549086989,1.26,1.21,1.01,2035911894,1078922861230,5249297,4474560,5572210,3760173,4546522,4650647,4741316,4816715,46773,0,133242,1341078,5127,0,28092,0,45413,0,32804244,29535676,29946400,2116,721624
2018-05-15_18-10-13.598274468,1526400613.600235451,2018-05-15_18-10-13.604819962,1526400613.606857391,1.38,1.24,1.02,2065872348,1094754398404,5268627,4474882,6031664,3760173,4556796,4733306,4741316,4816720,47406,0,135661,1361287,5131,0,28507,0,46038,0,32804244,29520996,29932784,2116,721636
2018-05-15_18-10-43.657076127,1526400643.659091982,2018-05-15_18-10-43.663549749,1526400643.665452399,1.17,1.20,1.02,2097278882,1111435375394,5268627,4536919,6087020,4241715,4583476,4733306,4741316,4816720,48107,0,138166,1381422,5135,0,28908,0,46733,0,32804244,29520328,29930780,2116,721648
2018-05-15_18-11-13.715053774,1526400673.717067246,2018-05-15_18-11-13.721796402,1526400673.723878307,1.30,1.23,1.03,2128120232,1127648964068,5268632,4536919,6558964,4250510,4590515,4733306,4741316,4816724,48778,0,140600,1401658,5138,0,29339,0,47398,0,32804244,29519628,29930956,2116,721652
2018-05-15_18-11-43.772602405,1526400703.774682002,2018-05-15_18-11-43.779162863,1526400703.781120847,1.25,1.22,1.04,2158595558,1143658780688,5273012,4536919,6568359,4715563,4607957,4734602,4815374,4816724,49416,0,143058,1421868,5142,0,29747,0,48031,0,32804244,29517716,29928412,2116,721656
2018-05-15_18-12-13.829140357,1526400733.831174453,2018-05-15_18-12-13.835639842,1526400733.837661868,1.35,1.25,1.06,2187479340,1159028813938,5310748,4536919,6568359,4725207,4634686,4734602,5288624,4816724,50045,0,145464,1442111,5145,0,30191,0,48654,0,32804244,29514276,29925416,2116,721660
2018-05-15_18-12-43.885647443,1526400763.887575650,2018-05-15_18-12-43.891973852,1526400763.893924965,1.49,1.29,1.07,2214222642,1173103546126,5310748,4537592,6568359,4725207,4637159,4734602,5298550,5240195,50554,0,147675,1462498,5147,0,30617,0,49154,0,32804244,29511544,29922872,2116,721660
2018-05-15_18-13-13.942904389,1526400793.944958401,2018-05-15_18-13-13.949487658,1526400793.951590147,1.29,1.26,1.07,2243227576,1188415702364,5312395,4537592,6585768,4725207,4637159,4734602,5761755,5250539,51160,0,150072,1482798,5148,0,31076,0,49756,0,32804244,29511784,29923384,2116,721660
2018-05-15_18-13-44.000886673,1526400824.002963432,2018-05-15_18-13-44.007394464,1526400824.009346325,1.36,1.28,1.08,2273879550,1204805092374,5315890,4578496,6585768,4769520,4643871,4734602,5773167,5718775,51804,0,152552,1502999,5150,0,31499,0,50394,0,32804244,29519356,29930416,2116,721656
2018-05-15_18-14-14.060580235,1526400854.062581950,2018-05-15_18-14-14.067038834,1526400854.068960810,1.32,1.29,1.09,2301834372,1220720841914,5715872,4592665,6589503,4769520,4668308,4829935,5773167,5730390,52441,0,155036,1523189,5155,0,31910,0,51026,0,32804244,29513892,29924968,2116,721656
2018-05-15_18-14-44.118583635,1526400884.120791544,2018-05-15_18-14-44.125442982,1526400884.127484417,1.27,1.28,1.09,2327249738,1237286104578,5802577,4954597,6621703,4769520,4681374,4872908,5773167,5730390,53105,0,157534,1543371,5156,0,32315,0,51684,0,32804244,29508016,29919096,2116,721656
2018-05-15_18-15-14.177975693,1526400914.180022314,2018-05-15_18-15-14.184485565,1526400914.186446518,1.35,1.30,1.11,2352320080,1253713850850,6175584,5000429,6674497,4769520,4710072,4897903,5773167,5730390,53778,0,160026,1563552,5157,0,32710,0,52353,0,32804244,29506960,29918548,2116,721656
2018-05-15_18-15-44.235006542,1526400944.237034108,2018-05-15_18-15-44.241628277,1526400944.243600234,1.21,1.27,1.10,2380218710,1269889733512,6224266,5409790,6679471,4773654,4732021,4921905,5814982,5730390,54441,0,162534,1583718,5160,0,33147,0,53011,0,32804244,29508300,29919852,2116,721656
2018-05-15_18-16-14.292449010,1526400974.294517251,2018-05-15_18-16-14.298997763,1526400974.301188750,1.19,1.26,1.11,2404802396,1286435765588,6228917,5495598,6684785,4803219,5080636,4951526,5814982,5730390,55117,0,165021,1603873,5163,0,33556,0,53683,0,32804244,29507844,29918880,2116,721656
2018-05-15_18-16-44.351678025,1526401004.353711475,2018-05-15_18-16-44.358128388,1526401004.360068324,1.39,1.30,1.13,2431721186,1301376541996,6228917,5495598,6684785,4803219,5090944,5442598,5814982,5730390,55730,0,167396,1624185,5163,0,34026,0,54291,0,32804244,29508172,29919216,2116,721656
2018-05-15_18-17-14.408758135,1526401034.410992070,2018-05-15_18-17-14.415519847,1526401034.417445684,1.18,1.25,1.12,2456997288,1317244745972,6246475,5521781,6691501,4803219,5479539,5457000,5814982,5782823,56334,0,169829,1644447,5164,0,34439,0,54891,0,32804244,29508224,29919732,2116,721656
2018-05-15_18-17-44.469880948,1526401064.472100382,2018-05-15_18-17-44.476694001,1526401064.478682560,1.19,1.25,1.12,2483205742,1332505827900,6251389,5554911,6691827,4803219,5493464,5903683,5814982,5782823,56942,0,172229,1664743,5164,0,34874,0,55493,0,32804244,29508272,29919876,2116,721660
2018-05-15_18-18-14.528522287,1526401094.530733254,2018-05-15_18-18-14.535424804,1526401094.537528621,1.00,1.19,1.11,2513359668,1348728099210,6318544,5554911,7157586,4803219,5496787,5934718,5814982,5819258,57627,0,174737,1684890,5164,0,35292,0,56174,0,32804244,29507580,29919408,2116,721660
2018-05-15_18-18-44.587471821,1526401124.589555815,2018-05-15_18-18-44.593981364,1526401124.595949536,1.12,1.21,1.11,2544197050,1365003380532,6328655,5564040,7173082,5264305,5530274,5934718,5853047,5819258,58274,0,177209,1705099,5166,0,35702,0,56813,0,32804244,29494496,29906724,2116,722552
2018-05-15_18-19-14.645600744,1526401154.647657941,2018-05-15_18-19-14.652145677,1526401154.654197814,1.22,1.22,1.12,2574445696,1381002276484,6350631,5580473,7628543,5284424,5565391,5999423,5857877,5819258,58918,0,179678,1725249,5172,0,36107,0,57449,0,32804244,29488164,29901712,2116,723748
2018-05-15_18-19-44.705710776,1526401184.707960125,2018-05-15_18-19-44.712694922,1526401184.714680402,1.28,1.23,1.13,2604266246,1396766033720,6350631,5580473,7645141,5717562,5565391,5999423,5857877,5827325,59474,0,182055,1745572,5180,0,36525,0,57979,0,32804244,29489288,29902844,2116,723824
2018-05-15_18-20-14.764455225,1526401214.766558319,2018-05-15_18-20-14.771195376,1526401214.773176448,1.28,1.24,1.14,2633757388,1412454840842,6367043,5599710,7646765,5733412,5603022,5999423,6314426,5832320,60112,0,184496,1765773,5182,0,36950,0,58603,0,32804244,29486696,29900884,2116,723832
2018-05-15_18-20-44.822968583,1526401244.825016493,2018-05-15_18-20-44.829410773,1526401244.831340080,1.23,1.23,1.14,2662652882,1427748883482,6386911,5599713,7652034,5733412,5604191,6047169,6331870,6286865,60717,0,186914,1786002,5187,0,37374,0,59199,0,32804244,29490468,29903832,2116,723872
2018-05-15_18-21-14.881657624,1526401274.883843555,2018-05-15_18-21-14.888451465,1526401274.890413581,1.29,1.24,1.14,2691578328,1443101476904,6394707,5599713,7656396,5734970,5628220,6113397,6776227,6305052,61338,0,189339,1806204,5188,0,37807,0,59810,0,32804244,29488076,29901820,2116,723872
2018-05-15_18-21-44.940504761,1526401304.942564417,2018-05-15_18-21-44.946968770,1526401304.948939092,1.24,1.24,1.14,2721612318,1459128123074,6424104,5602923,7686765,5740483,5639534,6115588,6805348,6762615,62008,0,191834,1826366,5194,0,38228,0,60465,0,32804244,29501452,29915412,2116,724488
2018-05-15_18-22-14.999708868,1526401335.001875986,2018-05-15_18-22-15.006574221,1526401335.008700109,1.15,1.21,1.14,2751001316,1474788896008,6424168,5631439,7686866,5746109,5639534,6567353,6805348,6780503,62590,0,194239,1846687,5194,0,38678,0,61038,0,32804244,29500900,29914920,2116,724488
2018-05-15_18-22-45.059976989,1526401365.062102732,2018-05-15_18-22-45.066716014,1526401365.068770993,1.16,1.21,1.14,2780367210,1490855459560,6424194,5751513,7686940,5755621,6077348,6585952,6805348,6780503,63131,0,196634,1866988,5194,0,39044,0,61568,0,32804244,29502212,29916240,2116,724488
2018-05-15_18-23-15.119883192,1526401395.122086545,2018-05-15_18-23-15.126830605,1526401395.128850320,1.37,1.25,1.15,2810006192,1506827455352,6424598,5772990,7797529,5757655,6096106,7019728,6805348,6780503,63690,0,199058,1887241,5194,0,39374,0,62115,0,32804244,29499720,29913576,2116,724488
2018-05-15_18-23-45.179363185,1526401425.181572488,2018-05-15_18-23-45.186341003,1526401425.188385467,1.28,1.25,1.15,2839775798,1523000882714,6425693,5813411,7803766,5849491,6540932,7038505,6805348,6780503,64240,0,201467,1907515,5194,0,39719,0,62656,0,32804244,29498144,29912760,2116,724488
2018-05-15_18-24-15.238952357,1526401455.241242875,2018-05-15_18-24-15.245884110,1526401455.247827054,1.18,1.22,1.15,2868725180,1538360097986,6426161,6266198,7806855,5889159,6561186,7038505,6805348,6780503,64817,0,203870,1927766,5197,0,40136,0,63188,0,32804244,29499268,29913276,2116,724492
2018-05-15_18-24-45.296829671,1526401485.298944120,2018-05-15_18-24-45.303413586,1526401485.305324041,1.11,1.20,1.14,2898166402,1554273225572,6854940,6392860,7811834,5933079,6561186,7038505,6805348,6780503,65407,0,206268,1947955,5199,0,40547,0,63761,0,32804244,29500272,29914336,2116,724496
2018-05-15_18-25-15.355909108,1526401515.358018367,2018-05-15_18-25-15.362534099,1526401515.364611051,1.06,1.18,1.14,2927238728,1569671878826,6875602,6858345,7815672,5949326,6561186,7038505,6805348,6780503,65966,0,208608,1968316,5210,0,40958,0,64302,0,32804244,29500784,29915620,2116,724976
2018-05-15_18-25-45.413091430,1526401545.415078745,2018-05-15_18-25-45.419371094,1526401545.421281719,1.18,1.20,1.14,2956642766,1585413130416,7296802,6986374,7853355,5951328,6561186,7038505,6805348,6780503,66560,0,210990,1988531,5213,0,41358,0,64891,0,32804244,29499136,29914016,2116,724976
2018-05-15_18-26-15.470863201,1526401575.473019627,2018-05-15_18-26-15.477638508,1526401575.479617854,1.25,1.21,1.15,2989527514,1601402628632,7318570,7033605,7934956,5958274,6561186,7038505,6805348,7230155,67128,0,213391,2008788,5213,0,41704,0,65449,0,32804244,29498332,29913220,2116,724976
2018-05-15_18-26-45.530875652,1526401605.533138855,2018-05-15_18-26-45.537779168,1526401605.539897532,1.15,1.19,1.14,3021956960,1617132586550,7319874,7094818,7995865,5966405,6561186,7038505,7245525,7252108,67703,0,215810,2029023,5213,0,42047,0,66012,0,32804244,29485636,29899864,2116,724988
2018-05-15_18-27-15.588813002,1526401635.590943717,2018-05-15_18-27-15.595357375,1526401635.597500376,1.23,1.20,1.15,3054556518,1632977308458,7321070,7176470,8044521,5970314,6561186,7038505,7267099,7697243,68277,0,218212,2049270,5214,0,42394,0,66577,0,32804244,29485528,29900404,2116,724988
2018-05-15_18-27-45.649157292,1526401665.651334118,2018-05-15_18-27-45.655955374,1526401665.658003287,1.14,1.18,1.14,3087559788,1648950265350,7321969,7221437,8126334,5977834,6561186,7038505,7719207,7719625,68841,0,220620,2069512,5215,0,42754,0,67130,0,32804244,29485144,29899796,2116,724992
2018-05-15_18-28-15.708443097,1526401695.710623592,2018-05-15_18-28-15.715131289,1526401695.717005246,1.03,1.15,1.13,3119255474,1664624063496,7324267,7284559,8190183,6427289,6561186,7038505,7742413,7719625,69421,0,223001,2089761,5216,0,43120,0,67698,0,32804244,29485372,29900168,2116,724992
2018-05-15_18-28-45.768219732,1526401725.770463309,2018-05-15_18-28-45.775201116,1526401725.777277566,0.93,1.12,1.12,3151444856,1680492437326,7324894,7327054,8647729,6511643,6561186,7038505,7742413,7719625,69965,0,225370,2110065,5220,0,43491,0,68234,0,32804244,29485780,29900716,2116,725000
2018-05-15_18-29-15.826416712,1526401755.828433137,2018-05-15_18-29-15.832830534,1526401755.834740662,1.03,1.13,1.13,3182286334,1696028493646,7325453,7339523,8673122,6946150,6561186,7038505,7742413,7719625,70523,0,227716,2130414,5224,0,43905,0,68781,0,32804244,29486340,29900972,2116,725000
2018-05-15_18-29-45.883419395,1526401785.885456968,2018-05-15_18-29-45.890095440,1526401785.892046304,1.00,1.11,1.12,3214095556,1711781597194,7325720,7340751,9125844,7079041,6561186,7038505,7742413,7719625,71089,0,230087,2150684,5225,0,44287,0,69338,0,32804244,29498412,29913376,2116,724992
2018-05-15_18-30-15.941003845,1526401815.943137938,2018-05-15_18-30-15.947837841,1526401815.949814526,0.92,1.08,1.11,3247181642,1727725104476,7326301,7355520,9155304,7190912,6561186,7038505,8191748,7719625,71669,0,232497,2170912,5227,0,44641,0,69907,0,32804244,29498792,29913764,2116,725000
2018-05-15_18-30-45.999010915,1526401846.001056212,2018-05-15_18-30-46.005501862,1526401846.007442163,0.76,1.03,1.10,3280871952,1743815634934,7327432,7386340,9250795,7203169,6561186,7038505,8216707,8178198,72213,0,234898,2191188,5229,0,44972,0,70443,0,32804244,29498672,29913116,2116,725004
2018-05-15_18-31-16.056982760,1526401876.058990884,2018-05-15_18-31-16.063353454,1526401876.065267540,1.02,1.07,1.11,3313829910,1759722485850,7328819,7455109,9312369,7207169,6561186,7038505,8666461,8203464,72778,0,237291,2211441,5230,0,45317,0,70999,0,32804244,29498176,29913116,2116,725004
2018-05-15_18-31-46.115773037,1526401906.117928671,2018-05-15_18-31-46.122502933,1526401906.124518456,0.93,1.05,1.10,3346429084,1775455690982,7329663,7483739,9346525,7274548,6561186,7038505,8691953,8635867,73345,0,239692,2231681,5230,0,45659,0,71556,0,32804244,29498248,29912936,2116,725008
2018-05-15_18-32-16.173574688,1526401936.175652243,2018-05-15_18-32-16.179892107,1526401936.181945974,1.29,1.12,1.12,3379075938,1791082270372,7330400,7493284,9785835,7300748,6561186,7038505,8691953,8660545,73882,0,242007,2252054,5231,0,46066,0,72083,0,32804244,29498996,29913700,2116,725008
2018-05-15_18-32-46.233302902,1526401966.235353839,2018-05-15_18-32-46.239868569,1526401966.242001546,1.35,1.16,1.14,3410891496,1806749299262,7330466,7493531,9907679,7756109,6561186,7038505,8691953,8660545,74441,0,244389,2272348,5231,0,46442,0,72633,0,32804244,29498664,29913384,2116,725008
2018-05-15_18-33-16.292089966,1526401996.294215843,2018-05-15_18-33-16.298810257,1526401996.300876967,1.34,1.18,1.14,3441357422,1822101753912,7330734,7497969,10333543,7781231,6561186,7038505,8691953,8660545,74992,0,246724,2292714,5231,0,46854,0,73178,0,32804244,29493980,29909492,2116,725008
2018-05-15_18-33-46.350136191,1526402026.352297393,2018-05-15_18-33-46.357056240,1526402026.359053543,1.39,1.21,1.15,3473205108,1837907534780,7330865,7513475,10484808,8234202,6561186,7038505,8691953,8660545,75555,0,249126,2312969,5234,0,47216,0,73733,0,32804244,29493952,29908948,2116,725008
