StartTime,StartEpoch,EndTime,EndEpoch,CPULoad1m,CPULoad5m,CPULoad5m,NetDevRX,NetDevTX,IRQens2-0,IRQens2-1,IRQens2-2,IRQens2-3,IRQens2-4,IRQens2-5,IRQens2-6,IRQens2-7,user,nice,system,idle,iowait,irq,softirq,steal,guest,guest_nice,MemTotal,MemFree,MemAvailable,Buffers,Cached
2018-05-16_08-55-44.498375507,1526453744.500166477,2018-05-16_08-55-44.504103023,1526453744.505854653,0.36,1.09,1.43,3434,64,5,0,0,0,0,8,0,0,1650952,6,1256976,35094052,9265,0,526,0,1506167,0,32804244,13815564,14315260,2116,814928
2018-05-16_08-56-14.549455594,1526453774.551236068,2018-05-16_08-56-14.555174430,1526453774.556937005,0.76,1.12,1.43,3434,64,5,0,0,0,0,8,0,0,1652694,6,1259492,35113502,9267,0,526,0,1507906,0,32804244,13815488,14315456,2116,814936
2018-05-16_08-56-44.600448731,1526453804.602245240,2018-05-16_08-56-44.606156577,1526453804.607898516,1.25,1.20,1.44,3434,64,5,0,0,0,0,8,0,0,1656045,6,1262158,35131487,9272,0,526,0,1511253,0,32804244,13813160,14313132,2116,814940
2018-05-16_08-57-14.651458652,1526453834.653233241,2018-05-16_08-57-14.657104766,1526453834.658848588,1.52,1.28,1.46,3434,64,5,0,0,0,0,8,0,0,1659236,6,1264976,35149482,9273,0,526,0,1514440,0,32804244,13815156,14314864,2116,814940
2018-05-16_08-57-44.702346637,1526453864.704140235,2018-05-16_08-57-44.708045130,1526453864.709796942,1.70,1.35,1.48,3434,64,5,0,0,0,0,8,0,0,1662448,6,1267647,35167609,9276,0,526,0,1517647,0,32804244,13814460,14314168,2116,814940
2018-05-16_08-58-14.753605071,1526453894.755445490,2018-05-16_08-58-14.759441537,1526453894.761187998,1.42,1.31,1.47,3434,64,5,0,0,0,0,8,0,0,1665298,6,1267977,35188444,9278,0,527,0,1520493,0,32804244,13802760,14302760,2116,814956
2018-05-16_08-58-44.805054628,1526453924.806949470,2018-05-16_08-58-44.810945330,1526453924.812680838,1.57,1.36,1.48,3434,64,5,0,0,0,0,8,0,0,1668643,6,1270665,35206418,9280,0,527,0,1523834,0,32804244,13802604,14302612,2116,814964
2018-05-16_08-59-14.856544795,1526453954.858371293,2018-05-16_08-59-14.862440466,1526453954.864229398,1.66,1.41,1.49,3434,64,5,0,0,0,0,8,0,0,1671688,6,1273516,35224528,9283,0,527,0,1526873,0,32804244,13801416,14301440,2116,814980
2018-05-16_08-59-44.908152192,1526453984.909958378,2018-05-16_08-59-44.913905160,1526453984.915614606,1.40,1.37,1.47,3434,64,5,0,0,0,0,8,0,0,1674557,6,1273815,35245376,9287,0,527,0,1529736,0,32804244,13801200,14301236,2116,814992
2018-05-16_09-00-14.959474139,1526454014.961271845,2018-05-16_09-00-14.965228165,1526454014.966964253,1.64,1.43,1.49,3434,64,5,0,0,0,0,8,0,0,1678014,6,1276400,35263340,9289,0,528,0,1533186,0,32804244,13800448,14300564,2116,815016
2018-05-16_09-00-45.013110883,1526454045.015151940,2018-05-16_09-00-45.019347568,1526454045.021099305,1.83,1.50,1.51,3434,64,5,0,0,0,0,8,0,0,1681237,6,1279196,35281326,9297,0,528,0,1536405,0,32804244,13800804,14300608,2116,815024
2018-05-16_09-01-15.064834886,1526454075.066628749,2018-05-16_09-01-15.070561729,1526454075.072300974,1.82,1.53,1.52,3434,64,5,0,0,0,0,8,0,0,1684453,6,1282009,35299306,9299,0,528,0,1539615,0,32804244,13813340,14313420,2116,815032
2018-05-16_09-01-45.115882216,1526454105.117662812,2018-05-16_09-01-45.121540203,1526454105.123282044,1.81,1.56,1.53,3434,64,5,0,0,0,0,8,0,0,1687632,6,1284722,35317420,9306,0,528,0,1542791,0,32804244,13813452,14313532,2116,815032
2018-05-16_09-02-15.166739208,1526454135.168505766,2018-05-16_09-02-15.172350437,1526454135.174084315,1.57,1.52,1.52,3434,64,5,0,0,0,0,8,0,0,1690480,6,1285009,35338299,9310,0,529,0,1545635,0,32804244,13814068,14314152,2116,815036
2018-05-16_09-02-45.217545294,1526454165.219311806,2018-05-16_09-02-45.223182353,1526454165.224924692,1.74,1.57,1.53,3434,64,5,0,0,0,0,8,0,0,1693654,6,1287842,35356301,9310,0,529,0,1548805,0,32804244,13813852,14313936,2116,815036
2018-05-16_09-03-15.268439002,1526454195.270202646,2018-05-16_09-03-15.274070291,1526454195.275803641,1.76,1.59,1.54,3434,64,5,0,0,0,0,8,0,0,1696818,6,1290615,35374366,9314,0,529,0,1551964,0,32804244,13815016,14315012,2116,815044
2018-05-16_09-03-45.319275471,1526454225.321054727,2018-05-16_09-03-45.324927977,1526454225.326664374,1.38,1.52,1.52,3434,64,5,0,0,0,0,8,0,0,1699668,6,1290880,35395266,9317,0,529,0,1554812,0,32804244,13814964,14315060,2116,815048
2018-05-16_09-04-15.370053484,1526454255.371827524,2018-05-16_09-04-15.375686251,1526454255.377426394,1.63,1.56,1.54,3434,64,5,0,0,0,0,8,0,0,1703116,6,1293448,35413259,9318,0,529,0,1558255,0,32804244,13813912,14314012,2116,815052
2018-05-16_09-04-45.421697621,1526454285.423509522,2018-05-16_09-04-45.427412845,1526454285.429159016,1.77,1.61,1.55,3434,64,5,0,0,0,0,8,0,0,1706504,6,1296071,35431251,9322,0,529,0,1561639,0,32804244,13813804,14313908,2116,815056
2018-05-16_09-05-15.472759918,1526454315.474604970,2018-05-16_09-05-15.478517470,1526454315.480247521,1.81,1.63,1.56,3434,64,5,0,0,0,0,8,0,0,1710014,6,1298578,35449239,9322,0,529,0,1565145,0,32804244,13814520,14314624,2116,815056
2018-05-16_09-05-45.524031858,1526454345.525889975,2018-05-16_09-05-45.529743210,1526454345.531453437,1.88,1.66,1.57,3434,64,5,0,0,0,0,8,0,0,1713602,6,1300941,35467299,9323,0,530,0,1568730,0,32804244,13815016,14314860,2116,815056
2018-05-16_09-06-15.575041211,1526454375.576934338,2018-05-16_09-06-15.580906596,1526454375.582647732,1.54,1.60,1.56,3434,64,5,0,0,0,0,8,0,0,1716463,6,1301173,35488222,9325,0,530,0,1571584,0,32804244,13801592,14301712,2116,815076
2018-05-16_09-06-45.626396097,1526454405.628161772,2018-05-16_09-06-45.632000508,1526454405.633718083,1.72,1.64,1.57,3434,64,5,0,0,0,0,8,0,0,1720020,6,1303639,35506201,9327,0,530,0,1575137,0,32804244,13801988,14302112,2116,815080
2018-05-16_09-07-15.677920483,1526454435.679720758,2018-05-16_09-07-15.683656391,1526454435.685408436,1.78,1.66,1.58,3434,64,5,0,0,0,0,8,0,0,1723660,6,1305977,35524220,9332,0,531,0,1578770,0,32804244,13800992,14301124,2116,815088
2018-05-16_09-07-45.729213742,1526454465.731049711,2018-05-16_09-07-45.735071957,1526454465.736817135,1.47,1.59,1.56,3434,64,5,0,0,0,0,8,0,0,1726508,6,1306200,35545165,9335,0,531,0,1581611,0,32804244,13801400,14301544,2116,815100
2018-05-16_09-08-15.781142133,1526454495.782931355,2018-05-16_09-08-15.786805836,1526454495.788556691,1.63,1.62,1.57,3434,64,5,0,0,0,0,8,0,0,1730212,6,1308540,35563126,9338,0,531,0,1585312,0,32804244,13801704,14301852,2116,815104
2018-05-16_09-08-45.832454492,1526454525.834391178,2018-05-16_09-08-45.838456884,1526454525.840208837,1.77,1.65,1.59,3434,64,5,0,0,0,0,8,0,0,1733692,6,1311082,35581104,9342,0,531,0,1588786,0,32804244,13799092,14298992,2116,815120
2018-05-16_09-09-15.884131878,1526454555.885951414,2018-05-16_09-09-15.889893496,1526454555.891624218,1.81,1.67,1.60,3434,64,5,0,0,0,0,8,0,0,1737298,6,1313493,35599093,9346,0,532,0,1592387,0,32804244,13813304,14313472,2116,815120
2018-05-16_09-09-45.935306020,1526454585.937063168,2018-05-16_09-09-45.940877826,1526454585.942580010,1.83,1.69,1.60,3434,64,5,0,0,0,0,8,0,0,1740808,6,1315970,35617113,9351,0,532,0,1595894,0,32804244,13814352,14314240,2116,815120
2018-05-16_09-10-15.986898269,1526454615.988668141,2018-05-16_09-10-15.992543643,1526454615.994277601,1.50,1.62,1.58,3434,64,5,0,0,0,0,8,0,0,1743651,6,1316182,35638073,9353,0,532,0,1598732,0,32804244,13813584,14313760,2116,815128
2018-05-16_09-10-46.037972881,1526454646.039763401,2018-05-16_09-10-46.043653026,1526454646.045395749,1.65,1.64,1.59,3434,64,5,0,0,0,0,8,0,0,1746845,6,1319000,35656063,9358,0,532,0,1601922,0,32804244,13813500,14313676,2116,815128
2018-05-16_09-11-16.089217028,1526454676.091200395,2018-05-16_09-11-16.095252825,1526454676.097035243,1.79,1.68,1.60,3434,64,5,0,0,0,0,8,0,0,1750007,6,1321851,35674053,9361,0,532,0,1605080,0,32804244,13813348,14313532,2116,815136
2018-05-16_09-11-46.141193711,1526454706.143165282,2018-05-16_09-11-46.147304154,1526454706.149061454,1.48,1.61,1.58,3434,64,5,0,0,0,0,8,0,0,1752836,6,1322039,35695053,9363,0,533,0,1607906,0,32804244,13813128,14313312,2116,815136
2018-05-16_09-12-16.193255294,1526454736.195042436,2018-05-16_09-12-16.198912687,1526454736.200651239,1.68,1.65,1.60,3434,64,5,0,0,0,0,8,0,0,1755923,6,1324974,35713044,9365,0,533,0,1610989,0,32804244,13813660,14313532,2116,815136
2018-05-16_09-12-46.246504800,1526454766.248297229,2018-05-16_09-12-46.252191504,1526454766.253942052,1.76,1.67,1.60,3434,64,5,0,0,0,0,8,0,0,1759012,6,1327923,35731015,9368,0,533,0,1614075,0,32804244,13813944,14314132,2116,815140
2018-05-16_09-13-16.297511435,1526454796.299299372,2018-05-16_09-13-16.303185501,1526454796.304929348,1.80,1.68,1.61,3434,64,5,0,0,0,0,8,0,0,1762077,6,1330873,35749008,9374,0,533,0,1617134,0,32804244,13813408,14313608,2116,815152
2018-05-16_09-13-46.348532388,1526454826.350318845,2018-05-16_09-13-46.354204221,1526454826.355950086,1.83,1.70,1.62,3434,64,5,0,0,0,0,8,0,0,1765318,6,1333651,35766994,9377,0,534,0,1620371,0,32804244,13813676,14313772,2116,815156
2018-05-16_09-14-16.399601178,1526454856.401403326,2018-05-16_09-14-16.405320457,1526454856.407071815,1.57,1.65,1.60,3434,64,5,0,0,0,0,8,0,0,1768141,6,1333871,35787966,9380,0,534,0,1623190,0,32804244,13800900,14301124,2116,815176
2018-05-16_09-14-46.451103722,1526454886.452905820,2018-05-16_09-14-46.456817958,1526454886.458569912,1.68,1.67,1.61,3434,64,5,0,0,0,0,8,0,0,1771834,6,1336186,35805960,9382,0,534,0,1626878,0,32804244,13800796,14301024,2116,815184
2018-05-16_09-15-16.502552217,1526454916.504357621,2018-05-16_09-15-16.508394012,1526454916.510184863,1.81,1.70,1.62,3434,64,5,0,0,0,0,8,0,0,1775471,6,1338578,35823935,9383,0,535,0,1630509,0,32804244,13801580,14301816,2116,815188
2018-05-16_09-15-46.554143177,1526454946.555971382,2018-05-16_09-15-46.559973211,1526454946.561721774,1.49,1.63,1.60,3434,64,5,0,0,0,0,8,0,0,1778325,6,1338783,35844887,9388,0,535,0,1633357,0,32804244,13800752,14301000,2116,815200
2018-05-16_09-16-16.605512122,1526454976.607312215,2018-05-16_09-16-16.611436938,1526454976.613368088,1.69,1.67,1.61,3434,64,5,0,0,0,0,8,0,0,1782073,6,1341015,35862912,9390,0,535,0,1637100,0,32804244,13801384,14301644,2116,815212
2018-05-16_09-16-46.657195177,1526455006.658985595,2018-05-16_09-16-46.662908644,1526455006.664612966,1.81,1.70,1.62,3434,64,5,0,0,0,0,8,0,0,1785647,6,1343477,35880873,9399,0,535,0,1640669,0,32804244,13801868,14302136,2116,815220
2018-05-16_09-17-16.708581998,1526455036.710407540,2018-05-16_09-17-16.714266270,1526455036.715983364,1.89,1.73,1.63,3434,64,5,0,0,0,0,8,0,0,1789310,6,1345829,35898860,9402,0,535,0,1644327,0,32804244,13814856,14315128,2116,815220
2018-05-16_09-17-46.759207694,1526455066.760993092,2018-05-16_09-17-46.764896330,1526455066.766634478,1.88,1.74,1.64,3434,64,5,0,0,0,0,8,0,0,1792912,6,1348239,35916855,9407,0,535,0,1647926,0,32804244,13814004,14314256,2116,815224
2018-05-16_09-18-16.811161817,1526455096.813160777,2018-05-16_09-18-16.817221740,1526455096.818981857,1.53,1.67,1.62,3434,64,5,0,0,0,0,8,0,0,1795747,6,1348487,35937789,9409,0,535,0,1650756,0,32804244,13814048,14314324,2116,815224
2018-05-16_09-18-46.862694398,1526455126.864518069,2018-05-16_09-18-46.868419684,1526455126.870150202,1.72,1.70,1.63,3434,64,5,0,0,0,0,8,0,0,1799134,6,1351046,35955847,9413,0,535,0,1654141,0,32804244,13814100,14314384,2116,815232
2018-05-16_09-19-16.913838369,1526455156.915624220,2018-05-16_09-19-16.919505440,1526455156.921264365,1.83,1.73,1.64,3434,64,5,0,0,0,0,8,0,0,1802762,6,1353430,35973837,9415,0,536,0,1657765,0,32804244,13813476,14314020,2116,815232
2018-05-16_09-19-46.964911004,1526455186.966739230,2018-05-16_09-19-46.970656049,1526455186.972416093,1.50,1.66,1.62,3434,64,5,0,0,0,0,8,0,0,1805606,6,1353683,35994756,9418,0,536,0,1660606,0,32804244,13813204,14313748,2116,815232
2018-05-16_09-20-17.016153857,1526455217.018044393,2018-05-16_09-20-17.021970334,1526455217.023714909,1.70,1.69,1.63,3434,64,5,0,0,0,0,8,0,0,1809164,6,1356072,36012811,9422,0,536,0,1664159,0,32804244,13813464,14314020,2116,815244
2018-05-16_09-20-47.067229369,1526455247.069008603,2018-05-16_09-20-47.072896561,1526455247.074634057,1.82,1.72,1.65,3434,64,5,0,0,0,0,8,0,0,1812714,6,1358552,36030782,9426,0,536,0,1667706,0,32804244,13812980,14313284,2116,815252
2018-05-16_09-21-17.118760888,1526455277.120545870,2018-05-16_09-21-17.124427348,1526455277.126160292,1.89,1.75,1.66,3434,64,5,0,0,0,0,8,0,0,1816386,6,1360895,36048771,9430,0,537,0,1671375,0,32804244,13813268,14313576,2116,815256
2018-05-16_09-21-47.169659858,1526455307.171439808,2018-05-16_09-21-47.175307245,1526455307.177052141,1.93,1.77,1.67,3434,64,5,0,0,0,0,8,0,0,1820114,6,1363204,36066738,9432,0,537,0,1675100,0,32804244,13813432,14313740,2116,815260
2018-05-16_09-22-17.220587600,1526455337.222404030,2018-05-16_09-22-17.226330295,1526455337.228070105,1.56,1.70,1.65,3434,64,5,0,0,0,0,8,0,0,1822969,6,1363481,36087617,9438,0,538,0,1677949,0,32804244,13798516,14298576,2116,815276
2018-05-16_09-22-47.271714608,1526455367.273497412,2018-05-16_09-22-47.277420345,1526455367.279163057,1.63,1.70,1.65,3434,64,5,0,0,0,0,8,0,0,1826142,6,1366220,36105712,9439,0,538,0,1681118,0,32804244,13800044,14300632,2116,815280
2018-05-16_09-23-17.322854075,1526455397.324653567,2018-05-16_09-23-17.328566725,1526455397.330311130,1.72,1.71,1.66,3434,64,5,0,0,0,0,8,0,0,1829376,6,1369022,36123678,9441,0,539,0,1684346,0,32804244,13801136,14301480,2116,815296
2018-05-16_09-23-47.374288899,1526455427.376116172,2018-05-16_09-23-47.380109763,1526455427.381868745,1.44,1.64,1.64,3434,64,5,0,0,0,0,8,0,0,1832231,6,1369311,36144544,9448,0,539,0,1687195,0,32804244,13800524,14300880,2116,815308
2018-05-16_09-24-17.426171158,1526455457.428064631,2018-05-16_09-24-17.431991544,1526455457.433734094,1.66,1.68,1.65,3434,64,5,0,0,0,0,8,0,0,1834962,6,1372488,36162649,9451,0,539,0,1689923,0,32804244,13800344,14300708,2116,815316
2018-05-16_09-24-47.477632997,1526455487.479452402,2018-05-16_09-24-47.483460117,1526455487.485212167,1.74,1.69,1.65,3434,64,5,0,0,0,0,8,0,0,1838495,6,1375100,36180633,9456,0,539,0,1693449,0,32804244,13800672,14301036,2116,815320
2018-05-16_09-25-17.529004653,1526455517.530801408,2018-05-16_09-25-17.534664109,1526455517.536398700,1.79,1.71,1.66,3434,64,5,0,0,0,0,8,0,0,1841745,6,1378064,36198602,9462,0,540,0,1696697,0,32804244,13812940,14313320,2116,815328
2018-05-16_09-25-47.580139278,1526455547.581961397,2018-05-16_09-25-47.585811790,1526455547.587517918,1.82,1.72,1.67,3434,64,5,0,0,0,0,8,0,0,1845226,6,1380756,36216596,9465,0,540,0,1700174,0,32804244,13813760,14314144,2116,815332
2018-05-16_09-26-17.631158101,1526455577.632948508,2018-05-16_09-26-17.636870558,1526455577.638604571,1.63,1.68,1.66,3434,64,5,0,0,0,0,8,0,0,1848133,6,1381226,36237438,9468,0,540,0,1703076,0,32804244,13813936,14314024,2116,815332
2018-05-16_09-26-47.682027463,1526455607.683782914,2018-05-16_09-26-47.687616360,1526455607.689333296,1.77,1.71,1.67,3434,64,5,0,0,0,0,8,0,0,1851473,6,1383873,36255588,9470,0,540,0,1706413,0,32804244,13814244,14314632,2116,815336
2018-05-16_09-27-17.733063215,1526455637.734831831,2018-05-16_09-27-17.738704038,1526455637.740423989,1.92,1.75,1.68,3434,64,5,0,0,0,0,8,0,0,1854836,6,1386679,36273582,9470,0,540,0,1709772,0,32804244,13814396,14314784,2116,815336
2018-05-16_09-27-47.784145079,1526455667.785902069,2018-05-16_09-27-47.789738866,1526455667.791455010,1.56,1.68,1.66,3434,64,5,0,0,0,0,8,0,0,1857863,6,1386968,36294420,9471,0,540,0,1712795,0,32804244,13814740,14315128,2116,815336
2018-05-16_09-28-17.835300802,1526455697.837114659,2018-05-16_09-28-17.841407238,1526455697.843159291,1.73,1.71,1.68,3434,64,5,0,0,0,0,8,0,0,1861414,6,1389281,36312585,9472,0,540,0,1716343,0,32804244,13813884,14314272,2116,815336
2018-05-16_09-28-47.886958103,1526455727.888726349,2018-05-16_09-28-47.892553581,1526455727.894263353,1.78,1.72,1.68,3434,64,5,0,0,0,0,8,0,0,1864665,6,1392117,36330585,9474,0,540,0,1719591,0,32804244,13813836,14314228,2116,815340
2018-05-16_09-29-17.938058951,1526455757.939816726,2018-05-16_09-29-17.943637895,1526455757.945342861,1.81,1.74,1.69,3434,64,5,0,0,0,0,8,0,0,1868195,6,1394746,36348548,9478,0,540,0,1723116,0,32804244,13814028,14314424,2116,815344
2018-05-16_09-29-47.989126925,1526455787.990886740,2018-05-16_09-29-47.994719871,1526455787.996429751,1.89,1.76,1.70,3434,64,5,0,0,0,0,8,0,0,1871598,6,1397441,36366520,9480,0,541,0,1726516,0,32804244,13814620,14315020,2116,815348
2018-05-16_09-30-18.040318955,1526455818.042127125,2018-05-16_09-30-18.046050385,1526455818.047815925,1.59,1.70,1.68,3434,64,5,0,0,0,0,8,0,0,1874509,6,1397782,36387301,9484,0,541,0,1729421,0,32804244,13801772,14302196,2116,815376
2018-05-16_09-30-48.091911530,1526455848.093694335,2018-05-16_09-30-48.097592342,1526455848.099341405,1.70,1.72,1.68,3434,64,5,0,0,0,0,8,0,0,1878167,6,1400019,36405476,9485,0,541,0,1733076,0,32804244,13801328,14302016,2116,815380
2018-05-16_09-31-18.143206138,1526455878.145031278,2018-05-16_09-31-18.148978274,1526455878.150730106,1.87,1.76,1.70,3434,64,5,0,0,0,0,8,0,0,1881859,6,1402408,36423446,9491,0,542,0,1736762,0,32804244,13800924,14301368,2116,815396
2018-05-16_09-31-48.194874084,1526455908.196724506,2018-05-16_09-31-48.200758338,1526455908.202502541,1.58,1.70,1.68,3434,64,5,0,0,0,0,8,0,0,1884745,6,1402770,36444227,9496,0,542,0,1739642,0,32804244,13800220,14300672,2116,815404
2018-05-16_09-32-18.246487058,1526455938.248279766,2018-05-16_09-32-18.252285475,1526455938.254044687,1.69,1.71,1.68,3434,64,5,0,0,0,0,8,0,0,1888516,6,1404825,36462422,9498,0,543,0,1743409,0,32804244,13800016,14300736,2116,815412
2018-05-16_09-32-48.298115063,1526455968.299915585,2018-05-16_09-32-48.303892022,1526455968.305611731,1.81,1.74,1.69,3434,64,5,0,0,0,0,8,0,0,1892185,6,1407186,36480408,9502,0,543,0,1747073,0,32804244,13801576,14302048,2116,815424
2018-05-16_09-33-18.349643394,1526455998.351422650,2018-05-16_09-33-18.355320425,1526455998.357051160,1.89,1.77,1.70,3434,64,5,0,0,0,0,8,0,0,1895718,6,1409682,36498393,9507,0,544,0,1750599,0,32804244,13814268,14314748,2116,815428
2018-05-16_09-33-48.400996494,1526456028.402754553,2018-05-16_09-33-48.406617234,1526456028.408345231,1.87,1.77,1.71,3434,64,5,0,0,0,0,8,0,0,1899548,6,1411895,36516369,9508,0,544,0,1754426,0,32804244,13814820,14315304,2116,815432
2018-05-16_09-34-18.452162812,1526456058.453932646,2018-05-16_09-34-18.457813761,1526456058.459533383,1.58,1.71,1.69,3434,64,5,0,0,0,0,8,0,0,1902439,6,1412275,36537119,9516,0,544,0,1757314,0,32804244,13814920,14315092,2116,815440
2018-05-16_09-34-48.503845257,1526456088.505792402,2018-05-16_09-34-48.509676830,1526456088.511413541,1.61,1.71,1.69,3434,64,5,0,0,0,0,8,0,0,1904473,6,1414731,36556748,9519,0,545,0,1759345,0,32804244,13815036,14315232,2116,815440
2018-05-16_09-35-18.555933282,1526456118.557809041,2018-05-16_09-35-18.561729914,1526456118.563538297,1.61,1.70,1.68,3434,64,5,0,0,0,0,8,0,0,1906429,6,1417413,36576240,9520,0,545,0,1761297,0,32804244,13813876,14314104,2116,815440
2018-05-16_09-35-48.607438551,1526456148.609204512,2018-05-16_09-35-48.613060329,1526456148.614781198,1.42,1.65,1.67,3434,64,5,0,0,0,0,8,0,0,1908295,6,1418709,36597113,9524,0,545,0,1763158,0,32804244,13813912,14314408,2116,815444
2018-05-16_09-36-18.658855562,1526456178.660841074,2018-05-16_09-36-18.664818779,1526456178.666571061,1.38,1.62,1.66,3434,64,5,0,0,0,0,8,0,0,1910237,6,1421203,36616736,9526,0,545,0,1765096,0,32804244,13813772,14314004,2116,815444
2018-05-16_09-36-48.710947922,1526456208.712919107,2018-05-16_09-36-48.716829016,1526456208.718564083,1.42,1.61,1.65,3434,64,5,0,0,0,0,8,0,0,1912171,6,1423831,36636241,9526,0,545,0,1767026,0,32804244,13814404,14314900,2116,815444
2018-05-16_09-37-18.762448128,1526456238.764213815,2018-05-16_09-37-18.768067251,1526456238.769795021,1.37,1.58,1.64,3434,64,5,0,0,0,0,8,0,0,1914071,6,1426452,36655738,9528,0,545,0,1768922,0,32804244,13814480,14314712,2116,815444
2018-05-16_09-37-48.814563277,1526456268.816407830,2018-05-16_09-37-48.820368805,1526456268.822132220,1.34,1.56,1.63,3434,64,5,0,0,0,0,8,0,0,1916017,6,1429055,36675239,9529,0,545,0,1770864,0,32804244,13815616,14316044,2116,815452
2018-05-16_09-38-18.866271336,1526456298.868079660,2018-05-16_09-38-18.872022907,1526456298.873775348,1.20,1.50,1.61,3434,64,5,0,0,0,0,8,0,0,1917888,6,1430361,36696087,9533,0,545,0,1772729,0,32804244,13801440,14301692,2116,815468
2018-05-16_09-38-48.917551712,1526456328.919334460,2018-05-16_09-38-48.923238425,1526456328.925064824,1.41,1.52,1.61,3434,64,5,0,0,0,0,8,0,0,1921210,6,1432796,36714345,9536,0,545,0,1776048,0,32804244,13801900,14302424,2116,815476
2018-05-16_09-39-18.968982339,1526456358.970793906,2018-05-16_09-39-18.974688382,1526456358.976434260,1.64,1.57,1.63,3434,64,5,0,0,0,0,8,0,0,1924576,6,1435472,36732313,9540,0,546,0,1779407,0,32804244,13800980,14301520,2116,815488
2018-05-16_09-39-49.020512017,1526456389.022338982,2018-05-16_09-39-49.026343531,1526456389.028099534,1.44,1.53,1.61,3434,64,5,0,0,0,0,8,0,0,1927450,6,1435923,36753002,9545,0,546,0,1782276,0,32804244,13798500,14299048,2116,815500
2018-05-16_09-40-19.072120582,1526456419.073916121,2018-05-16_09-40-19.077830114,1526456419.079571891,1.55,1.54,1.61,3434,64,5,0,0,0,0,8,0,0,1930760,6,1438350,36771276,9548,0,546,0,1785579,0,32804244,13801112,14301684,2116,815520
2018-05-16_09-40-49.123713439,1526456449.125504071,2018-05-16_09-40-49.129461805,1526456449.131182331,1.73,1.59,1.62,3434,64,5,0,0,0,0,8,0,0,1933894,6,1441234,36789265,9551,0,547,0,1788707,0,32804244,13800864,14301448,2116,815532
2018-05-16_09-41-19.175425704,1526456479.177204544,2018-05-16_09-41-19.181087887,1526456479.182803452,1.84,1.63,1.64,3434,64,5,0,0,0,0,8,0,0,1937086,6,1444058,36807256,9557,0,547,0,1791893,0,32804244,13813660,14314244,2116,815528
2018-05-16_09-41-49.226684164,1526456509.228454103,2018-05-16_09-41-49.232289939,1526456509.234008429,1.84,1.65,1.64,3434,64,5,0,0,0,0,8,0,0,1940522,6,1446634,36825251,9560,0,547,0,1795327,0,32804244,13814408,14314712,2116,815528
2018-05-16_09-42-19.278077028,1526456539.279856821,2018-05-16_09-42-19.283687649,1526456539.285390673,1.56,1.60,1.63,3434,64,5,0,0,0,0,8,0,0,1943402,6,1447106,36845918,9561,0,547,0,1798204,0,32804244,13813264,14313848,2116,815528
2018-05-16_09-42-49.329039798,1526456569.330799521,2018-05-16_09-42-49.334616605,1526456569.336332932,1.34,1.54,1.61,3434,64,5,0,0,0,0,8,0,0,1946221,6,1447341,36866882,9564,0,547,0,1801019,0,32804244,13813644,14314232,2116,815532
2018-05-16_09-43-19.380079025,1526456599.381872162,2018-05-16_09-43-19.385766639,1526456599.387500298,1.63,1.59,1.62,3434,64,5,0,0,0,0,8,0,0,1949091,6,1450146,36885219,9569,0,547,0,1803885,0,32804244,13813344,14313940,2116,815540
2018-05-16_09-43-49.431957752,1526456629.433830934,2018-05-16_09-43-49.437725843,1526456629.439469936,1.72,1.61,1.62,3434,64,5,0,0,0,0,8,0,0,1952476,6,1452772,36903213,9574,0,548,0,1807266,0,32804244,13812996,14313596,2116,815544
2018-05-16_09-44-19.483151793,1526456659.485023995,2018-05-16_09-44-19.488928605,1526456659.490661952,1.83,1.65,1.64,3434,64,5,0,0,0,0,8,0,0,1955745,6,1455518,36921206,9575,0,548,0,1810530,0,32804244,13813000,14313860,2116,815544
2018-05-16_09-44-49.534158952,1526456689.535951988,2018-05-16_09-44-49.539850772,1526456689.541593357,2.08,1.73,1.66,3434,64,5,0,0,0,0,8,0,0,1959019,6,1458258,36939204,9576,0,548,0,1813800,0,32804244,13813168,14313768,2116,815544
2018-05-16_09-45-19.584987454,1526456719.586777273,2018-05-16_09-45-19.590648948,1526456719.592387100,1.77,1.69,1.65,3434,64,5,0,0,0,0,8,0,0,1961883,6,1458788,36959832,9578,0,548,0,1816660,0,32804244,13812824,14313688,2116,815548
2018-05-16_09-45-49.635879181,1526456749.637647530,2018-05-16_09-45-49.641508747,1526456749.643242911,1.81,1.70,1.66,3434,64,5,0,0,0,0,8,0,0,1965034,6,1461293,36978189,9578,0,549,0,1819807,0,32804244,13812812,14313680,2116,815552
2018-05-16_09-46-19.686696497,1526456779.688515575,2018-05-16_09-46-19.692433006,1526456779.694178209,1.88,1.73,1.67,3434,64,5,0,0,0,0,8,0,0,1968202,6,1464146,36996172,9582,0,549,0,1822970,0,32804244,13800112,14300732,2116,815568
2018-05-16_09-46-49.737895652,1526456809.739679168,2018-05-16_09-46-49.743577243,1526456809.745312858,1.65,1.69,1.66,3434,64,5,0,0,0,0,8,0,0,1970284,6,1465511,37016743,9583,0,549,0,1825048,0,32804244,13800040,14300664,2116,815576
2018-05-16_09-47-19.789138075,1526456839.791031284,2018-05-16_09-47-19.794971042,1526456839.796718863,1.40,1.63,1.64,3434,64,5,0,0,0,0,8,0,0,1972213,6,1467908,37036418,9585,0,549,0,1826969,0,32804244,13800588,14301224,2116,815584
2018-05-16_09-47-49.841374473,1526456869.843410802,2018-05-16_09-47-49.847686226,1526456869.849450614,1.63,1.66,1.65,3434,64,5,0,0,0,0,8,0,0,1974072,6,1470529,37055932,9588,0,550,0,1828821,0,32804244,13800048,14300964,2116,815600
2018-05-16_09-48-19.894087827,1526456899.895971568,2018-05-16_09-48-19.900098843,1526456899.902014788,1.57,1.65,1.65,3434,64,5,0,0,0,0,8,0,0,1975954,6,1473145,37075420,9591,0,550,0,1830699,0,32804244,13800408,14300784,2116,815608
2018-05-16_09-48-49.946342679,1526456929.948368669,2018-05-16_09-48-49.952401737,1526456929.954152512,1.71,1.68,1.66,3434,64,5,0,0,0,0,8,0,0,1977869,6,1475738,37094916,9595,0,550,0,1832608,0,32804244,13799960,14300892,2116,815620
2018-05-16_09-49-19.997983272,1526456959.999782969,2018-05-16_09-49-20.003684510,1526456960.005418141,1.43,1.62,1.64,3434,64,5,0,0,0,0,8,0,0,1979742,6,1477107,37115699,9601,0,551,0,1834475,0,32804244,13811976,14312656,2116,815620
2018-05-16_09-49-50.049179788,1526456990.051141397,2018-05-16_09-49-50.055060968,1526456990.056810376,1.38,1.59,1.63,3434,64,5,0,0,0,0,8,0,0,1981562,6,1479554,37135400,9602,0,551,0,1836292,0,32804244,13812336,14313016,2116,815620
2018-05-16_09-50-20.100526958,1526457020.102417739,2018-05-16_09-50-20.106354995,1526457020.108089467,1.41,1.58,1.63,3434,64,5,0,0,0,0,8,0,0,1983349,6,1482203,37154889,9607,0,551,0,1838074,0,32804244,13813372,14314064,2116,815632
2018-05-16_09-50-50.151758178,1526457050.153534115,2018-05-16_09-50-50.157405474,1526457050.159157045,1.25,1.53,1.61,3434,64,5,0,0,0,0,8,0,0,1986016,6,1482759,37175680,9608,0,551,0,1840738,0,32804244,13813148,14313488,2116,815640
2018-05-16_09-51-20.202654416,1526457080.204450105,2018-05-16_09-51-20.208333229,1526457080.210082084,1.55,1.57,1.62,3434,64,5,0,0,0,0,8,0,0,1989680,6,1484695,37194092,9610,0,551,0,1844396,0,32804244,13813208,14313912,2116,815644
2018-05-16_09-51-50.253606697,1526457110.255390307,2018-05-16_09-51-50.259264987,1526457110.261011500,1.67,1.60,1.63,3434,64,5,0,0,0,0,8,0,0,1993319,6,1487072,37212087,9612,0,552,0,1848033,0,32804244,13810724,14311692,2116,815648
2018-05-16_09-52-20.304457132,1526457140.306244919,2018-05-16_09-52-20.310143064,1526457140.311887661,1.80,1.64,1.64,3434,64,5,0,0,0,0,8,0,0,1997088,6,1489322,37230076,9613,0,552,0,1851798,0,32804244,13812488,14313196,2116,815648
2018-05-16_09-52-50.355456963,1526457170.357227400,2018-05-16_09-52-50.361104383,1526457170.362853075,1.88,1.67,1.65,3434,64,5,0,0,0,0,8,0,0,2000942,6,1491485,37248072,9614,0,552,0,1855649,0,32804244,13813016,14313724,2116,815648
2018-05-16_09-53-20.406304847,1526457200.408102300,2018-05-16_09-53-20.412026946,1526457200.413761031,1.59,1.62,1.63,3434,64,5,0,0,0,0,8,0,0,2003951,6,1491974,37268610,9615,0,553,0,1858653,0,32804244,13812228,14312936,2116,815648
2018-05-16_09-53-50.457867589,1526457230.459632835,2018-05-16_09-53-50.463520053,1526457230.465261963,1.70,1.64,1.64,3434,64,5,0,0,0,0,8,0,0,2007589,6,1493904,37287057,9617,0,553,0,1862287,0,32804244,13811692,14312668,2116,815656
2018-05-16_09-54-20.508862847,1526457260.510660975,2018-05-16_09-54-20.514575721,1526457260.516310857,1.82,1.68,1.65,3434,64,5,0,0,0,0,8,0,0,2011298,6,1496223,37305038,9621,0,553,0,1865989,0,32804244,13799300,14300288,2116,815672
2018-05-16_09-54-50.559975481,1526457290.561765881,2018-05-16_09-54-50.565657012,1526457290.567407160,1.55,1.63,1.64,3434,64,5,0,0,0,0,8,0,0,2014282,6,1496763,37325548,9622,0,553,0,1868970,0,32804244,13799440,14299920,2116,815688
2018-05-16_09-55-20.611025639,1526457320.612820555,2018-05-16_09-55-20.616727266,1526457320.618469036,1.79,1.68,1.65,3434,64,5,0,0,0,0,8,0,0,2017467,6,1499136,37344003,9628,0,554,0,1872148,0,32804244,13799800,14300556,2116,815700
2018-05-16_09-55-50.662363857,1526457350.664156644,2018-05-16_09-55-50.668111942,1526457350.669835515,1.81,1.69,1.66,3434,64,5,0,0,0,0,8,0,0,2020674,6,1501960,37361981,9632,0,554,0,1875349,0,32804244,13800072,14300836,2116,815708
2018-05-16_09-56-20.713819157,1526457380.715606561,2018-05-16_09-56-20.719517098,1526457380.721262786,1.83,1.71,1.67,3434,64,5,0,0,0,0,8,0,0,2023940,6,1504734,37379953,9635,0,555,0,1878611,0,32804244,13799560,14300332,2116,815716
2018-05-16_09-56-50.765906722,1526457410.767720887,2018-05-16_09-56-50.771682313,1526457410.773408190,1.97,1.75,1.68,3434,64,5,0,0,0,0,8,0,0,2027341,6,1507362,37397939,9638,0,555,0,1882005,0,32804244,13800448,14300968,2116,815728
2018-05-16_09-57-20.817864279,1526457440.819779149,2018-05-16_09-57-20.823724623,1526457440.825466837,1.64,1.70,1.67,3434,64,5,0,0,0,0,8,0,0,2030258,6,1507979,37418427,9642,0,555,0,1884917,0,32804244,13812940,14313720,2116,815720
2018-05-16_09-57-50.869471090,1526457470.871245667,2018-05-16_09-57-50.875094174,1526457470.876829265,1.73,1.71,1.67,3434,64,5,0,0,0,0,8,0,0,2033579,6,1510174,37436933,9646,0,556,0,1888234,0,32804244,13813440,14314228,2116,815728
2018-05-16_09-58-20.920654694,1526457500.922451175,2018-05-16_09-58-20.926305232,1526457500.928033425,1.84,1.74,1.68,3434,64,5,0,0,0,0,8,0,0,2036926,6,1512843,37454929,9647,0,556,0,1891576,0,32804244,13813764,14314220,2116,815728
2018-05-16_09-58-50.971871400,1526457530.973630897,2018-05-16_09-58-50.977471119,1526457530.979190151,1.56,1.68,1.67,3434,64,5,0,0,0,0,8,0,0,2039838,6,1513475,37475406,9648,0,556,0,1894485,0,32804244,13813704,14314212,2116,815728
2018-05-16_09-59-21.022979409,1526457561.024758512,2018-05-16_09-59-21.028616273,1526457561.030339639,1.62,1.68,1.67,3434,64,5,0,0,0,0,8,0,0,2043159,6,1515646,37493929,9651,0,556,0,1897802,0,32804244,13813076,14313864,2116,815732
2018-05-16_09-59-51.074156557,1526457591.075947078,2018-05-16_09-59-51.079853335,1526457591.081596594,1.77,1.71,1.68,3434,64,5,0,0,0,0,8,0,0,2046565,6,1518260,37511922,9652,0,557,0,1901204,0,32804244,13812740,14313532,2116,815732
2018-05-16_10-00-21.125490553,1526457621.127324381,2018-05-16_10-00-21.131216518,1526457621.132962841,1.80,1.72,1.69,3434,64,5,0,0,0,0,8,0,0,2049870,6,1520991,37529898,9654,0,557,0,1904503,0,32804244,13813368,14313896,2116,815744
2018-05-16_10-00-51.176634079,1526457651.178438449,2018-05-16_10-00-51.182332106,1526457651.184082266,1.88,1.75,1.69,3434,64,5,0,0,0,0,8,0,0,2053139,6,1523762,37547875,9655,0,558,0,1907769,0,32804244,13812876,14313688,2116,815752
2018-05-16_10-01-21.228030854,1526457681.229922240,2018-05-16_10-01-21.233810528,1526457681.235533633,1.59,1.69,1.68,3434,64,5,0,0,0,0,8,0,0,2056030,6,1524465,37568297,9657,0,558,0,1910653,0,32804244,13812884,14313700,2116,815756
2018-05-16_10-01-51.279558570,1526457711.281327011,2018-05-16_10-01-51.285157276,1526457711.286870880,1.70,1.71,1.68,3434,64,5,0,0,0,0,8,0,0,2059146,6,1526831,37586830,9659,0,558,0,1913765,0,32804244,13813472,14314296,2116,815764
2018-05-16_10-02-21.330863619,1526457741.332671980,2018-05-16_10-02-21.336603355,1526457741.338355465,1.82,1.74,1.69,3434,64,5,0,0,0,0,8,0,0,2062442,6,1529558,37604813,9662,0,559,0,1917055,0,32804244,13799948,14300788,2116,815784
2018-05-16_10-02-51.382167611,1526457771.383971809,2018-05-16_10-02-51.387882682,1526457771.389638118,1.55,1.68,1.67,3434,64,5,0,0,0,0,8,0,0,2065418,6,1530186,37625224,9664,0,559,0,1920028,0,32804244,13800120,14300968,2116,815792
