StartTime,StartEpoch,BW,EndTime,EndEpoch,CPULoad1m,CPULoad5m,CPULoad5m,NetDevRX,NetDevTX,IRQconfig,IRQinput,IRQoutput,user,nice,system,idle,iowait,irq,softirq,steal,guest,guest_nice,MemTotal,MemFree,MemAvailable,Buffers,Cached
2018-05-13_14-08-46.070395969,1526213326.072286416,36.656833,2018-05-13_14-09-16.433230125,1526213356.435098734,0.34,0.19,0.14,,,,,,3824,0,2097,430257,2359,0,3,0,0,0,32804244,31861716,31734052,2116,136684
2018-05-13_14-09-16.465096403,1526213356.466952697,36.656835,2018-05-13_14-09-46.706190829,1526213386.708145481,0.60,0.27,0.17,,,,,,6850,0,2105,451438,2359,0,3,0,0,0,32804244,31860740,31732292,2116,136688
2018-05-13_14-09-46.738064679,1526213386.739893835,36.656834,2018-05-13_14-10-16.979139133,1526213416.981019060,0.76,0.34,0.20,,,,,,9876,0,2114,472617,2359,0,3,0,0,0,32804244,31859128,31731516,2116,136700
2018-05-13_14-10-17.011293826,1526213417.013175212,36.656834,2018-05-13_14-10-47.252120006,1526213447.253993319,0.85,0.40,0.22,,,,,,12900,0,2120,493803,2359,0,3,0,0,0,32804244,31860832,31732704,2116,136704
2018-05-13_14-10-47.283976163,1526213447.285831439,36.656833,2018-05-13_14-11-17.524357373,1526213477.526219706,0.83,0.44,0.24,,,,,,15926,0,2125,514986,2359,0,3,0,0,0,32804244,31861032,31733200,2116,136708
2018-05-13_14-11-17.556174417,1526213477.558024827,36.656832,2018-05-13_14-11-47.796969921,1526213507.798826785,0.83,0.48,0.26,,,,,,18951,0,2130,536171,2359,0,3,0,0,0,32804244,31874720,31746556,2116,136700
2018-05-13_14-11-47.828757623,1526213507.830601069,36.656837,2018-05-13_14-12-18.069260291,1526213538.071136712,0.91,0.54,0.29,,,,,,21975,0,2134,557359,2359,0,3,0,0,0,32804244,31874720,31746852,2116,136700
2018-05-13_14-12-18.101052528,1526213538.102897201,36.656835,2018-05-13_14-12-48.341432643,1526213568.343290140,0.94,0.58,0.31,,,,,,24999,0,2138,578545,2359,0,3,0,0,0,32804244,31874628,31746500,2116,136700
2018-05-13_14-12-48.373223851,1526213568.375065587,36.656837,2018-05-13_14-13-18.613861969,1526213598.615741448,0.96,0.62,0.33,,,,,,28023,0,2141,599733,2359,0,3,0,0,0,32804244,31874104,31746236,2116,136700
2018-05-13_14-13-18.645425209,1526213598.647256208,36.656836,2018-05-13_14-13-48.885855648,1526213628.887709177,0.98,0.66,0.35,,,,,,31047,0,2146,620919,2359,0,3,0,0,0,32804244,31874340,31746448,2116,136700
2018-05-13_14-13-48.917453847,1526213628.919301366,36.656837,2018-05-13_14-14-19.157749445,1526213659.159614161,0.99,0.69,0.37,,,,,,34070,0,2150,642106,2359,0,3,0,0,0,32804244,31874060,31746748,2116,136700
2018-05-13_14-14-19.189404048,1526213659.191263972,36.656837,2018-05-13_14-14-49.429870980,1526213689.431723253,0.99,0.72,0.39,,,,,,37095,0,2155,663292,2359,0,3,0,0,0,32804244,31874504,31746636,2116,136700
2018-05-13_14-14-49.461626792,1526213689.463464871,36.656835,2018-05-13_14-15-19.702371122,1526213719.704233388,1.00,0.75,0.41,,,,,,40118,0,2162,684477,2359,0,3,0,0,0,32804244,31873684,31746044,2116,136700
2018-05-13_14-15-19.734161448,1526213719.735989151,36.656837,2018-05-13_14-15-49.974506346,1526213749.976377948,0.92,0.75,0.43,,,,,,43142,0,2167,705663,2359,0,4,0,0,0,32804244,31873620,31745820,2116,136700
2018-05-13_14-15-50.006247860,1526213750.008076765,36.656837,2018-05-13_14-16-20.246593871,1526213780.248460195,0.95,0.78,0.44,,,,,,46166,0,2171,726850,2359,0,4,0,0,0,32804244,31873540,31745748,2116,136700
2018-05-13_14-16-20.278225985,1526213780.280096042,36.656837,2018-05-13_14-16-50.519061970,1526213810.520955129,0.97,0.80,0.46,,,,,,49191,0,2178,748033,2359,0,4,0,0,0,32804244,31861144,31733356,2116,136708
2018-05-13_14-16-50.551028773,1526213810.552874051,36.656837,2018-05-13_14-17-20.791593597,1526213840.793454860,0.98,0.82,0.48,,,,,,52214,0,2181,769220,2359,0,4,0,0,0,32804244,31860956,31733328,2116,136708
2018-05-13_14-17-20.823325901,1526213840.825151644,36.656829,2018-05-13_14-17-51.063915902,1526213871.065818178,0.91,0.82,0.49,,,,,,55240,0,2189,790402,2359,0,4,0,0,0,32804244,31861232,31733424,2116,136712
2018-05-13_14-17-51.095769833,1526213871.097611534,36.656834,2018-05-13_14-18-21.336280227,1526213901.338152822,0.95,0.84,0.51,,,,,,58266,0,2196,811584,2359,0,4,0,0,0,32804244,31860488,31732904,2116,136716
2018-05-13_14-18-21.368051611,1526213901.369914279,36.656836,2018-05-13_14-18-51.608760324,1526213931.610611005,1.05,0.87,0.53,,,,,,61290,0,2201,832770,2359,0,4,0,0,0,32804244,31861860,31734008,2116,136720
2018-05-13_14-18-51.640568387,1526213931.642437160,36.656834,2018-05-13_14-19-21.881281932,1526213961.883218666,0.96,0.86,0.54,,,,,,64316,0,2207,853953,2359,0,4,0,0,0,32804244,31861328,31733268,2116,136720
2018-05-13_14-19-21.913182308,1526213961.915042407,36.656834,2018-05-13_14-19-52.153564017,1526213992.155425795,0.92,0.86,0.55,,,,,,67340,0,2212,875138,2359,0,4,0,0,0,32804244,31874024,31746332,2116,136716
2018-05-13_14-19-52.185408755,1526213992.187249699,36.656836,2018-05-13_14-20-22.425786437,1526214022.427664188,0.95,0.87,0.56,,,,,,70365,0,2217,896323,2359,0,4,0,0,0,32804244,31874176,31746656,2116,136720
2018-05-13_14-20-22.457753273,1526214022.459606129,36.656833,2018-05-13_14-20-52.697992196,1526214052.699880262,0.97,0.89,0.58,,,,,,73388,0,2223,917509,2359,0,4,0,0,0,32804244,31874776,31746984,2116,136720
2018-05-13_14-20-52.729879098,1526214052.731726744,36.656838,2018-05-13_14-21-22.970089195,1526214082.971970542,1.04,0.91,0.60,,,,,,76412,0,2226,938697,2359,0,4,0,0,0,32804244,31874600,31746500,2116,136720
2018-05-13_14-21-23.001736308,1526214083.003577650,36.656836,2018-05-13_14-21-53.242321139,1526214113.244166083,1.02,0.92,0.61,,,,,,79436,0,2230,959882,2359,0,4,0,0,0,32804244,31873468,31746208,2116,136720
2018-05-13_14-21-53.274099106,1526214113.275960232,36.656838,2018-05-13_14-22-23.514667243,1526214143.516545037,1.01,0.93,0.62,,,,,,82460,0,2233,981070,2359,0,4,0,0,0,32804244,31873560,31745744,2116,136720
2018-05-13_14-22-23.546329898,1526214143.548168276,36.656837,2018-05-13_14-22-53.786625320,1526214173.788489809,1.07,0.95,0.64,,,,,,85484,0,2239,1002256,2359,0,4,0,0,0,32804244,31873868,31746288,2116,136720
2018-05-13_14-22-53.818341290,1526214173.820193740,36.656837,2018-05-13_14-23-24.058744369,1526214204.060600139,1.04,0.96,0.65,,,,,,88506,0,2243,1023444,2359,0,4,0,0,0,32804244,31873716,31745896,2116,136720
2018-05-13_14-23-24.090372312,1526214204.092221103,36.656836,2018-05-13_14-23-54.330805190,1526214234.332665362,1.03,0.96,0.66,,,,,,91530,0,2248,1044630,2359,0,4,0,0,0,32804244,31873768,31746016,2116,136720
2018-05-13_14-23-54.362505570,1526214234.364330067,36.656837,2018-05-13_14-24-24.602753741,1526214264.604593011,1.09,0.98,0.68,,,,,,94554,0,2251,1065818,2359,0,4,0,0,0,32804244,31874068,31745696,2116,136720
2018-05-13_14-24-24.634378308,1526214264.636215422,36.656836,2018-05-13_14-24-54.874950886,1526214294.876803448,1.05,0.98,0.69,,,,,,97580,0,2258,1087000,2359,0,4,0,0,0,32804244,31861048,31733476,2116,136728
2018-05-13_14-24-54.906752028,1526214294.908587146,36.656832,2018-05-13_14-25-25.147137838,1526214325.149025770,0.96,0.97,0.69,,,,,,100603,0,2262,1108187,2359,0,4,0,0,0,32804244,31859592,31731832,2116,136732
2018-05-13_14-25-25.179183128,1526214325.181040120,36.656834,2018-05-13_14-25-55.419704887,1526214355.421554622,0.98,0.97,0.70,,,,,,103629,0,2270,1129368,2359,0,4,0,0,0,32804244,31859556,31731760,2116,136732
2018-05-13_14-25-55.451527602,1526214355.453378296,36.656836,2018-05-13_14-26-25.691882754,1526214385.693772414,1.04,0.99,0.71,,,,,,106655,0,2275,1150551,2359,0,4,0,0,0,32804244,31860196,31732960,2116,136736
2018-05-13_14-26-25.723798371,1526214385.725628012,36.656836,2018-05-13_14-26-55.964595986,1526214415.966482030,1.02,0.99,0.72,,,,,,109680,0,2280,1171737,2359,0,4,0,0,0,32804244,31860500,31732908,2116,136736
2018-05-13_14-26-55.996473153,1526214415.998312390,36.656831,2018-05-13_14-27-26.237264933,1526214446.239152924,0.95,0.97,0.73,,,,,,112705,0,2285,1192920,2359,0,4,0,0,0,32804244,31860140,31732632,2116,136740
2018-05-13_14-27-26.269118003,1526214446.270972892,36.656833,2018-05-13_14-27-56.509701767,1526214476.511566624,0.91,0.96,0.73,,,,,,115731,0,2290,1214105,2359,0,4,0,0,0,32804244,31873552,31744884,2116,136732
2018-05-13_14-27-56.541505296,1526214476.543391965,36.656837,2018-05-13_14-28-26.781762250,1526214506.783619476,0.95,0.96,0.74,,,,,,118755,0,2293,1235293,2359,0,4,0,0,0,32804244,31873468,31745672,2116,136732
2018-05-13_14-28-26.813452640,1526214506.815322998,36.656838,2018-05-13_14-28-57.053644556,1526214537.055506407,0.97,0.97,0.75,,,,,,121779,0,2298,1256479,2359,0,4,0,0,0,32804244,31872952,31745176,2116,136736
2018-05-13_14-28-57.085437132,1526214537.087268851,36.656838,2018-05-13_14-29-27.325469768,1526214567.327330032,0.98,0.97,0.76,,,,,,124802,0,2302,1277666,2359,0,4,0,0,0,32804244,31872780,31744568,2116,136736
2018-05-13_14-29-27.357281512,1526214567.359125808,36.656837,2018-05-13_14-29-57.598020961,1526214597.599879978,0.99,0.97,0.77,,,,,,127826,0,2307,1298853,2359,0,4,0,0,0,32804244,31872824,31745344,2116,136736
2018-05-13_14-29-57.629786220,1526214597.631621339,36.656837,2018-05-13_14-30-27.870311581,1526214627.872210255,0.99,0.97,0.77,,,,,,130849,0,2313,1320038,2359,0,4,0,0,0,32804244,31872620,31745096,2116,136748
2018-05-13_14-30-27.902098953,1526214627.903957453,36.656835,2018-05-13_14-30-58.142574702,1526214658.144427465,1.00,0.98,0.78,,,,,,133872,0,2318,1341224,2359,0,4,0,0,0,32804244,31872504,31744676,2116,136748
2018-05-13_14-30-58.174307973,1526214658.176155007,36.656837,2018-05-13_14-31-28.414607686,1526214688.416472205,1.00,0.98,0.79,,,,,,136896,0,2321,1362411,2359,0,4,0,0,0,32804244,31871428,31743956,2116,136748
2018-05-13_14-31-28.446328851,1526214688.448177121,36.656835,2018-05-13_14-31-58.686747871,1526214718.688597396,1.00,0.98,0.79,,,,,,139919,0,2327,1383597,2359,0,4,0,0,0,32804244,31871656,31743628,2116,136748
2018-05-13_14-31-58.718523193,1526214718.720367528,36.656837,2018-05-13_14-32-28.958900753,1526214748.960752000,1.00,0.99,0.80,,,,,,142943,0,2331,1404785,2359,0,4,0,0,0,32804244,31871860,31743572,2116,136748
2018-05-13_14-32-28.990615478,1526214748.992454640,36.656829,2018-05-13_14-32-59.231005470,1526214779.232869359,1.00,0.99,0.80,,,,,,145968,0,2338,1425967,2359,0,4,0,0,0,32804244,31860820,31732792,2116,136756
2018-05-13_14-32-59.262918603,1526214779.264766183,36.656830,2018-05-13_14-33-29.503239587,1526214809.505122668,0.92,0.97,0.80,,,,,,148992,0,2341,1447154,2359,0,4,0,0,0,32804244,31860352,31733128,2116,136760
2018-05-13_14-33-29.534942198,1526214809.536783884,36.656834,2018-05-13_14-33-59.775682035,1526214839.777556052,0.95,0.97,0.81,,,,,,152017,0,2349,1468336,2359,0,5,0,0,0,32804244,31860884,31732504,2116,136760
2018-05-13_14-33-59.807447532,1526214839.809301816,36.656836,2018-05-13_14-34-30.048209526,1526214870.050075151,0.91,0.96,0.81,,,,,,155042,0,2355,1489518,2359,0,5,0,0,0,32804244,31860464,31733220,2116,136764
2018-05-13_14-34-30.079925913,1526214870.081771522,36.656834,2018-05-13_14-35-00.320318876,1526214900.322174934,0.95,0.96,0.82,,,,,,158067,0,2359,1510704,2359,0,5,0,0,0,32804244,31861112,31733228,2116,136764
2018-05-13_14-35-00.352221963,1526214900.354104816,36.656835,2018-05-13_14-35-30.593136859,1526214930.595051864,0.97,0.96,0.82,,,,,,161092,0,2366,1531887,2359,0,5,0,0,0,32804244,31860708,31733496,2116,136768
2018-05-13_14-35-30.625120533,1526214930.626998572,36.656831,2018-05-13_14-36-00.866110287,1526214960.867982595,0.98,0.97,0.83,,,,,,164117,0,2371,1553072,2359,0,5,0,0,0,32804244,31873680,31745872,2116,136760
2018-05-13_14-36-00.897945858,1526214960.899797640,36.656835,2018-05-13_14-36-31.138515056,1526214991.140371517,0.99,0.97,0.83,,,,,,167140,0,2374,1574260,2359,0,5,0,0,0,32804244,31873068,31745032,2116,136760
2018-05-13_14-36-31.170305083,1526214991.172143551,36.656834,2018-05-13_14-37-01.410768087,1526215021.412617778,0.99,0.97,0.84,,,,,,170164,0,2379,1595446,2359,0,5,0,0,0,32804244,31873364,31745340,2116,136760
2018-05-13_14-37-01.442644578,1526215021.444501626,36.656835,2018-05-13_14-37-31.683005300,1526215051.684891820,1.00,0.98,0.85,,,,,,173187,0,2383,1616634,2359,0,5,0,0,0,32804244,31873296,31745816,2116,136760
2018-05-13_14-37-31.714778520,1526215051.716617530,36.656837,2018-05-13_14-38-01.954922266,1526215081.956807655,1.00,0.98,0.85,,,,,,176210,0,2388,1637820,2359,0,5,0,0,0,32804244,31873472,31745708,2116,136760
2018-05-13_14-38-01.986699557,1526215081.988530746,36.656837,2018-05-13_14-38-32.226904327,1526215112.228935732,1.00,0.98,0.86,,,,,,179234,0,2394,1659005,2359,0,5,0,0,0,32804244,31873744,31745472,2116,136760
2018-05-13_14-38-32.258142946,1526215112.260017113,36.656838,2018-05-13_14-39-02.498719243,1526215142.500560208,1.00,0.98,0.86,,,,,,182258,0,2397,1680193,2359,0,5,0,0,0,32804244,31873772,31745744,2116,136764
2018-05-13_14-39-02.530466648,1526215142.532328072,36.656835,2018-05-13_14-39-32.771153406,1526215172.772994714,1.00,0.99,0.87,,,,,,185282,0,2402,1701380,2359,0,5,0,0,0,32804244,31871816,31744316,2116,136764
2018-05-13_14-39-32.802936078,1526215172.804799807,36.656838,2018-05-13_14-40-03.043110668,1526215203.044986168,1.00,0.99,0.87,,,,,,188307,0,2406,1722565,2359,0,5,0,0,0,32804244,31871888,31744328,2116,136764
2018-05-13_14-40-03.075041255,1526215203.076881467,36.656836,2018-05-13_14-40-33.315538383,1526215233.317392604,1.00,0.99,0.87,,,,,,191331,0,2411,1743751,2359,0,5,0,0,0,32804244,31873292,31744924,2116,136772
2018-05-13_14-40-33.347259295,1526215233.349107949,36.656836,2018-05-13_14-41-03.587517122,1526215263.589383221,1.00,0.99,0.88,,,,,,194355,0,2417,1764934,2359,0,5,0,0,0,32804244,31860368,31732912,2116,136784
2018-05-13_14-41-03.619466196,1526215263.621313315,36.656837,2018-05-13_14-41-33.860083554,1526215293.861975355,1.00,0.99,0.88,,,,,,197381,0,2424,1786116,2359,0,5,0,0,0,32804244,31859980,31732224,2116,136784
2018-05-13_14-41-33.891968316,1526215293.893817899,36.656837,2018-05-13_14-42-04.132728284,1526215324.134596383,1.00,0.99,0.88,,,,,,200405,0,2428,1807303,2359,0,5,0,0,0,32804244,31860632,31732856,2116,136788
2018-05-13_14-42-04.164235696,1526215324.166086076,36.656835,2018-05-13_14-42-34.405010033,1526215354.406881467,1.00,0.99,0.88,,,,,,203431,0,2436,1828484,2359,0,5,0,0,0,32804244,31861724,31733600,2116,136788
2018-05-13_14-42-34.436916890,1526215354.438766042,36.656833,2018-05-13_14-43-04.677338896,1526215384.679206433,1.00,0.99,0.89,,,,,,206457,0,2442,1849666,2359,0,5,0,0,0,32804244,31861164,31733368,2116,136792
2018-05-13_14-43-04.709147834,1526215384.710999617,36.656834,2018-05-13_14-43-34.949409568,1526215414.951271794,1.00,0.99,0.89,,,,,,209481,0,2447,1870852,2359,0,5,0,0,0,32804244,31861008,31733000,2116,136792
2018-05-13_14-43-34.981208530,1526215414.983064054,36.656831,2018-05-13_14-44-05.221754282,1526215445.223639575,1.00,0.99,0.89,,,,,,212505,0,2451,1892039,2359,0,5,0,0,0,32804244,31874300,31746488,2116,136784
2018-05-13_14-44-05.253598487,1526215445.255440737,36.656837,2018-05-13_14-44-35.494226862,1526215475.496094821,1.00,0.99,0.90,,,,,,215529,0,2457,1913225,2359,0,5,0,0,0,32804244,31873348,31745792,2116,136784
2018-05-13_14-44-35.525943200,1526215475.527789657,36.656837,2018-05-13_14-45-05.766301033,1526215505.768167221,1.07,1.00,0.90,,,,,,218552,0,2460,1934412,2359,0,5,0,0,0,32804244,31873968,31745980,2116,136784
2018-05-13_14-45-05.798037149,1526215505.799907024,36.656835,2018-05-13_14-45-36.038565370,1526215536.040440832,1.04,1.00,0.91,,,,,,221576,0,2464,1955598,2359,0,5,0,0,0,32804244,31873896,31746168,2116,136784
2018-05-13_14-45-36.070281753,1526215536.072154784,36.656837,2018-05-13_14-46-06.310551104,1526215566.312426188,1.03,1.00,0.91,,,,,,224600,0,2468,1976785,2359,0,5,0,0,0,32804244,31873104,31745648,2116,136784
2018-05-13_14-46-06.342373493,1526215566.344202036,36.656837,2018-05-13_14-46-36.582562287,1526215596.584400072,1.02,1.00,0.91,,,,,,227624,0,2473,1997971,2359,0,5,0,0,0,32804244,31873036,31745308,2116,136784
2018-05-13_14-46-36.614326171,1526215596.616171725,36.656831,2018-05-13_14-47-06.854663816,1526215626.856503698,1.06,1.02,0.92,,,,,,230647,0,2477,2019158,2359,0,5,0,0,0,32804244,31874064,31745980,2116,136784
2018-05-13_14-47-06.886371152,1526215626.888213204,36.656835,2018-05-13_14-47-37.126723827,1526215657.128599597,1.04,1.01,0.92,,,,,,233670,0,2483,2040344,2359,0,5,0,0,0,32804244,31873628,31745840,2116,136784
2018-05-13_14-47-37.158408738,1526215657.160248650,36.656837,2018-05-13_14-48-07.398508936,1526215687.400379204,1.02,1.01,0.93,,,,,,236694,0,2488,2061531,2359,0,5,0,0,0,32804244,31873144,31745428,2116,136784
2018-05-13_14-48-07.430168114,1526215687.432023685,36.656837,2018-05-13_14-48-37.670553413,1526215717.672410010,1.01,1.01,0.93,,,,,,239717,0,2493,2082717,2359,0,5,0,0,0,32804244,31873228,31745196,2116,136788
2018-05-13_14-48-37.702163561,1526215717.704032508,36.656831,2018-05-13_14-49-07.942925768,1526215747.944817400,0.93,1.00,0.93,,,,,,242742,0,2499,2103900,2359,0,5,0,0,0,32804244,31860948,31732944,2116,136800
2018-05-13_14-49-07.975228208,1526215747.977080192,36.656834,2018-05-13_14-49-38.216025169,1526215778.217879960,0.96,1.00,0.93,,,,,,245769,0,2506,2125081,2359,0,5,0,0,0,32804244,31860148,31732460,2116,136804
2018-05-13_14-49-38.247784050,1526215778.249651316,36.656836,2018-05-13_14-50-08.488219340,1526215808.490089281,0.98,1.00,0.93,,,,,,248794,0,2511,2146266,2359,0,5,0,0,0,32804244,31860484,31732484,2116,136808
2018-05-13_14-50-08.520122082,1526215808.521991386,36.656832,2018-05-13_14-50-38.760492088,1526215838.762347704,0.93,0.98,0.93,,,,,,251819,0,2519,2167447,2359,0,5,0,0,0,32804244,31859476,31732104,2116,136812
2018-05-13_14-50-38.792375602,1526215838.794239107,36.656835,2018-05-13_14-51-09.033288511,1526215869.035163458,0.96,0.99,0.93,,,,,,254845,0,2525,2188630,2359,0,5,0,0,0,32804244,31860148,31732432,2116,136812
2018-05-13_14-51-09.065179693,1526215869.067040868,36.656834,2018-05-13_14-51-39.306127394,1526215899.308023114,0.97,0.99,0.94,,,,,,257869,0,2530,2209816,2359,0,5,0,0,0,32804244,31860020,31732280,2116,136812
2018-05-13_14-51-39.337941231,1526215899.339790913,36.656832,2018-05-13_14-52-09.578435635,1526215929.580309962,0.92,0.97,0.94,,,,,,260894,0,2534,2231003,2359,0,6,0,0,0,32804244,31872164,31745228,2116,136808
2018-05-13_14-52-09.610128793,1526215929.611982787,36.656834,2018-05-13_14-52-39.850474285,1526215959.852345335,0.95,0.97,0.94,,,,,,263918,0,2539,2252188,2359,0,6,0,0,0,32804244,31872120,31745184,2116,136808
2018-05-13_14-52-39.882222350,1526215959.884098077,36.656837,2018-05-13_14-53-10.122633412,1526215990.124487174,0.97,0.98,0.94,,,,,,266941,0,2543,2273376,2359,0,6,0,0,0,32804244,31872620,31744916,2116,136808
2018-05-13_14-53-10.154415405,1526215990.156247119,36.656833,2018-05-13_14-53-40.394591097,1526216020.396433956,0.98,0.98,0.94,,,,,,269964,0,2548,2294562,2359,0,6,0,0,0,32804244,31872980,31744920,2116,136808
2018-05-13_14-53-40.426377083,1526216020.428224798,36.656837,2018-05-13_14-54-10.667094681,1526216050.668943691,0.99,0.98,0.95,,,,,,272987,0,2552,2315750,2359,0,6,0,0,0,32804244,31873228,31745784,2116,136808
2018-05-13_14-54-10.698849151,1526216050.700689251,36.656832,2018-05-13_14-54-40.939200553,1526216080.941048877,0.99,0.98,0.95,,,,,,276012,0,2557,2336936,2359,0,6,0,0,0,32804244,31872992,31744944,2116,136808
2018-05-13_14-54-40.971166319,1526216080.973123434,36.656837,2018-05-13_14-55-11.211669113,1526216111.213540178,1.00,0.99,0.95,,,,,,279035,0,2561,2358124,2359,0,6,0,0,0,32804244,31872740,31745184,2116,136808
2018-05-13_14-55-11.243423660,1526216111.245270310,36.656834,2018-05-13_14-55-41.483622227,1526216141.485493693,1.00,0.99,0.95,,,,,,282059,0,2566,2379310,2359,0,6,0,0,0,32804244,31872288,31744536,2116,136808
2018-05-13_14-55-41.515308143,1526216141.517146129,36.656835,2018-05-13_14-56-11.756023776,1526216171.757887263,1.00,0.99,0.95,,,,,,285083,0,2569,2400498,2359,0,6,0,0,0,32804244,31872504,31744764,2116,136808
2018-05-13_14-56-11.787786738,1526216171.789671018,36.656833,2018-05-13_14-56-42.028156296,1526216202.030010345,1.00,0.99,0.95,,,,,,288107,0,2574,2421684,2359,0,6,0,0,0,32804244,31872744,31745560,2116,136808
2018-05-13_14-56-42.059850699,1526216202.061718872,36.656834,2018-05-13_14-57-12.300557553,1526216232.302430785,0.94,0.97,0.95,,,,,,291131,0,2580,2442868,2359,0,6,0,0,0,32804244,31860480,31732484,2116,136816
2018-05-13_14-57-12.332413052,1526216232.334258377,36.656834,2018-05-13_14-57-42.573258269,1526216262.575134260,0.90,0.96,0.95,,,,,,294157,0,2587,2464049,2359,0,6,0,0,0,32804244,31859892,31731844,2116,136820
2018-05-13_14-57-42.605248767,1526216262.607089929,36.656836,2018-05-13_14-58-12.845495142,1526216292.847351603,0.94,0.96,0.95,,,,,,297180,0,2591,2485237,2359,0,6,0,0,0,32804244,31860180,31732704,2116,136820
2018-05-13_14-58-12.877328783,1526216292.879169061,36.656835,2018-05-13_14-58-43.117543708,1526216323.119419978,0.96,0.96,0.95,,,,,,300206,0,2599,2506418,2359,0,6,0,0,0,32804244,31860356,31732920,2116,136828
2018-05-13_14-58-43.149319277,1526216323.151170900,36.656834,2018-05-13_14-59-13.390190387,1526216353.392070848,0.98,0.97,0.95,,,,,,303232,0,2605,2527600,2359,0,6,0,0,0,32804244,31860468,31733032,2116,136828
2018-05-13_14-59-13.421961968,1526216353.423800468,36.656833,2018-05-13_14-59-43.662572436,1526216383.664434444,0.99,0.97,0.95,,,,,,306256,0,2610,2548786,2359,0,6,0,0,0,32804244,31859700,31732524,2116,136828
2018-05-13_14-59-43.694228063,1526216383.696099987,36.656832,2018-05-13_15-00-13.934605597,1526216413.936465217,0.99,0.97,0.95,,,,,,309281,0,2616,2569970,2359,0,6,0,0,0,32804244,31873248,31746068,2116,136840
2018-05-13_15-00-13.966487043,1526216413.968330605,36.656829,2018-05-13_15-00-44.206722688,1526216444.208592289,1.00,0.98,0.95,,,,,,312305,0,2620,2591156,2359,0,6,0,0,0,32804244,31872704,31744720,2116,136840
2018-05-13_15-00-44.238505187,1526216444.240345171,36.656835,2018-05-13_15-01-14.478804069,1526216474.480668147,1.00,0.98,0.95,,,,,,315331,0,2625,2612340,2360,0,6,0,0,0,32804244,31872516,31745088,2116,136840
2018-05-13_15-01-14.510640700,1526216474.512488308,36.656829,2018-05-13_15-01-44.751111994,1526216504.752960969,1.00,0.98,0.95,,,,,,318355,0,2630,2633526,2360,0,6,0,0,0,32804244,31873036,31745280,2116,136840
2018-05-13_15-01-44.782971075,1526216504.784820327,36.656837,2018-05-13_15-02-15.023755376,1526216535.025663147,1.00,0.98,0.95,,,,,,321378,0,2633,2654714,2360,0,6,0,0,0,32804244,31872432,31745004,2116,136840
2018-05-13_15-02-15.055413286,1526216535.057260355,36.656834,2018-05-13_15-02-45.295824782,1526216565.297713878,1.00,0.99,0.95,,,,,,324402,0,2639,2675900,2360,0,6,0,0,0,32804244,31872988,31745176,2116,136840
