StartTime,StartEpoch,EndTime,EndEpoch,CPULoad1m,CPULoad5m,CPULoad5m,NetDevRX,NetDevTX,IRQens2-0,IRQens2-1,IRQens2-2,IRQens2-3,IRQens2-4,IRQens2-5,IRQens2-6,IRQens2-7,user,nice,system,idle,iowait,irq,softirq,steal,guest,guest_nice,MemTotal,MemFree,MemAvailable,Buffers,Cached
2018-05-11_16-28-51.766603340,1526048931.768746060,2018-05-11_16-28-51.773310472,1526048931.775384700,0.60,0.78,0.47,482903108,555985158114,481041,3978735,2887627,441947,1466031,303118,907313,1557788,18278,0,27622,813649,5402,0,11087,0,17149,0,32804244,29927456,30343948,2116,727248
2018-05-11_16-29-21.823112051,1526048961.825172081,2018-05-11_16-29-21.829715959,1526048961.831824646,1.04,0.87,0.51,541953482,606911665110,1380323,4069535,3255439,442480,1466031,303118,907313,1582546,19789,0,29782,832757,5404,0,12122,0,18657,0,32804244,29927296,30344532,2116,727252
2018-05-11_16-29-51.882627959,1526048991.884789406,2018-05-11_16-29-51.889558902,1526048991.891559056,1.08,0.90,0.53,593033872,657504764798,1380861,4108133,3675933,443300,1466031,303118,907313,2351805,21230,0,31958,851961,5407,0,13100,0,20093,0,32804244,29927800,30345072,2116,727256
2018-05-11_16-30-21.939915975,1526049021.941877906,2018-05-11_16-30-21.946376746,1526049021.948534971,1.20,0.94,0.56,634670102,706371517770,1381032,4137488,4629865,443595,1466031,303118,907313,2351805,22587,0,34013,871430,5408,0,14169,0,21445,0,32804244,29939776,30357000,2116,727260
2018-05-11_16-30-51.998839748,1526049052.000792933,2018-05-11_16-30-52.005155837,1526049052.007130544,1.31,0.99,0.59,690388188,753487930914,1381337,5226240,4694949,443882,1479903,303118,907313,2351805,24119,0,36346,890388,5416,0,15235,0,22825,0,32804244,29931444,30349496,2116,727288
2018-05-11_16-31-22.055387554,1526049082.057269485,2018-05-11_16-31-22.061754364,1526049082.063923411,1.46,1.07,0.63,719355128,804365406714,1395689,5573162,4787233,445059,1917227,303118,907313,2351805,25573,0,38712,909378,5418,0,16301,0,24127,0,32804244,29932780,30349576,2116,727288
2018-05-11_16-31-52.112558481,1526049112.114597067,2018-05-11_16-31-52.119173472,1526049112.121150289,1.56,1.13,0.66,759558270,855728028748,1959755,6000065,4812507,445229,1917227,326154,907313,2351805,27046,0,41002,928397,5420,0,17361,0,25510,0,32804244,29934956,30351900,2116,727288
2018-05-11_16-32-22.170976725,1526049142.173140444,2018-05-11_16-32-22.177509096,1526049142.179563772,1.39,1.13,0.68,810548484,906271858988,1959848,6224338,5038426,445442,1917227,1107594,921248,2351805,28432,0,43208,947565,5431,0,18324,0,26892,0,32804244,29922576,30344704,2116,732556
2018-05-11_16-32-52.229406524,1526049172.231539364,2018-05-11_16-32-52.235840415,1526049172.237751759,1.23,1.12,0.69,856504714,957528377550,1960321,6313127,5399134,465975,1917227,1107594,1580833,2351805,29821,0,45397,966775,5432,0,19322,0,28274,0,32804244,29922432,30345320,2116,732556
2018-05-11_16-33-22.284979804,1526049202.286975359,2018-05-11_16-33-22.291402348,1526049202.293712364,1.14,1.11,0.70,908197136,1008976038600,1979812,6382793,5787360,1245030,1917227,1107594,1580833,2351805,31419,0,47584,985746,5433,0,20451,0,29846,0,32804244,29913544,30335996,2116,732556
2018-05-11_16-33-52.342533536,1526049232.344790341,2018-05-11_16-33-52.349523207,1526049232.351565888,1.28,1.14,0.72,966993750,1060085711474,2882737,6696587,5940186,1245568,1917227,1120398,1580833,2351805,32901,0,49753,1004840,5437,0,21481,0,31317,0,32804244,29914136,30337880,2116,733576
2018-05-11_16-34-22.401662242,1526049262.403767227,2018-05-11_16-34-22.408431413,1526049262.410548450,1.45,1.19,0.75,1004325404,1111117441736,2884489,6787134,6304056,1247533,1917227,1652201,1599929,2351805,34260,0,51901,1024138,5438,0,22454,0,32674,0,32804244,29910200,30333944,2116,733576
2018-05-11_16-34-52.461639996,1526049292.463648761,2018-05-11_16-34-52.468314894,1526049292.470116471,1.34,1.19,0.77,1062646562,1161515816900,2885734,6849146,6682729,1260390,1917227,1652201,2496624,2351805,35658,0,54076,1043302,5440,0,23401,0,34070,0,32804244,29909376,30333120,2116,733576
2018-05-11_16-35-22.518728456,1526049322.520569598,2018-05-11_16-35-22.525011921,1526049322.527017601,1.29,1.19,0.78,1094558684,1214139931824,2886109,6908921,7051485,1728119,1917227,1652201,2496624,2364800,37072,0,56192,1062572,5442,0,24460,0,35480,0,32804244,29895980,30319112,2116,733584
2018-05-11_16-35-52.577217732,1526049352.579337025,2018-05-11_16-35-52.584062614,1526049352.586030456,1.41,1.22,0.80,1138151266,1264728241602,2886418,7357705,7078888,1728399,1917227,1652201,2496624,3003036,38398,0,58323,1081861,5444,0,25445,0,36805,0,32804244,29892376,30316456,2116,733588
2018-05-11_16-36-22.635098995,1526049382.636989256,2018-05-11_16-36-22.641432828,1526049382.643516104,1.48,1.26,0.83,1188368104,1315298198456,2886675,7765937,7889302,1728836,1917227,1652201,2496624,3003036,39749,0,60452,1101127,5446,0,26467,0,38152,0,32804244,29888908,30312352,2116,733592
2018-05-11_16-36-52.692480902,1526049412.694626631,2018-05-11_16-36-52.699225716,1526049412.701207070,1.37,1.25,0.84,1214892398,1364747633848,2886745,8561643,7902084,1728928,1933290,1652201,2496624,3003036,40966,0,62473,1120666,5448,0,27523,0,39365,0,32804244,29888104,30311280,2116,733592
2018-05-11_16-37-22.751098407,1526049442.753230884,2018-05-11_16-37-22.758006825,1526049442.760018323,1.35,1.26,0.86,1270730820,1415321828512,2896966,8904369,8001228,1729810,2793153,1652201,2496624,3003036,42295,0,64622,1139903,5449,0,28501,0,40691,0,32804244,29886292,30310052,2116,733592
2018-05-11_16-37-52.807957761,1526049472.810148844,2018-05-11_16-37-52.814749250,1526049472.816687555,1.24,1.25,0.87,1300260298,1467674463606,3336198,9083857,8250342,1731023,2793153,1666305,2496624,3003036,43601,0,66715,1159267,5450,0,29508,0,41994,0,32804244,29885660,30309100,2116,733600
2018-05-11_16-38-22.866538493,1526049502.868476432,2018-05-11_16-38-22.872800446,1526049502.874630278,1.33,1.27,0.88,1350683984,1518059249524,3339064,9257624,8542275,1733021,2793153,2445862,2504804,3003036,44915,0,68856,1178499,5452,0,30485,0,43305,0,32804244,29894496,30318520,2116,733592
2018-05-11_16-38-52.923087669,1526049532.925125149,2018-05-11_16-38-52.929287842,1526049532.931029506,1.25,1.26,0.89,1384873302,1569004167304,3340826,9426311,8863436,1748384,2793153,2445862,3018084,3003036,46517,0,71697,1197859,5454,0,31462,0,44905,0,32804244,29890132,30313932,2116,733592
2018-05-11_16-39-22.979332966,1526049562.981499568,2018-05-11_16-39-22.985936665,1526049562.987812892,1.55,1.33,0.93,1437114908,1620176077932,3341833,9676817,9102969,2552051,2793153,2445862,3018084,3015875,48035,0,73885,1216931,5458,0,32587,0,46420,0,32804244,29888532,30311844,2116,733600
2018-05-11_16-39-53.037623372,1526049593.039944413,2018-05-11_16-39-53.044488061,1526049593.046502448,1.61,1.37,0.95,1495528418,1670353462710,3341953,10140397,9117178,2552268,2793153,2445862,3018084,3919547,49431,0,76037,1236129,5462,0,33567,0,47814,0,32804244,29880216,30303472,2116,733600
2018-05-11_16-40-23.096282465,1526049623.098402185,2018-05-11_16-40-23.103080506,1526049623.105105754,1.48,1.36,0.96,1526922600,1721798030646,3342425,10570585,9647665,2553001,2793153,2445862,3018084,3919547,50768,0,78145,1255536,5464,0,34574,0,49149,0,32804244,29876516,30300036,2116,733608
2018-05-11_16-40-53.154104076,1526049653.156071101,2018-05-11_16-40-53.160373808,1526049653.162370903,1.41,1.36,0.97,1574411054,1769445001516,3342472,11658813,9669927,2553106,2799894,2445862,3018084,3919547,52114,0,80194,1275011,5468,0,35644,0,50493,0,32804244,29874692,30298736,2116,733612
2018-05-11_16-41-23.211254698,1526049683.213199318,2018-05-11_16-41-23.217455757,1526049683.219434669,1.42,1.36,0.99,1603275380,1820577380516,3343052,12097256,9713918,2553580,3242573,2445862,3018084,3926123,53462,0,82328,1294394,5470,0,36632,0,51838,0,32804244,29874052,30298144,2116,733612
2018-05-11_16-41-53.269708499,1526049713.271650972,2018-05-11_16-41-53.276431347,1526049713.278539868,1.17,1.31,0.98,1649215930,1871168377724,3343330,12358133,9942155,2554541,3242573,2445862,3018084,4614369,54860,0,84473,1313681,5472,0,37617,0,53234,0,32804244,29872412,30295928,2116,733612
2018-05-11_16-42-23.327991627,1526049743.330082266,2018-05-11_16-42-23.334012734,1526049743.336094358,1.20,1.30,0.99,1705486720,1918645432980,3343704,12421763,11092970,2554971,3242573,2445862,3018084,4614369,56233,0,86522,1333120,5473,0,38691,0,54605,0,32804244,29872800,30296484,2116,733612
2018-05-11_16-42-53.386419812,1526049773.388407232,2018-05-11_16-42-53.392744751,1526049773.394857376,1.35,1.32,1.00,1734867402,1969931119474,3344414,13010570,11413434,2556851,3250005,2445862,3018084,4614369,57616,0,88604,1352550,5475,0,39696,0,55985,0,32804244,29872712,30296780,2116,733616
2018-05-11_16-43-23.443959388,1526049803.446239691,2018-05-11_16-43-23.450934649,1526049803.452930736,1.29,1.30,1.01,1786046928,2020344979248,3352458,13116382,11777354,2558582,4043701,2445862,3018084,4614369,59052,0,90757,1371777,5477,0,40673,0,57418,0,32804244,29858180,30281664,2116,733628
2018-05-11_16-43-53.501703289,1526049833.503655002,2018-05-11_16-43-53.508006771,1526049833.510115884,1.31,1.31,1.02,1845241878,2071359918176,4270747,13280149,12115654,2559366,4043701,2451107,3018084,4614369,60568,0,92901,1390909,5479,0,41701,0,58932,0,32804244,29858160,30281640,2116,733628
2018-05-11_16-44-23.561340999,1526049863.563638153,2018-05-11_16-44-23.568252548,1526049863.570391802,1.45,1.34,1.04,1883657558,2122206179792,4271736,13382022,12529735,2561991,4043701,3016989,3024036,4614369,61968,0,95045,1410228,5483,0,42679,0,60327,0,32804244,29853620,30277964,2116,733628
2018-05-11_16-44-53.621079465,1526049893.623256241,2018-05-11_16-44-53.627712574,1526049893.629633709,1.41,1.34,1.05,1935391836,2173012342668,4272502,13461758,12956801,2567594,4043701,3016989,3821103,4614369,63394,0,97215,1429468,5486,0,43631,0,61749,0,32804244,29855352,30278508,2116,733632
2018-05-11_16-45-23.677881965,1526049923.680067876,2018-05-11_16-45-23.684719518,1526049923.686646376,1.19,1.29,1.04,1966184936,2224940980756,4274822,13745385,13197155,3037124,4043701,3016989,3821103,4614369,64844,0,99320,1448717,5487,0,44705,0,63196,0,32804244,29848664,30272388,2116,733632
2018-05-11_16-45-53.735675330,1526049953.737806283,2018-05-11_16-45-53.742473130,1526049953.744631307,1.33,1.31,1.06,2011835566,2273176563952,4275446,13781789,14246111,3037759,4043701,3016989,3821103,4618412,66186,0,101363,1468196,5489,0,45767,0,64534,0,32804244,29845476,30269020,2116,733636
2018-05-11_16-46-23.794182194,1526049983.796291355,2018-05-11_16-46-23.800865056,1526049983.802996486,1.07,1.25,1.04,2065703470,2323665411628,4277629,13938198,14593102,3040075,4046094,3016989,3821103,5452947,67589,0,103522,1487431,5491,0,46739,0,65933,0,32804244,29858460,30282256,2116,733628
2018-05-11_16-46-53.851920384,1526050013.854037197,2018-05-11_16-46-53.858480816,1526050013.860648267,1.29,1.29,1.06,2095440436,2374883992758,4279118,14078453,14978484,3043682,4506140,3016989,3821103,5452947,68907,0,105633,1506833,5492,0,47726,0,67249,0,32804244,29858132,30281396,2116,733632
2018-05-11_16-47-23.908802692,1526050043.911003276,2018-05-11_16-47-23.915779247,1526050043.917804479,1.52,1.34,1.09,2153809850,2423788990838,4280157,15131561,15243864,3045723,4506140,3018900,3821103,5452947,70291,0,107726,1526164,5495,0,48761,0,68630,0,32804244,29851112,30275192,2116,733632
2018-05-11_16-47-53.969826728,1526050073.972016789,2018-05-11_16-47-53.976814474,1526050073.978805058,1.63,1.39,1.11,2205054912,2474544345920,4281061,15621451,15249972,3045832,4506140,3813282,3821103,5452947,71686,0,109889,1545394,5497,0,49740,0,70023,0,32804244,29853300,30277120,2116,733632
2018-05-11_16-48-24.028367850,1526050104.030525282,2018-05-11_16-48-24.034675792,1526050104.036581907,1.53,1.38,1.12,2236381254,2526094228136,4764370,16128819,15266383,3046615,4506140,3813282,3821103,5452947,73031,0,112002,1564738,5501,0,50762,0,71366,0,32804244,29852168,30275952,2116,733632
2018-05-11_16-48-54.087049884,1526050134.089012447,2018-05-11_16-48-54.093279577,1526050134.095197006,1.59,1.41,1.14,2288775820,2577435730082,4764413,16670977,15268663,3858601,4506140,3813282,3821220,5452947,74564,0,114141,1583814,5503,0,51893,0,72896,0,32804244,29852368,30276168,2116,733632
2018-05-11_16-49-24.143060110,1526050164.145062361,2018-05-11_16-49-24.149571998,1526050164.151577766,1.36,1.38,1.14,2326989458,2628262096720,4765566,17077819,15371938,3859815,4506140,3813282,4396472,5452947,75886,0,116267,1603151,5504,0,52881,0,74215,0,32804244,29852484,30276000,2116,733632
2018-05-11_16-49-54.199682197,1526050194.201698329,2018-05-11_16-49-54.206031959,1526050194.207988275,1.57,1.42,1.16,2356850968,2679378076972,4768104,17230819,15732183,3864106,4506140,4277421,4396472,5452947,77185,0,118371,1622537,5504,0,53862,0,75513,0,32804244,29851768,30275244,2116,733636
2018-05-11_16-50-24.255555488,1526050224.257437249,2018-05-11_16-50-24.261696469,1526050224.263603715,1.40,1.40,1.16,2416552926,2730808502936,5696323,17538177,15941424,3865671,4506140,4277421,4396472,5452947,78636,0,120501,1641649,5509,0,54892,0,76961,0,32804244,29850736,30274524,2116,733644
2018-05-11_16-50-54.311167980,1526050254.313296585,2018-05-11_16-50-54.317755601,1526050254.319810067,1.43,1.41,1.17,2459699076,2782230585934,5698347,17853659,16146793,4518284,4506140,4277421,4396472,5452947,80083,0,122615,1660813,5511,0,55993,0,78406,0,32804244,29850864,30274652,2116,733648
2018-05-11_16-51-24.368628060,1526050284.370789037,2018-05-11_16-51-24.375531547,1526050284.377616210,1.83,1.51,1.21,2511091274,2832790129694,5700704,17997151,16504848,4521455,4506140,4277421,5193768,5452947,81418,0,124750,1680067,5514,0,56962,0,79737,0,32804244,29835128,30259216,2116,733660
2018-05-11_16-51-54.427394220,1526050314.429394276,2018-05-11_16-51-54.434139133,1526050314.436218552,1.86,1.54,1.23,2568418256,2880355951076,5701453,18044522,17665332,4522076,4506140,4277421,5194759,5452947,82730,0,126782,1699523,5515,0,58023,0,81047,0,32804244,29834536,30258336,2116,733660
2018-05-11_16-52-24.483394612,1526050344.485519368,2018-05-11_16-52-24.490091565,1526050344.492055020,1.77,1.55,1.24,2599108118,2932165491460,5703578,18157152,18069301,4524721,4506140,4277421,5194759,5920823,84008,0,128903,1718898,5519,0,58993,0,82320,0,32804244,29833820,30257632,2116,733660
2018-05-11_16-52-54.540255397,1526050374.542149387,2018-05-11_16-52-54.546784988,1526050374.548718858,1.79,1.58,1.26,2658068316,2982793072696,5705924,18238393,18475831,4526417,5424577,4277421,5194759,5922116,85374,0,131052,1738072,5522,0,59954,0,83682,0,32804244,29833532,30257348,2116,733664
2018-05-11_16-53-24.598670194,1526050404.600839506,2018-05-11_16-53-24.605389759,1526050404.607317448,1.76,1.59,1.27,2688947874,3034315204414,5706368,18812728,18878074,4526926,5428226,4277421,5194759,5922116,86943,0,133677,1757489,5525,0,60961,0,85248,0,32804244,29834524,30258200,2116,733664
2018-05-11_16-53-54.657106735,1526050434.659149045,2018-05-11_16-53-54.663728361,1526050434.665907879,1.58,1.56,1.28,2740754408,3085144864932,5708934,18877894,19310210,4529346,5428226,5078089,5194759,5922116,88378,0,136039,1776716,5527,0,61915,0,86678,0,32804244,29834228,30257784,2116,733668
2018-05-11_16-54-24.715909385,1526050464.718069502,2018-05-11_16-54-24.722846073,1526050464.724879918,1.51,1.54,1.28,2771845678,3137128738154,6183769,19039862,19662783,4530380,5428226,5082359,5194759,5922116,89743,0,138144,1796064,5528,0,62934,0,88040,0,32804244,29847508,30271296,2116,733660
2018-05-11_16-54-54.773377236,1526050494.775498916,2018-05-11_16-54-54.779448895,1526050494.781159862,1.63,1.57,1.30,2832154932,3188972534214,6187789,19231666,19978026,5466694,5428226,5082359,5194759,5922116,91269,0,140320,1815034,5530,0,64067,0,89565,0,32804244,29846884,30270412,2116,733660
2018-05-11_16-55-24.828282071,1526050524.830242445,2018-05-11_16-55-24.834981142,1526050524.836973180,1.43,1.53,1.29,2871635130,3240106220204,6188452,19582776,20132915,5474616,5428226,5082359,5770604,5922116,92648,0,142478,1834367,5531,0,65036,0,90941,0,32804244,29846524,30270536,2116,733660
2018-05-11_16-55-54.885948907,1526050554.887777781,2018-05-11_16-55-54.892033121,1526050554.893879599,1.47,1.53,1.30,2904585792,3289786731320,6189073,19659626,21003523,5475355,5428226,5082359,5775072,5922116,93960,0,144552,1853888,5532,0,66067,0,92251,0,32804244,29845700,30269780,2116,733664
2018-05-11_16-56-24.943527299,1526050584.945619592,2018-05-11_16-56-24.950143170,1526050584.952081703,1.56,1.54,1.31,2956317254,3340661307890,6190495,19686383,21481064,5477172,5428226,5082359,5775072,6719750,95393,0,146708,1873121,5535,0,67044,0,93681,0,32804244,29844912,30268452,2116,733664
2018-05-11_16-56-55.002825375,1526050615.004877538,2018-05-11_16-56-55.009218564,1526050615.011335434,1.17,1.44,1.29,2976849868,3379817368152,6191463,19737151,21809562,5478708,5738422,5082359,5775072,6727218,96409,0,148400,1893509,5538,0,67714,0,94696,0,32804244,29844408,30267632,2116,733668
2018-05-11_16-57-25.059729687,1526050645.061819630,2018-05-11_16-57-25.066122193,1526050645.068075699,0.96,1.37,1.27,3034937042,3429771185670,6192624,20765764,22091208,5480825,5743225,5082359,5775072,6727218,97830,0,150511,1912835,5539,0,68720,0,96115,0,32804244,29844576,30268400,2116,733668
2018-05-11_16-57-55.117242865,1526050675.119517291,2018-05-11_16-57-55.124145347,1526050675.126020202,1.06,1.35,1.27,3086837848,3480741315718,6192726,21249168,22924439,5481179,5743225,5082359,5775072,6727218,99279,0,152617,1932109,5543,0,69705,0,97561,0,32804244,29843208,30266044,2116,733668
2018-05-11_16-58-25.175167856,1526050705.177336468,2018-05-11_16-58-25.181917272,1526050705.183907862,1.30,1.38,1.28,3126204638,3531862474898,6193551,21447467,23255271,5484157,5743225,5082359,5775072,7298861,100691,0,154732,1951429,5545,0,70689,0,98970,0,32804244,29843540,30267064,2116,733668
2018-05-11_16-58-55.234098575,1526050735.236140319,2018-05-11_16-58-55.240704614,1526050735.242838331,1.56,1.44,1.30,3177736804,3582706558216,6194515,21502350,23703596,5485602,6542249,5082359,5775072,7306133,102133,0,156891,1970678,5546,0,71638,0,100410,0,32804244,29843976,30267408,2116,733668
2018-05-11_16-59-25.291978448,1526050765.294158349,2018-05-11_16-59-25.298926318,1526050765.300928029,1.27,1.38,1.29,3201049642,3625022113440,6195221,22017398,23934398,5486765,6553206,5082359,5775072,7306133,103253,0,158672,1990828,5548,0,72394,0,101526,0,32804244,29832204,30255628,2116,733676
2018-05-11_16-59-55.349242723,1526050795.351357128,2018-05-11_16-59-55.355956576,1526050795.357935232,1.36,1.39,1.29,3230494960,3676504143114,6196157,22085682,24356462,5489669,6553206,5536749,5775072,7306133,104594,0,160780,2010234,5549,0,73357,0,102865,0,32804244,29825272,30249360,2116,733676
2018-05-11_17-00-25.408212129,1526050825.410293088,2018-05-11_17-00-25.414910476,1526050825.416829244,1.61,1.45,1.32,3282497276,3728130216348,7002710,22440503,24474999,5490036,6553206,5543653,5775072,7306133,106054,0,162924,2029404,5552,0,74387,0,104319,0,32804244,29825972,30249244,2116,733688
2018-05-11_17-00-55.465629427,1526050855.467678405,2018-05-11_17-00-55.472138854,1526050855.473991666,1.50,1.44,1.32,3325301954,3779984436846,7016102,22880971,24486871,6104097,6553206,5543653,5775072,7306133,107553,0,165051,2048533,5556,0,75492,0,105814,0,32804244,29826912,30250936,2116,733692
2018-05-11_17-01-25.522962927,1526050885.525082884,2018-05-11_17-01-25.529537537,1526050885.531415181,1.49,1.44,1.32,3376569608,3830845063184,7018030,23035082,24764633,6120661,6553206,5543653,6562689,7306133,108989,0,167244,2067682,5561,0,76480,0,107246,0,32804244,29826812,30250444,2116,733752
2018-05-11_17-01-55.580442581,1526050915.582505160,2018-05-11_17-01-55.586960429,1526050915.588965166,1.42,1.43,1.32,3426209998,3880572259974,7018856,23948069,24985797,6121793,6553206,5543653,6576064,7306133,110370,0,169359,2087020,5566,0,77503,0,108624,0,32804244,29826644,30250540,2116,733760
2018-05-11_17-02-25.639039971,1526050945.640969769,2018-05-11_17-02-25.645567447,1526050945.647672955,1.46,1.44,1.33,3456156116,3932630783952,7021008,24140510,25259536,6125687,6999950,5543653,6576064,7306133,111689,0,171488,2106405,5569,0,78482,0,109939,0,32804244,29838976,30263412,2116,733752
2018-05-11_17-02-55.696240511,1526050975.698308924,2018-05-11_17-02-55.702716453,1526050975.704731710,1.39,1.43,1.33,3515371162,3983437298252,7022798,24270107,25579206,6127184,7008420,5543653,6576064,8221847,113129,0,173676,2125562,5570,0,79429,0,111377,0,32804244,29838724,30262640,2116,733752
2018-05-11_17-03-25.755289360,1526051005.757197489,2018-05-11_17-03-25.761501063,1526051005.763352703,1.39,1.42,1.33,3558743968,4033913144996,7022946,24530844,26386405,6127396,7008420,5543653,6576064,8240121,114465,0,175776,2144941,5571,0,80453,0,112711,0,32804244,29838332,30262248,2116,733752
2018-05-11_17-03-55.812486936,1526051035.814576083,2018-05-11_17-03-55.818913642,1526051035.820940084,1.51,1.44,1.33,3598145510,4085159132906,7024497,24586836,26796768,6128741,7008420,5543653,7149207,8240121,115806,0,177920,2164241,5572,0,81422,0,114050,0,32804244,29838996,30262300,2116,733756
2018-05-11_17-04-25.870667323,1526051065.872645021,2018-05-11_17-04-25.877153025,1526051065.878944595,1.37,1.42,1.33,3650441394,4137470962832,7025091,24785560,27061233,6919010,7008420,5543653,7161543,8240121,117325,0,180066,2183312,5574,0,82539,0,115566,0,32804244,29838328,30261948,2116,733760
2018-05-11_17-04-55.926465573,1526051095.928412972,2018-05-11_17-04-55.932648218,1526051095.934720186,1.14,1.36,1.31,3686948926,4187322261428,7563601,24969851,27313265,6937667,7008420,5543653,7161543,8240121,118620,0,182106,2202772,5577,0,83492,0,116860,0,32804244,29838124,30261964,2116,733760
2018-05-11_17-05-25.984142481,1526051125.986216402,2018-05-11_17-05-25.990322976,1526051125.992058555,1.34,1.39,1.32,3737435826,4237681655616,7569436,25056106,27684033,6938831,7008420,6330006,7161543,8240121,119981,0,184253,2222010,5578,0,84450,0,118218,0,32804244,29838228,30261592,2116,733760
2018-05-11_17-05-56.042326159,1526051156.044283551,2018-05-11_17-05-56.048868654,1526051156.050894996,1.29,1.37,1.32,3793068740,4288939053110,7570752,25117843,28058181,6940598,7008420,6348808,8012494,8240121,121283,0,186393,2241271,5581,0,85411,0,119518,0,32804244,29836016,30259916,2116,733760
2018-05-11_17-06-26.099416200,1526051186.101419369,2018-05-11_17-06-26.105556356,1526051186.107503784,1.29,1.37,1.32,3825928266,4341278481268,7570846,25344387,28277808,7418569,7008420,6348808,8035147,8240121,122688,0,188521,2260510,5582,0,86470,0,120922,0,32804244,29836720,30260368,2116,733760
2018-05-11_17-06-56.155409251,1526051216.157221387,2018-05-11_17-06-56.161537307,1526051216.163445377,1.28,1.36,1.32,3885696528,4393444569076,8486975,25510834,28572347,7430483,7008420,6348808,8035147,8240121,124119,0,190665,2279616,5586,0,87489,0,122351,0,32804244,29837252,30260628,2116,733760
2018-05-11_17-07-26.211524333,1526051246.213855076,2018-05-11_17-07-26.218357403,1526051246.220309963,1.30,1.36,1.32,3926370796,4445494989838,8513673,25562485,28958770,7432189,7008420,6927232,8035147,8240121,125355,0,192764,2298990,5588,0,88485,0,123584,0,32804244,29822896,30247128,2116,733768
2018-05-11_17-07-56.270487341,1526051276.272518641,2018-05-11_17-07-56.277433478,1526051276.279452026,1.16,1.32,1.31,3955199666,4497185526230,8514366,26103507,29283699,7433098,7008420,6943034,8035147,8240121,126599,0,195047,2318391,5589,0,89482,0,124825,0,32804244,29823960,30247616,2116,733768
2018-05-11_17-08-26.330051705,1526051306.332200390,2018-05-11_17-08-26.336757372,1526051306.338878397,1.69,1.44,1.35,4005849336,4548198624192,8515617,26209869,29643182,7434558,7789578,6943034,8035147,8240121,128376,0,197810,2337581,5589,0,90446,0,126597,0,32804244,29823460,30247668,2116,733772
2018-05-11_17-08-56.389377487,1526051336.391634651,2018-05-11_17-08-56.396310189,1526051336.398302949,1.75,1.47,1.36,4046095038,4599475292968,8516739,26245275,30052562,7436090,7812286,6943034,8035147,8807569,129756,0,199981,2356842,5591,0,91418,0,127972,0,32804244,29823956,30247616,2116,733776
2018-05-11_17-09-26.448039542,1526051366.450200529,2018-05-11_17-09-26.454871098,1526051366.456833007,1.66,1.48,1.37,4102672516,4647519168296,8516993,26252276,31162838,7436523,7812286,6943034,8035147,8824457,131077,0,202056,2376267,5594,0,92486,0,129291,0,32804244,29824284,30247640,2116,733776
2018-05-11_17-09-56.505864822,1526051396.507993717,2018-05-11_17-09-56.512257384,1526051396.514326398,1.55,1.46,1.36,4142858698,4698799152298,8518395,26366603,31531875,7439005,7812286,6943034,8602748,8824457,132468,0,204210,2395558,5598,0,93462,0,130677,0,32804244,29823760,30247700,2116,733776
2018-05-11_17-10-26.564457694,1526051426.566473840,2018-05-11_17-10-26.570539991,1526051426.572460385,1.57,1.47,1.37,4194543184,4750686511268,8518836,26715496,31642253,8227846,7812286,6943034,8620448,8824457,133987,0,206383,2414589,5598,0,94577,0,132193,0,32804244,29838960,30262564,2116,733784
2018-05-11_17-10-56.619550598,1526051456.621570738,2018-05-11_17-10-56.626289601,1526051456.628366308,1.57,1.47,1.37,4224208726,4803299634668,8950595,26840957,31970289,8253996,7812286,6943034,8620448,8824457,135362,0,208507,2433923,5601,0,95588,0,133565,0,32804244,29837452,30261364,2116,733788
2018-05-11_17-11-26.677688075,1526051486.679683703,2018-05-11_17-11-26.684291718,1526051486.686494012,1.48,1.46,1.37,4275288220,4854411579536,8966848,26923522,32348610,8255814,7812286,7720758,8620448,8824457,136805,0,210697,2453128,5603,0,96546,0,135006,0,32804244,29836680,30260668,2116,733788
2018-05-11_17-11-56.736917573,1526051516.739186889,2018-05-11_17-11-56.743984748,1526051516.745937173,1.70,1.51,1.39,4326742882,4905600551140,8967571,27801147,32650137,8256872,7812286,7747091,8620448,8824457,138223,0,212796,2472461,5605,0,97558,0,136421,0,32804244,29835388,30259592,2116,733788
2018-05-11_17-12-26.797309047,1526051546.799363197,2018-05-11_17-12-26.803885793,1526051546.805789926,1.62,1.51,1.40,4356060712,4957672765694,8968244,28012213,32930410,8258145,8240143,7747091,8620448,8824457,139577,0,214921,2491827,5606,0,98538,0,137772,0,32804244,29829932,30253868,2116,733788
2018-05-11_17-12-56.855013232,1526051576.857284929,2018-05-11_17-12-56.861936436,1526051576.863973631,1.71,1.54,1.41,4413601006,5008665156948,8968501,28379379,32988911,8258398,8255073,7747091,8620448,9708492,141038,0,217106,2510982,5609,0,99495,0,139231,0,32804244,29831144,30254796,2116,733788
2018-05-11_17-13-26.913887162,1526051606.915853297,2018-05-11_17-13-26.920176199,1526051606.922112851,1.65,1.54,1.41,4457501172,5059967700714,8968971,28774751,33691454,8259015,8255073,7747091,8620448,9736494,142445,0,219206,2530297,5614,0,100512,0,140636,0,32804244,29831108,30255096,2116,733792
2018-05-11_17-13-56.970380301,1526051636.972480409,2018-05-11_17-13-56.976741911,1526051636.978778203,1.77,1.58,1.43,4483990458,5109928810984,8969068,29573961,33715919,8259142,8255073,7747091,8620448,9736494,143761,0,221272,2549822,5616,0,101556,0,141950,0,32804244,29830600,30254852,2116,733792
2018-05-11_17-14-27.027161954,1526051667.029168992,2018-05-11_17-14-27.033900333,1526051667.035828805,1.60,1.56,1.43,4534952256,5161360044296,8969503,30032155,33726250,8259226,9033990,7747091,8620448,9736494,145196,0,223423,2569034,5617,0,102541,0,143383,0,32804244,29830020,30254208,2116,733792
2018-05-11_17-14-57.085106675,1526051697.087164887,2018-05-11_17-14-57.091468344,1526051697.093459266,1.50,1.54,1.42,4564974442,5213249880710,8970418,30306875,33907588,8261151,9064029,7747091,8620448,10173335,146514,0,225557,2588434,5619,0,103519,0,144700,0,32804244,29829400,30253652,2116,733792
2018-05-11_17-15-27.142190155,1526051727.144064704,2018-05-11_17-15-27.148374730,1526051727.150481193,1.84,1.62,1.45,4621402800,5261117861252,8970847,30336865,35013814,8261756,9064029,7747091,8620448,10191332,147877,0,227634,2607847,5620,0,104591,0,146061,0,32804244,29829064,30253316,2116,733792
2018-05-11_17-15-57.199325512,1526051757.201354001,2018-05-11_17-15-57.205737433,1526051757.207766100,1.78,1.62,1.46,4680974838,5311856549754,8972680,30390654,35458509,8262875,9064029,7747091,9515415,10191332,149313,0,229796,2627034,5624,0,105562,0,147494,0,32804244,29818000,30241636,2116,733800
2018-05-11_17-16-27.257790542,1526051787.259826869,2018-05-11_17-16-27.264103080,1526051787.266177804,1.47,1.56,1.45,4719917692,5364089005994,8973522,30557394,35788008,8809620,9064029,7747091,9552796,10191332,150793,0,231929,2646221,5625,0,106644,0,148968,0,32804244,29818472,30242152,2116,733804
2018-05-11_17-16-57.313988146,1526051817.316004845,2018-05-11_17-16-57.320703262,1526051817.322607856,1.49,1.55,1.45,4779341314,5416420555198,9876002,30697717,36145500,8830817,9064029,7747091,9552796,10191332,152300,0,234088,2665336,5626,0,107658,0,150474,0,32804244,29818892,30242892,2116,733804
2018-05-11_17-17-27.369707439,1526051847.371821424,2018-05-11_17-17-27.376544841,1526051847.378511635,1.48,1.55,1.45,4805567112,5458795003080,9912656,30760916,36496015,8832749,9064029,8119557,9552796,10191332,153394,0,236389,2684995,5627,0,108444,0,151563,0,32804244,29817472,30241476,2116,733808
2018-05-11_17-17-57.428827335,1526051877.431012463,2018-05-11_17-17-57.435753354,1526051877.437789847,1.45,1.53,1.44,4830228622,5501165751828,9912748,31166708,36513953,9197880,9064029,8136069,9552796,10191332,154574,0,238692,2704552,5631,0,109287,0,152740,0,32804244,29815992,30240260,2116,733812
2018-05-11_17-18-27.486214645,1526051907.488314608,2018-05-11_17-18-27.492990341,1526051907.495001748,1.41,1.51,1.44,4877576788,5542563751202,9912818,31568272,36516899,9214100,9064029,8136069,10279386,10191332,155742,0,241012,2724042,5634,0,110081,0,153904,0,32804244,29817144,30240876,2116,733812
2018-05-11_17-18-57.545907080,1526051937.548201352,2018-05-11_17-18-57.552902665,1526051937.554913894,1.52,1.53,1.45,4903890970,5584697097408,9913132,31982171,36519777,9214267,9064029,8509468,10312686,10191332,156835,0,243291,2743716,5635,0,110882,0,154995,0,32804244,29828824,30252492,2116,733808
2018-05-11_17-19-27.605060262,1526051967.607087110,2018-05-11_17-19-27.611391196,1526051967.613219644,1.39,1.49,1.44,4946387616,5626926215628,10553065,32401713,36541370,9214455,9064029,8526626,10312686,10191332,158033,0,245600,2763205,5636,0,111698,0,156191,0,32804244,29829188,30252544,2116,733808
2018-05-11_17-19-57.661840586,1526051997.664032399,2018-05-11_17-19-57.668757669,1526051997.670864245,1.31,1.46,1.43,4988868326,5668277435224,10583549,32811251,36543569,9214558,9692990,8526626,10312686,10191332,159179,0,247911,2782743,5638,0,112477,0,157335,0,32804244,29827560,30251268,2116,733808
2018-05-11_17-20-27.719723322,1526052027.721717848,2018-05-11_17-20-27.726392641,1526052027.728390863,1.32,1.45,1.42,5013385964,5708916660434,10583817,33521308,36548182,9214680,9723417,8526626,10312686,10191332,160218,0,250129,2802550,5640,0,113335,0,158371,0,32804244,29827392,30251648,2116,733812
2018-05-11_17-20-57.777423089,1526052057.779458776,2018-05-11_17-20-57.783634645,1526052057.785627754,1.43,1.47,1.43,5054712370,5750664897540,10584209,33908772,37206060,9215432,9723417,8526626,10312686,10191332,161349,0,252390,2822168,5644,0,114139,0,159500,0,32804244,29824780,30248556,2116,733816
2018-05-11_17-21-27.834774608,1526052087.836889250,2018-05-11_17-21-27.841687880,1526052087.843549257,1.36,1.44,1.42,5084346360,5792617445078,10584393,34309955,37255900,9215732,9723417,8526626,10312686,10616278,162417,0,254678,2841841,5647,0,114925,0,160565,0,32804244,29825104,30248532,2116,733816
2018-05-11_17-21-57.893475055,1526052117.895532565,2018-05-11_17-21-57.899850563,1526052117.901778401,1.27,1.41,1.41,5109816830,5835077884656,10584548,34724517,37256072,9215791,10098012,8526626,10312686,10634898,163483,0,256964,2861529,5649,0,115711,0,161629,0,32804244,29824752,30248212,2116,733820
2018-05-11_17-22-27.949824952,1526052147.951939084,2018-05-11_17-22-27.956347963,1526052147.958345748,1.51,1.46,1.43,5149458500,5874663944282,10584621,35590216,37257666,9215858,10117161,8526626,10312686,10634898,164565,0,259181,2881268,5653,0,116574,0,162708,0,32804244,29824536,30248808,2116,733820
2018-05-11_17-22-58.007749150,1526052178.009932074,2018-05-11_17-22-58.014194384,1526052178.016157520,1.51,1.46,1.43,5175144906,5916968351480,10584670,36028650,37627337,9215941,10117161,8526626,10312686,10634898,166011,0,262169,2900960,5655,0,117359,0,164153,0,32804244,29824908,30249192,2116,733820
2018-05-11_17-23-28.066918939,1526052208.068937235,2018-05-11_17-23-28.073237486,1526052208.075143478,1.31,1.42,1.41,5211782672,5954211425622,10585100,36259187,37781877,9216416,10117161,8526626,10312686,11184023,167067,0,264232,2921020,5656,0,118055,0,165207,0,32804244,29825676,30249380,2116,733820
