StartTime,StartEpoch,EndTime,EndEpoch,CPULoad1m,CPULoad5m,CPULoad5m,NetDevRX,NetDevTX,IRQens2-0,IRQens2-1,IRQens2-2,IRQens2-3,IRQens2-4,IRQens2-5,IRQens2-6,IRQens2-7,user,nice,system,idle,iowait,irq,softirq,steal,guest,guest_nice,MemTotal,MemFree,MemAvailable,Buffers,Cached
2018-05-11_17-56-23.561358345,1526054183.563542989,2018-05-11_17-56-23.568187432,1526054183.570090868,0.37,0.28,0.20,2568390,1341226986,11,10371,3285,0,0,51424,0,0,2745,0,3209,725094,4933,0,42,0,1747,0,32804244,29584100,30016356,2116,742824
2018-05-11_17-56-53.620378136,1526054213.622820375,2018-05-11_17-56-53.627425103,1526054213.629402172,0.75,0.38,0.23,86181132,55321697758,611,414892,47922,561,0,1212368,0,0,4234,0,5188,744113,4934,0,1215,0,3233,0,32804244,29581584,30013572,2116,742828
2018-05-11_17-57-23.681677927,1526054243.683638136,2018-05-11_17-57-23.688177347,1526054243.690008737,0.99,0.47,0.27,140823698,109876976368,1126,797882,184489,1015,0,2015364,0,0,5648,0,7119,763301,4938,0,2395,0,4642,0,32804244,29581960,30013692,2116,742828
2018-05-11_17-57-53.738142370,1526054273.739919599,2018-05-11_17-57-53.744426882,1526054273.746336251,1.17,0.57,0.31,213296920,150527228210,2107,1093671,1280346,2192,0,2015364,0,0,6872,0,9254,782735,4940,0,3325,0,5860,0,32804244,29571016,30002996,2116,742836
2018-05-11_17-58-23.793794053,1526054303.795759068,2018-05-11_17-58-23.800169016,1526054303.802105054,1.28,0.66,0.34,241694558,168024623358,3443,1563001,1344310,5867,0,2015364,15054,0,7466,0,11799,803011,4945,0,3757,0,6449,0,32804244,29568840,30001124,2116,743372
2018-05-11_17-58-53.850636663,1526054333.852684506,2018-05-11_17-58-53.857388276,1526054333.859245272,1.04,0.66,0.35,274394276,185873541536,4219,1651345,1403457,7200,0,2015364,516989,0,8075,0,14405,823189,4951,0,4146,0,7050,0,32804244,29567360,29999820,2116,743404
2018-05-11_17-59-23.909405523,1526054363.911450725,2018-05-11_17-59-23.915825514,1526054363.917778868,1.22,0.74,0.39,306853290,203890153546,5615,1699789,1512659,9452,0,2015364,1001502,0,8671,0,16998,843387,4953,0,4547,0,7640,0,32804244,29565416,29998252,2116,743408
2018-05-11_17-59-53.968357109,1526054393.970293007,2018-05-11_17-59-53.974527986,1526054393.976561341,1.21,0.78,0.42,335100912,221319793882,16842,2216759,1524287,9657,0,2015364,1001502,0,9225,0,19515,863728,4953,0,5006,0,8191,0,32804244,29567120,29999860,2116,743408
2018-05-11_18-00-24.025742287,1526054424.027720928,2018-05-11_18-00-24.032592194,1526054424.034570670,1.43,0.88,0.46,362456374,239184690938,400454,2362645,1546274,10034,0,2015364,1001502,13915,9846,0,22106,883903,4960,0,5426,0,8806,0,32804244,29566236,29998712,2116,743444
2018-05-11_18-00-54.084906987,1526054454.087027509,2018-05-11_18-00-54.091686686,1526054454.093804354,1.32,0.91,0.48,395178876,257078596948,400799,2498012,1559357,10559,0,2015364,1001502,517586,10441,0,24719,904088,4964,0,5828,0,9396,0,32804244,29579712,30012236,2116,743436
2018-05-11_18-01-24.143632552,1526054484.145639495,2018-05-11_18-01-24.150311722,1526054484.152234656,1.35,0.95,0.51,427846786,275046907028,410607,2632602,1574178,12112,0,2015364,1001502,1010018,11010,0,27496,924275,4970,0,6216,0,9959,0,32804244,29579900,30012852,2116,743488
2018-05-11_18-01-54.201138239,1526054514.203244436,2018-05-11_18-01-54.207929273,1526054514.209940768,1.47,1.02,0.55,451880008,293272747406,747410,2801657,1579943,25427,0,2015364,1001502,1010018,11848,0,30344,944514,4974,0,6646,0,10793,0,32804244,29579428,30012092,2116,743492
2018-05-11_18-02-24.259665850,1526054544.261795051,2018-05-11_18-02-24.266132451,1526054544.268244446,1.42,1.05,0.57,484713166,311534761156,748331,2951660,1600021,519499,6722,2015364,1001502,1010018,12512,0,32943,964673,4976,0,7085,0,11448,0,32804244,29578124,30011040,2116,743492
2018-05-11_18-02-54.316485755,1526054574.318513565,2018-05-11_18-02-54.322917471,1526054574.324858935,1.46,1.09,0.60,504893076,329851977112,750090,2996008,1721402,523223,321433,2015364,1001502,1010018,13066,0,35534,984981,4981,0,7481,0,11998,0,32804244,29576288,30009416,2116,743492
2018-05-11_18-03-24.374861996,1526054604.376848477,2018-05-11_18-03-24.381351071,1526054604.383419117,1.45,1.13,0.63,527961946,347761256256,751149,3026099,1850578,537272,644275,2015364,1001502,1010018,13662,0,38137,1005243,4983,0,7872,0,12591,0,32804244,29577328,30009976,2116,743492
2018-05-11_18-03-54.432725858,1526054634.434687980,2018-05-11_18-03-54.438880212,1526054634.440815391,1.38,1.15,0.65,560260512,365629152010,751554,3049833,2002318,1032882,644275,2015364,1001502,1010018,14324,0,40739,1025403,4984,0,8312,0,13249,0,32804244,29577708,30010016,2116,743496
2018-05-11_18-04-24.489998207,1526054664.492044677,2018-05-11_18-04-24.496595998,1526054664.498531068,1.48,1.20,0.68,588409062,382902196908,751690,3570361,2006418,1033201,644275,2015364,1012331,1010018,14913,0,43262,1045750,4986,0,8775,0,13835,0,32804244,29576008,30009240,2116,743496
2018-05-11_18-04-54.545831150,1526054694.548014310,2018-05-11_18-04-54.552546754,1526054694.554516189,1.29,1.18,0.69,620766188,401116960426,751915,3712018,2016576,1033696,644275,2015364,1518126,1010018,15525,0,45876,1065969,4986,0,9177,0,14444,0,32804244,29575032,30007684,2116,743496
2018-05-11_18-05-24.605601036,1526054724.607638548,2018-05-11_18-05-24.611963384,1526054724.613941091,1.29,1.19,0.71,653349234,418961689058,752249,3864638,2020531,1034331,644275,2015364,2010781,1010018,16143,0,48482,1086159,4991,0,9582,0,15060,0,32804244,29577032,30010000,2116,743688
2018-05-11_18-05-54.662881096,1526054754.665044940,2018-05-11_18-05-54.669770235,1526054754.671892128,1.39,1.22,0.74,679835576,436850256950,752452,4259161,2181215,1035057,644275,2015364,2010781,1010018,16745,0,51076,1106406,4992,0,9981,0,15657,0,32804244,29562656,29995532,2116,743696
2018-05-11_18-06-24.720244845,1526054784.722349596,2018-05-11_18-06-24.726662973,1526054784.728621859,1.31,1.22,0.75,713195646,454886829758,752700,4329341,2689642,1035773,644275,2021660,2010781,1010018,17324,0,53598,1126718,4992,0,10423,0,16233,0,32804244,29562304,29995412,2116,743696
2018-05-11_18-06-54.779051502,1526054814.781145434,2018-05-11_18-06-54.785646177,1526054814.787805851,1.31,1.23,0.77,736706692,472802794010,752836,4458939,2723191,1035912,644275,2360201,2010781,1010018,17908,0,56253,1146961,4997,0,10825,0,16810,0,32804244,29558940,29991848,2116,743704
2018-05-11_18-07-24.838586755,1526054844.840556744,2018-05-11_18-07-24.845317990,1526054844.847341380,1.31,1.24,0.79,762662090,490704618880,752881,4500275,2853708,1036002,644275,2729469,2010781,1010018,18495,0,58907,1167200,5001,0,11236,0,17393,0,32804244,29559352,29992496,2116,743708
2018-05-11_18-07-54.897080724,1526054874.899133157,2018-05-11_18-07-54.903666798,1526054874.905758202,1.27,1.23,0.80,795812304,508551529894,759620,4607044,3362448,1036224,644275,2729469,2010781,1010018,19082,0,61523,1187474,5012,0,11664,0,17977,0,32804244,29558224,29991984,2116,744620
2018-05-11_18-08-24.957191074,1526054904.959341728,2018-05-11_18-08-24.964147088,1526054904.966177953,1.16,1.21,0.81,823475158,526463693396,1155999,4684384,3466131,1036375,644275,2729469,2010781,1018291,19695,0,64173,1207646,5038,0,12093,0,18585,0,32804244,29551808,29992140,2116,751468
2018-05-11_18-08-55.016330586,1526054935.018551470,2018-05-11_18-08-55.023124900,1526054935.025119843,1.09,1.19,0.81,856417820,544378271042,1156320,4732134,3593815,1036573,644275,2729469,2010781,1522981,20304,0,66845,1227837,5043,0,12485,0,19190,0,32804244,29563800,30004740,2116,751464
2018-05-11_18-09-25.074965406,1526054965.077215602,2018-05-11_18-09-25.081767590,1526054965.083820765,0.98,1.15,0.81,889049826,562162298802,1161844,4848702,3648446,1036742,644275,2729469,2010781,2017748,20897,0,69509,1248039,5047,0,12874,0,19781,0,32804244,29562928,30003936,2116,751540
2018-05-11_18-09-55.131596157,1526054995.133574606,2018-05-11_18-09-55.137878021,1526054995.139945212,1.06,1.16,0.82,914322280,580605625682,1531891,4884825,3807509,1045060,644275,2729469,2010781,2017748,21461,0,72156,1268296,5047,0,13299,0,20343,0,32804244,29563332,30003704,2116,751540
2018-05-11_18-10-25.190081600,1526055025.192163809,2018-05-11_18-10-25.196791676,1526055025.198784192,1.11,1.16,0.83,948170798,598804979712,1532165,4963883,3918461,1567794,648926,2729469,2010781,2017748,22104,0,74823,1288447,5050,0,13722,0,20983,0,32804244,29560976,30001808,2116,751548
2018-05-11_18-10-55.248270618,1526055055.250452345,2018-05-11_18-10-55.255088582,1526055055.257138193,1.11,1.16,0.85,973161268,617158051758,1532406,5016614,4052578,1568109,1007854,2729469,2010781,2017748,22673,0,77475,1308709,5056,0,14116,0,21548,0,32804244,29560036,30001112,2116,751584
2018-05-11_18-11-25.307988901,1526055085.310196505,2018-05-11_18-11-25.314660696,1526055085.316568326,1.08,1.14,0.85,999858554,635049875984,1532595,5037035,4209108,1574104,1391507,2729469,2010781,2017748,23266,0,80137,1328932,5064,0,14507,0,22139,0,32804244,29560848,30002188,2116,751584
2018-05-11_18-11-55.363588662,1526055115.365465461,2018-05-11_18-11-55.370251963,1526055115.372264837,1.12,1.15,0.86,1032684928,653091961260,1532746,5054027,4380736,2075215,1391507,2729469,2010781,2017748,23908,0,82809,1349089,5067,0,14936,0,22778,0,32804244,29561112,30001884,2116,751584
2018-05-11_18-12-25.423097141,1526055145.425183366,2018-05-11_18-12-25.429788624,1526055145.431868918,1.00,1.11,0.86,1058255174,670863589252,1532904,5484285,4479618,2075423,1391507,2729469,2016002,2017748,24471,0,85436,1369409,5067,0,15349,0,23338,0,32804244,29560512,30001300,2116,751584
2018-05-11_18-12-55.482674274,1526055175.484770503,2018-05-11_18-12-55.489145777,1526055175.491200236,1.00,1.10,0.87,1091363852,688738856138,1533036,5545425,4590335,2075558,1391507,2729469,2526118,2017748,25072,0,88093,1389582,5100,0,15745,0,23935,0,32804244,29553700,30001332,2116,758188
2018-05-11_18-13-25.540167446,1526055205.542085890,2018-05-11_18-13-25.546436035,1526055205.548352573,0.99,1.09,0.87,1124267410,706505350342,1533720,5693091,4615535,2076556,1391507,2729469,3029171,2017748,25683,0,90746,1409783,5104,0,16138,0,24545,0,32804244,29553556,30001584,2116,758528
2018-05-11_18-13-55.597323690,1526055235.599357981,2018-05-11_18-13-55.603589126,1526055235.605537291,1.13,1.12,0.88,1151343064,724150032622,1533766,6204845,4621949,2076808,1391507,2729469,3029171,2017748,26249,0,93332,1430135,5104,0,16593,0,25106,0,32804244,29542228,29989948,2116,758536
2018-05-11_18-14-25.655650437,1526055265.657796596,2018-05-11_18-14-25.662164858,1526055265.664096130,0.92,1.07,0.87,1184134174,741946820330,1534611,6344487,5128434,2078669,1391507,2732115,3029171,2017748,26831,0,95962,1450380,5108,0,17005,0,25685,0,32804244,29540804,29988552,2116,758568
2018-05-11_18-14-55.715857478,1526055295.717972876,2018-05-11_18-14-55.722435829,1526055295.724476740,0.97,1.07,0.88,1209002084,760205435898,1535401,6460577,5201686,2079730,1391507,3096475,3029171,2017748,27389,0,98616,1470648,5111,0,17399,0,26238,0,32804244,29535748,29984412,2116,758916
2018-05-11_18-15-25.775244354,1526055325.777509942,2018-05-11_18-15-25.782229396,1526055325.784457363,0.91,1.04,0.87,1236463594,778411716502,1535706,6547842,5308043,2080182,1391507,3495609,3029171,2017748,27944,0,101277,1490900,5119,0,17785,0,26788,0,32804244,29535356,29983748,2116,759256
2018-05-11_18-15-55.833843009,1526055355.835834202,2018-05-11_18-15-55.840165457,1526055355.842205022,0.98,1.04,0.88,1268919210,795649244810,1538517,6577235,5839005,2080783,1391507,3495609,3029171,2017748,28528,0,103872,1511209,5122,0,18238,0,27369,0,32804244,29533020,29981736,2116,759260
2018-05-11_18-16-25.892477051,1526055385.894455509,2018-05-11_18-16-25.898851158,1526055385.900762079,1.35,1.13,0.91,1302433904,813894737014,2053911,6765123,5849136,2081319,1391507,3495609,3029171,2019427,29329,0,106896,1531388,5126,0,18669,0,28165,0,32804244,29534272,29983048,2116,759260
2018-05-11_18-16-55.949692418,1526055415.951644267,2018-05-11_18-16-55.956162486,1526055415.958178906,1.27,1.13,0.92,1327893430,832120337068,2055250,6925096,5878067,2083158,1391507,3495609,3029171,2392035,29902,0,109543,1551662,5129,0,19067,0,28734,0,32804244,29541024,29989584,2116,759336
2018-05-11_18-17-26.008226408,1526055446.010433326,2018-05-11_18-17-26.015060698,1526055446.017098641,1.22,1.14,0.93,1354765052,849991720270,2056957,7096252,5886685,2084012,1391507,3495609,3029171,2783772,30514,0,112204,1571895,5130,0,19458,0,29343,0,32804244,29540516,29989108,2116,759336
2018-05-11_18-17-56.067174210,1526055476.069224623,2018-05-11_18-17-56.073850408,1526055476.075826755,1.28,1.16,0.94,1388836872,868244494430,2573175,7281547,5889118,2085006,1391507,3495609,3029171,2783772,31158,0,114866,1592062,5132,0,19890,0,29985,0,32804244,29537004,29985584,2116,759340
2018-05-11_18-18-26.124348307,1526055506.126506188,2018-05-11_18-18-26.131154603,1526055506.133108825,1.40,1.20,0.97,1414315848,886230395904,2573264,7406423,5949810,2460257,1392306,3495609,3029171,2783772,31783,0,117513,1612286,5133,0,20329,0,30608,0,32804244,29531956,29980084,2116,759340
2018-05-11_18-18-56.184093270,1526055536.186277029,2018-05-11_18-18-56.190866293,1526055536.192804265,1.38,1.22,0.98,1447429262,904116943084,2573527,7577791,5957172,2460617,1900868,3495609,3029171,2783772,32408,0,120193,1632487,5135,0,20710,0,31230,0,32804244,29530440,29979304,2116,759344
2018-05-11_18-19-26.242488434,1526055566.244499593,2018-05-11_18-19-26.248917170,1526055566.250878656,1.29,1.21,0.98,1480284820,921913855168,2574026,7649224,6061762,2461220,2406559,3495609,3029171,2783772,33029,0,122851,1652684,5137,0,21102,0,31850,0,32804244,29530580,29979704,2116,759344
2018-05-11_18-19-56.298069566,1526055596.300018093,2018-05-11_18-19-56.304223977,1526055596.306159443,1.18,1.19,0.98,1500290970,940374462998,2574671,7695812,6210687,2769179,2406559,3495609,3029171,2783772,33618,0,125506,1672966,5141,0,21526,0,32437,0,32804244,29531284,29979860,2116,759344
2018-05-11_18-20-26.353744765,1526055626.355779205,2018-05-11_18-20-26.360169451,1526055626.362190047,1.17,1.19,0.99,1533081952,958071893078,2575306,8212618,6350285,2770900,2406559,3495609,3029171,2783772,34236,0,128147,1693192,5143,0,21934,0,33053,0,32804244,29529940,29978224,2116,759348
2018-05-11_18-20-56.409642261,1526055656.411682133,2018-05-11_18-20-56.416174738,1526055656.418257118,1.18,1.19,0.99,1559737574,976183252552,2575912,8225099,6524205,2771788,2406559,3495609,3416490,2783772,34831,0,130809,1713439,5148,0,22321,0,33645,0,32804244,29528932,29977800,2116,759348
2018-05-11_18-21-26.465525914,1526055686.467828529,2018-05-11_18-21-26.472361435,1526055686.474416748,1.16,1.18,1.00,1587586156,994358134990,2576166,8234386,6696716,2772496,2406559,3495609,3820190,2783772,35427,0,133458,1733678,5151,0,22716,0,34239,0,32804244,29527064,29976740,2116,759348
2018-05-11_18-21-56.522583598,1526055716.524805486,2018-05-11_18-21-56.529302063,1526055716.531474402,1.10,1.17,1.00,1620744498,1012181170696,2576534,8756964,6833232,2773614,2406559,3495609,3820436,2783772,36029,0,136104,1753921,5151,0,23123,0,34837,0,32804244,29514456,29963328,2116,759356
2018-05-11_18-22-26.582281857,1526055746.584400972,2018-05-11_18-22-26.588745676,1526055746.590679480,1.13,1.17,1.00,1647256952,1029824330472,2576660,8759517,7348431,2773820,2406559,3495609,3820436,2783772,36593,0,138691,1774287,5152,0,23574,0,35400,0,32804244,29516180,29964756,2116,759356
2018-05-11_18-22-56.638782575,1526055776.640853177,2018-05-11_18-22-56.645535196,1526055776.647652333,1.32,1.21,1.02,1679976574,1047624741386,2576940,8773563,7515450,2774581,2406559,3998991,3820436,2783772,37203,0,141350,1794483,5154,0,23970,0,36005,0,32804244,29512068,29961208,2116,759360
2018-05-11_18-23-26.697505943,1526055806.699595168,2018-05-11_18-23-26.704138804,1526055806.706152522,1.28,1.21,1.03,1712959620,1065496698134,2577663,8795370,7654958,2775509,2406559,4506325,3820436,2783772,37829,0,144079,1814587,5159,0,24378,0,36596,0,32804244,29508576,29957768,2116,759792
2018-05-11_18-23-56.756208282,1526055836.758332037,2018-05-11_18-23-56.762883344,1526055836.764961949,1.37,1.24,1.05,1738314314,1083113377136,2577899,8801238,8146379,2775932,2406559,4508083,3820436,2783772,38414,0,146674,1834934,5163,0,24827,0,37178,0,32804244,29505900,29955456,2116,759796
2018-05-11_18-24-26.813230699,1526055866.815227993,2018-05-11_18-24-26.819542952,1526055866.821526473,1.28,1.23,1.05,1771498512,1101124557676,3082203,8816620,8301902,2776423,2406559,4508083,3820436,2783772,39033,0,149325,1855104,5167,0,25261,0,37793,0,32804244,29505960,29955200,2116,759800
2018-05-11_18-24-56.870733083,1526055896.872784987,2018-05-11_18-24-56.877124461,1526055896.879071199,1.24,1.22,1.05,1797520598,1119241041226,3085137,8818576,8460241,2776781,2406559,4508083,3820436,3159976,39623,0,151992,1875340,5169,0,25653,0,38380,0,32804244,29518172,29967992,2116,759796
2018-05-11_18-25-26.927962853,1526055926.930056283,2018-05-11_18-25-26.934433041,1526055926.936395642,1.22,1.22,1.05,1824636572,1137226498940,3085249,8827398,8608037,2777167,2406559,4508083,3820436,3551321,40202,0,154654,1895587,5170,0,26039,0,38958,0,32804244,29517128,29966392,2116,759796
2018-05-11_18-25-56.983976752,1526055956.986182976,2018-05-11_18-25-56.990757257,1526055956.992803344,1.33,1.25,1.07,1857911202,1155187379186,3589174,8841813,8758077,2777505,2406559,4508083,3820436,3553743,40824,0,157316,1915761,5170,0,26465,0,39577,0,32804244,29506776,29956008,2116,759796
2018-05-11_18-26-27.041232975,1526055987.043212732,2018-05-11_18-26-27.047329461,1526055987.049447171,1.32,1.25,1.07,1881582056,1173200986870,3593370,8847731,8920195,3118064,2406559,4508083,3820436,3553743,41421,0,159979,1935988,5171,0,26881,0,40172,0,32804244,29507040,29956344,2116,759796
2018-05-11_18-26-57.098963002,1526056017.101163270,2018-05-11_18-26-57.105754309,1526056017.107677153,1.19,1.23,1.07,1913747118,1190999384828,3593514,8849022,9075137,3121102,2905357,4508083,3820436,3553743,42015,0,162649,1956188,5172,0,27266,0,40763,0,32804244,29506760,29955728,2116,759796
2018-05-11_18-27-27.157260959,1526056047.159481298,2018-05-11_18-27-27.163691409,1526056047.165693165,1.04,1.19,1.06,1946218484,1208768414270,3594107,8861376,9215218,3121928,3404148,4508083,3820436,3553743,42615,0,165317,1976387,5172,0,27651,0,41362,0,32804244,29504616,29954436,2116,759796
2018-05-11_18-27-57.214408134,1526056077.216438459,2018-05-11_18-27-57.220799479,1526056077.222861187,0.90,1.14,1.05,1971051962,1226799465098,3594407,8907775,9337134,3479099,3409001,4508083,3820436,3553743,43226,0,167984,1996599,5174,0,28071,0,41970,0,32804244,29503168,29952452,2116,759796
2018-05-11_18-28-27.270597958,1526056107.272545413,2018-05-11_18-28-27.276937372,1526056107.278922136,1.01,1.14,1.05,2004289664,1244936442866,3595009,9415548,9466916,3483909,3409001,4508083,3820436,3553743,43817,0,170618,2016845,5177,0,28480,0,42559,0,32804244,29492424,29942524,2116,759796
2018-05-11_18-28-57.328954318,1526056137.330994020,2018-05-11_18-28-57.335327800,1526056137.337254266,1.13,1.16,1.06,2030359814,1262973208544,3595445,9427743,9619524,3484502,3409001,4508083,4193990,3553743,44374,0,173283,2037095,5177,0,28870,0,43114,0,32804244,29491688,29941212,2116,759796
2018-05-11_18-29-27.386525040,1526056167.388555826,2018-05-11_18-29-27.393160331,1526056167.395107732,1.15,1.16,1.06,2056291404,1280903590394,3595554,9428679,9778209,3484739,3409001,4508083,4572331,3553743,44963,0,175940,2057330,5182,0,29263,0,43701,0,32804244,29492948,29942508,2116,759796
2018-05-11_18-29-57.444248599,1526056197.446368551,2018-05-11_18-29-57.450627778,1526056197.452752025,1.09,1.15,1.06,2089176658,1298740618400,3595633,9933159,9941637,3484831,3409001,4508083,4577046,3553743,45569,0,178603,2077522,5186,0,29656,0,44302,0,32804244,29478656,29928184,2116,759804
2018-05-11_18-30-27.501192626,1526056227.503547418,2018-05-11_18-30-27.508279034,1526056227.510394571,1.07,1.13,1.06,2113563224,1316707699900,3595751,10097584,10297238,3485040,3409001,4508083,4577046,3553743,46152,0,181247,2097772,5189,0,30061,0,44882,0,32804244,29478528,29927484,2116,759820
2018-05-11_18-30-57.561369443,1526056257.563524308,2018-05-11_18-30-57.568156846,1526056257.569980305,1.14,1.14,1.06,2145891038,1334795966062,3595980,10245929,10310127,3485171,3409001,5003858,4577046,3553743,46918,0,184296,2117968,5195,0,30447,0,45643,0,32804244,29480220,29929732,2116,759824
2018-05-11_18-31-27.620619626,1526056287.622739144,2018-05-11_18-31-27.627253461,1526056287.629111060,1.15,1.14,1.06,2178850596,1353075332560,3596285,10393066,10319334,3485504,3409001,5509188,4577046,3553743,47543,0,187024,2138175,5199,0,30841,0,46263,0,32804244,29480036,29929628,2116,759828
2018-05-11_18-31-57.679651021,1526056317.681653432,2018-05-11_18-31-57.686082886,1526056317.687954345,1.15,1.14,1.06,2203638826,1371082598250,3596505,10542973,10686901,3486035,3409001,5516833,4577046,3553743,48127,0,189674,2158444,5200,0,31249,0,46845,0,32804244,29479104,29928440,2116,759832
2018-05-11_18-32-27.737608805,1526056347.739802898,2018-05-11_18-32-27.744398531,1526056347.746252970,1.09,1.13,1.06,2229487152,1389005593228,3596638,10606464,10790489,3486416,3775692,5516833,4577046,3553743,48737,0,192347,2178680,5202,0,31639,0,47450,0,32804244,29478744,29929088,2116,759840
2018-05-11_18-32-57.797641198,1526056377.799826704,2018-05-11_18-32-57.804330950,1526056377.806408529,1.21,1.15,1.07,2262861302,1407127295668,3597049,10655788,10921988,3993815,3781930,5516833,4577046,3553743,49384,0,195006,2198843,5205,0,32078,0,48093,0,32804244,29492120,29941980,2116,759832
2018-05-11_18-33-27.856743053,1526056407.858675038,2018-05-11_18-33-27.862789513,1526056407.864545071,1.31,1.18,1.08,2296143804,1425072655710,3597635,10674823,11075971,4500457,3781930,5516833,4577046,3553743,50029,0,197679,2218998,5208,0,32508,0,48736,0,32804244,29492304,29941608,2116,759832
2018-05-11_18-33-57.914895478,1526056437.916943096,2018-05-11_18-33-57.921240886,1526056437.923211687,1.25,1.18,1.08,2321355138,1443247372572,3597909,10685475,11243467,4510032,4139372,5516833,4577046,3553743,50604,0,200350,2239264,5209,0,32892,0,49309,0,32804244,29492636,29941924,2116,759832
2018-05-11_18-34-27.972111821,1526056467.974125456,2018-05-11_18-34-27.978506373,1526056467.980430231,1.22,1.18,1.09,2353872264,1461102859610,3598081,10712473,11378566,4510470,4146318,5516833,4577046,4047774,51222,0,203016,2259465,5212,0,33285,0,49926,0,32804244,29492520,29941552,2116,759832
2018-05-11_18-34-58.029799249,1526056498.031811359,2018-05-11_18-34-58.036102421,1526056498.038062745,1.07,1.15,1.08,2381237390,1479070237434,3989803,10833475,11431727,4510617,4146318,5516833,4577046,4057376,51831,0,205681,2279685,5212,0,33700,0,50532,0,32804244,29492004,29941864,2116,759832
2018-05-11_18-35-28.087102749,1526056528.089048284,2018-05-11_18-35-28.093294314,1526056528.095195536,1.13,1.15,1.08,2407033940,1497291695622,4370965,10900232,11549162,4510694,4146318,5516833,4577046,4057376,52426,0,208342,2299927,5213,0,34117,0,51124,0,32804244,29492204,29941724,2116,759832
2018-05-11_18-35-58.143579530,1526056558.145798456,2018-05-11_18-35-58.150524864,1526056558.152524024,1.11,1.15,1.08,2440060122,1515650714422,4379267,10955504,11667913,4510797,4146318,5516833,4577046,4558228,53022,0,211005,2320160,5214,0,34505,0,51719,0,32804244,29491600,29940888,2116,759832
2018-05-11_18-36-28.201700904,1526056588.203836094,2018-05-11_18-36-28.208417671,1526056588.210539342,1.09,1.14,1.08,2466939808,1533739840270,4379384,10998392,11796485,4510910,4146318,5897933,4577046,4569089,53615,0,213679,2340412,5214,0,34881,0,52309,0,32804244,29491848,29941244,2116,759832
2018-05-11_18-36-58.260555309,1526056618.262677134,2018-05-11_18-36-58.267425190,1526056618.269504454,1.08,1.13,1.08,2499694566,1551305194538,4379498,11020447,12303276,4511031,4146318,5906496,4577046,4569089,54178,0,216273,2360761,5215,0,35336,0,52870,0,32804244,29491324,29940596,2116,759832
2018-05-11_18-37-28.318547428,1526056648.320453775,2018-05-11_18-37-28.324774251,1526056648.326729653,0.83,1.06,1.06,2532520684,1569057425464,4379843,11124558,12813686,4512006,4146318,5906496,4577046,4569089,54769,0,218906,2381033,5215,0,35744,0,53459,0,32804244,29493120,29942724,2116,759832
2018-05-11_18-37-58.377070622,1526056678.379123335,2018-05-11_18-37-58.383896473,1526056678.385894761,1.03,1.09,1.07,2555693234,1587381701320,4380358,11296930,12837644,4513073,4146318,6240590,4577046,4569089,55328,0,221569,2401342,5215,0,36122,0,54015,0,32804244,29479160,29928484,2116,759840
2018-05-11_18-38-28.436140079,1526056708.438144120,2018-05-11_18-38-28.442655071,1526056708.444781656,1.19,1.13,1.08,2588224696,1605230903332,4380499,11308555,12988627,4513511,4146318,6247686,5071479,4569089,55941,0,224237,2421548,5218,0,36509,0,54625,0,32804244,29478880,29928484,2116,759840
2018-05-11_18-38-58.495079180,1526056738.497076105,2018-05-11_18-38-58.501456514,1526056738.503437497,1.12,1.12,1.08,2610915838,1623533962610,4380555,11642752,13168953,4513944,4146318,6247686,5084107,4569089,56486,0,226883,2441853,5220,0,36910,0,55166,0,32804244,29478964,29928576,2116,759848
2018-05-11_18-39-28.555508986,1526056768.557539407,2018-05-11_18-39-28.562147919,1526056768.564130471,1.15,1.12,1.08,2638625796,1641201214448,4380696,12084622,13295608,4514085,4146318,6247686,5084107,4569089,57079,0,229513,2462127,5221,0,37324,0,55755,0,32804244,29478876,29927924,2116,759852
2018-05-11_18-39-58.613247341,1526056798.615439161,2018-05-11_18-39-58.619856781,1526056798.621794813,1.18,1.13,1.08,2671930698,1659589239998,4380826,12123098,13438807,4514161,4146318,6247686,5586718,4569089,57647,0,232167,2482373,5221,0,37714,0,56320,0,32804244,29478624,29928164,2116,759852
2018-05-11_18-40-28.672247485,1526056828.674409655,2018-05-11_18-40-28.679004246,1526056828.681076122,1.06,1.10,1.07,2696987344,1677721348180,4381097,12191872,13550355,4514512,4499352,6247686,5600780,4569089,58205,0,234829,2502640,5223,0,38102,0,56872,0,32804244,29478760,29928680,2116,759860
2018-05-11_18-40-58.729728441,1526056858.731765680,2018-05-11_18-40-58.736466228,1526056858.738566288,1.10,1.11,1.08,2730029334,1695651555524,4381191,12271883,13652748,5007183,4509445,6247686,5600780,4569089,58848,0,237490,2522800,5226,0,38536,0,57512,0,32804244,29491728,29941008,2116,759864
2018-05-11_18-41-28.787497944,1526056888.789431704,2018-05-11_18-41-28.793770755,1526056888.795684481,1.14,1.11,1.08,2763416412,1713887679512,4381406,12367922,13741221,5521420,4509445,6247686,5600780,4569089,59468,0,240158,2542979,5227,0,38959,0,58130,0,32804244,29492480,29941804,2116,759860
2018-05-11_18-41-58.843817036,1526056918.845859937,2018-05-11_18-41-58.850222249,1526056918.852323535,1.08,1.10,1.07,2790593122,1731773643326,4381693,12467960,13817603,5537101,4892116,6247686,5600780,4569089,60063,0,242824,2563213,5229,0,39346,0,58723,0,32804244,29491716,29941544,2116,759860
2018-05-11_18-42-28.902221593,1526056948.904374636,2018-05-11_18-42-28.909105686,1526056948.911224822,1.29,1.14,1.09,2823379496,1749873557658,4381873,12515170,13943547,5537264,4903917,6247686,5600780,5064915,60643,0,245478,2583428,5232,0,39736,0,59302,0,32804244,29490924,29940264,2116,759860
2018-05-11_18-42-58.960198623,1526056978.962173575,2018-05-11_18-42-58.966797003,1526056978.968877735,1.24,1.14,1.09,2851497518,1767907239882,4777604,12525926,14110539,5537815,4903917,6247686,5600780,5080405,61253,0,248140,2603633,5234,0,40144,0,59910,0,32804244,29491456,29941416,2116,759860
2018-05-11_18-43-29.018554025,1526057009.020631539,2018-05-11_18-43-29.025105408,1526057009.027101250,1.21,1.14,1.09,2879193972,1785993199696,5183916,12532980,14284126,5538129,4903917,6247686,5600780,5080405,61854,0,250790,2623847,5238,0,40572,0,60509,0,32804244,29491232,29940260,2116,759860
2018-05-11_18-43-59.076871039,1526057039.078949597,2018-05-11_18-43-59.083606190,1526057039.085602409,1.19,1.15,1.10,2911848058,1803815875664,5198100,12678943,14307847,5539379,4903917,6247686,5600780,5569597,62458,0,253448,2644047,5240,0,40966,0,61111,0,32804244,29490620,29939664,2116,759860
2018-05-11_18-44-29.135409751,1526057069.137591101,2018-05-11_18-44-29.142216261,1526057069.144052578,1.24,1.16,1.10,2939042944,1821663931958,5198532,12838479,14319027,5540242,4903917,6627561,5600780,5586179,63037,0,256118,2664282,5242,0,41349,0,61689,0,32804244,29490460,29940096,2116,759860
2018-05-11_18-44-59.193082299,1526057099.195295515,2018-05-11_18-44-59.200068349,1526057099.202168955,1.15,1.15,1.10,2971842182,1839383936008,5199294,12967840,14821803,5541847,4903917,6640710,5600780,5586179,63627,0,258745,2684531,5242,0,41765,0,62275,0,32804244,29491832,29940896,2116,759860
2018-05-11_18-45-29.252228217,1526057129.254451555,2018-05-11_18-45-29.259164760,1526057129.261343492,1.25,1.17,1.11,3005026380,1857174765154,5199706,13117129,15339832,5542746,4903917,6640710,5600780,5586179,64227,0,261598,2704764,5244,0,42172,0,62873,0,32804244,29490592,29940488,2116,759860
2018-05-11_18-45-59.313868063,1526057159.315996995,2018-05-11_18-45-59.320802385,1526057159.322819157,1.28,1.18,1.12,3029816594,1875276149682,5200265,13268307,15386006,5543702,4903917,6985178,5600780,5586179,65006,0,264457,2725030,5245,0,42572,0,63648,0,32804244,29478076,29927452,2116,759864
2018-05-11_18-46-29.373751950,1526057189.375718875,2018-05-11_18-46-29.380026635,1526057189.382121002,1.32,1.20,1.12,3062494360,1893481529352,5200512,13343449,15483962,5544047,4903917,6997937,6089944,5586179,65594,0,267115,2745247,5249,0,42967,0,64235,0,32804244,29479200,29928576,2116,759872
2018-05-11_18-46-59.432323384,1526057219.434370387,2018-05-11_18-46-59.439121015,1526057219.441202677,1.20,1.18,1.12,3090194654,1910281175704,5200664,13782962,15576021,5544437,4903917,6997937,6108482,5586179,66168,0,269752,2765559,5253,0,43379,0,64804,0,32804244,29478204,29927844,2116,759876
2018-05-11_18-47-29.491249897,1526057249.493354082,2018-05-11_18-47-29.498059702,1526057249.500141269,1.19,1.18,1.12,3113884324,1926344767540,5201043,14209238,15632408,5545049,4903917,6997937,6108482,5586179,66733,0,272403,2785911,5254,0,43773,0,65362,0,32804244,29477608,29927520,2116,759876
