StartTime,StartEpoch,BW,EndTime,EndEpoch,CPULoad1m,CPULoad5m,CPULoad5m,NetDevRX,NetDevTX,IRQens2-0,IRQens2-1,IRQens2-2,IRQens2-3,IRQens2-4,IRQens2-5,IRQens2-6,IRQens2-7,user,nice,system,idle,iowait,irq,softirq,steal,guest,guest_nice,MemTotal,MemFree,MemAvailable,Buffers,Cached
2018-05-11_14-45-48.914718690,1526042748.916610166,21516227070,2018-05-11_14-46-18.973895237,1526042778.975764518,0.12,0.07,0.05,86467654,80619276602,114741,32,0,793927,0,0,0,0,742,0,3529,433694,2420,0,516,0,0,0,32804244,31604040,31485396,2116,155336
2018-05-11_14-46-19.020195585,1526042779.022066944,16347185488,2018-05-11_14-46-49.052000630,1526042809.053914451,0.20,0.10,0.06,114235148,142766895242,114743,32,127062,793927,0,0,577799,0,758,0,4398,455894,2420,0,579,0,0,0,32804244,31603432,31484776,2116,155336
2018-05-11_14-46-49.098733351,1526042809.100621988,16373429689,2018-05-11_14-47-19.130485057,1526042839.132420446,0.26,0.12,0.07,141523410,204369362534,121868,32,237942,800341,0,588628,577799,0,771,0,5251,478100,2420,0,633,0,0,0,32804244,31602616,31483640,2116,155336
2018-05-11_14-47-19.177192721,1526042839.179080166,21559947530,2018-05-11_14-47-49.209436794,1526042869.211337914,0.28,0.14,0.08,226121432,285414910608,1573710,4791,253596,800341,0,588628,577799,0,792,0,6521,499804,2420,0,1164,0,0,0,32804244,31605600,31486900,2116,155340
2018-05-11_14-47-49.255948389,1526042869.257825904,16300132201,2018-05-11_14-48-19.296914363,1526042899.298853934,0.22,0.14,0.08,255883230,347378551864,2316966,6778,253601,800348,0,588628,577799,0,809,0,7305,522296,2420,0,1291,0,0,0,32804244,31606776,31487868,2116,155344
2018-05-11_14-48-19.343322154,1526042899.345196621,21332835932,2018-05-11_14-48-49.374931497,1526042929.376856861,0.26,0.16,0.09,345144420,427607020300,2316968,113412,384537,828694,0,1814666,577799,0,828,0,8499,543396,2420,0,1563,0,0,0,32804244,31616728,31498052,2116,155336
2018-05-11_14-48-49.421474387,1526042929.423339440,21302254053,2018-05-11_14-49-19.462973005,1526042959.464889524,0.30,0.18,0.10,435474474,507751187710,2316970,198572,565578,828694,0,1814666,1826772,0,844,0,9752,564535,2420,0,1843,0,0,0,32804244,31616976,31497720,2116,155336
2018-05-11_14-49-19.509615608,1526042959.511494899,16659460327,2018-05-11_14-49-49.550923405,1526042989.552815605,0.24,0.18,0.10,461634800,571038890932,2316972,198574,565579,1478391,0,1814666,1826772,0,857,0,10544,587078,2420,0,1959,0,0,0,32804244,31617144,31498468,2116,155336
2018-05-11_14-49-49.597453190,1526042989.599319353,16537931730,2018-05-11_14-50-19.638328467,1526043019.640231843,0.34,0.21,0.11,487768950,633240950638,2316981,198574,1231731,1478400,0,1814666,1826772,0,872,0,11363,609584,2421,0,2078,0,0,0,32804244,31616748,31497932,2116,155340
2018-05-11_14-50-19.685205596,1526043019.687074174,21290941443,2018-05-11_14-50-49.716872409,1526043049.718805923,0.34,0.22,0.12,573794748,713254886938,2345572,208637,1459182,1478400,0,1814666,1826772,1206279,889,0,12601,630760,2421,0,2349,0,0,0,32804244,31616436,31497804,2116,155340
2018-05-11_14-50-49.763488850,1526043049.765366507,21329041737,2018-05-11_14-51-19.805193353,1526043079.807115223,0.49,0.26,0.14,661546562,794169676242,2345574,232666,1701930,1478400,1214800,1814666,1826772,1206279,910,0,13827,651952,2421,0,2610,0,0,0,32804244,31615140,31496444,2116,155340
2018-05-11_14-51-19.851886524,1526043079.853739740,16651016190,2018-05-11_14-51-49.892901854,1526043109.894808990,0.49,0.29,0.15,687008008,856810256366,2345576,879330,1701953,1478400,1214800,1814666,1826772,1206279,928,0,14644,674464,2421,0,2735,0,0,0,32804244,31614784,31496132,2116,155340
2018-05-11_14-51-49.939530765,1526043109.941406211,21303171254,2018-05-11_14-52-19.971846703,1526043139.973768762,0.64,0.34,0.17,776541646,936871376890,2345578,2397289,1702071,1478407,1214800,1814666,1826772,1206279,951,0,15895,696141,2424,0,3283,0,0,0,32804244,31615744,31497376,2116,155528
2018-05-11_14-52-20.018309558,1526043140.020186639,16483062664,2018-05-11_14-52-50.050125904,1526043170.052058625,0.63,0.37,0.18,802574292,999521515176,2345580,2397289,1823511,1478407,1749235,1814666,1826772,1206279,964,0,16778,718363,2424,0,3340,0,0,0,32804244,31616080,31497416,2116,155528
2018-05-11_14-52-50.096659341,1526043170.098538845,16424314880,2018-05-11_14-53-20.128140183,1526043200.130032103,0.45,0.35,0.18,828758938,1061318164654,2345582,2397289,1950514,1478407,1749235,1814666,1826772,1763901,977,0,17676,740553,2424,0,3394,0,0,0,32804244,31614636,31496568,2116,155532
2018-05-11_14-53-20.174746358,1526043200.176639272,21254589468,2018-05-11_14-53-50.207158631,1526043230.209108194,0.27,0.32,0.18,916528992,1141221191016,2345658,2397323,3455286,1478448,1749235,1814666,1826772,1763901,1002,0,19064,762232,2424,0,3903,0,0,0,32804244,31601720,31483916,2116,155544
2018-05-11_14-53-50.253879118,1526043230.255742461,16652704957,2018-05-11_14-54-20.295204855,1526043260.297101421,0.32,0.32,0.18,942430310,1204502168888,2345672,2397323,3455287,2121303,1749235,1814666,1826772,1763901,1018,0,19862,784780,2424,0,4017,0,0,0,32804244,31602940,31484320,2116,155544
2018-05-11_14-54-20.342146198,1526043260.344039375,21285601219,2018-05-11_14-54-50.374660693,1526043290.376551352,0.39,0.34,0.19,1031599084,1284551185092,2393779,2472957,3597492,2121303,1749235,1814666,3062211,1763901,1038,0,21115,805901,2434,0,4299,0,0,0,32804244,31600352,31482968,2116,157952
2018-05-11_14-54-50.421244653,1526043290.423119255,21364128334,2018-05-11_14-55-20.453027025,1526043320.454920235,0.43,0.35,0.20,1118368178,1364926245146,2393781,2546731,3790124,2121303,1749235,3020143,3062211,1763901,1058,0,22300,827042,2434,0,4561,0,0,0,32804244,31599688,31482556,2116,157956
2018-05-11_14-55-20.499622555,1526043320.501498323,16445758801,2018-05-11_14-55-50.540644439,1526043350.542543773,0.40,0.35,0.21,1144976056,1427428640348,3069580,2551268,3790125,2121303,1749235,3020143,3062211,1763901,1075,0,23096,849545,2434,0,4680,0,0,0,32804244,31600480,31483336,2116,157956
2018-05-11_14-55-50.587144449,1526043350.589009223,21440751975,2018-05-11_14-56-20.619173783,1526043380.621070426,0.52,0.38,0.22,1230352446,1508066335136,4521504,2578242,3792223,2121303,1749235,3020143,3062211,1763901,1103,0,24369,871206,2436,0,5190,0,0,0,32804244,31601924,31484516,2116,157984
2018-05-11_14-56-20.665956774,1526043380.667827699,16493306784,2018-05-11_14-56-50.697843385,1526043410.699744734,0.37,0.36,0.22,1256233348,1570175303800,4521506,2598331,3895076,2121303,1749235,3559686,3062211,1763901,1117,0,25246,893400,2436,0,5253,0,0,0,32804244,31614592,31497404,2116,158000
2018-05-11_14-56-50.744590054,1526043410.746488688,16319244931,2018-05-11_14-57-20.776518591,1526043440.778444456,0.29,0.34,0.22,1283172746,1632095639670,4649025,2598331,3895076,2121303,1749235,3559686,3633713,1763901,1131,0,26142,915588,2436,0,5312,0,0,0,32804244,31614008,31497712,2116,158004
2018-05-11_14-57-20.823187906,1526043440.825045943,21452441029,2018-05-11_14-57-50.855898429,1526043470.857826098,0.49,0.39,0.24,1369543056,1712803872466,4649043,2598340,3895122,3599768,1749235,3559686,3633713,1763901,1151,0,27339,937313,2436,0,5856,0,0,0,32804244,31614940,31497508,2116,158004
2018-05-11_14-57-50.902479762,1526043470.904346643,21474712888,2018-05-11_14-58-20.934419510,1526043500.936303576,0.30,0.35,0.23,1455463574,1793594212888,4649045,2598340,5373318,3599785,1749235,3559686,3633713,1763901,1173,0,28559,959021,2437,0,6393,0,0,0,32804244,31614464,31497388,2116,158032
2018-05-11_14-58-20.980870190,1526043500.982721645,16475391892,2018-05-11_14-58-51.012378270,1526043531.014286466,0.33,0.35,0.24,1481634972,1856173438780,4649047,2598340,5498097,3599785,1749235,3559686,3633713,2308016,1186,0,29437,981218,2437,0,6451,0,0,0,32804244,31613988,31496916,2116,158032
2018-05-11_14-58-51.058926704,1526043531.060780835,16324083130,2018-05-11_14-59-21.100587098,1526043561.102508255,0.20,0.32,0.23,1508974882,1917618198990,4649049,2611405,5606856,3599785,2336152,3559686,3633713,2308016,1202,0,30299,1003437,2438,0,6507,0,0,0,32804244,31614484,31497480,2116,158032
2018-05-11_14-59-21.147098686,1526043561.148959749,21303910936,2018-05-11_14-59-51.179780006,1526043591.181735763,0.39,0.35,0.24,1611299816,1997700209548,4649051,4129170,5606980,3599785,2336152,3559686,3633713,2308016,1223,0,31618,1025070,2439,0,7085,0,0,0,32804244,31613472,31496104,2116,158084
2018-05-11_14-59-51.226345184,1526043591.228205079,16587210441,2018-05-11_15-00-21.267458458,1526043621.269364018,0.37,0.35,0.24,1637778990,2060686486772,4649053,4795181,5607155,3599785,2336152,3559686,3633713,2308016,1243,0,32411,1047564,2439,0,7207,0,0,0,32804244,31611444,31494216,2116,158096
2018-05-11_15-00-21.314047816,1526043621.315939484,21327410484,2018-05-11_15-00-51.345970255,1526043651.347914586,0.42,0.36,0.25,1723828980,2140945769722,4655590,4829682,5759306,3673267,3538083,3559686,3633713,2308016,1265,0,33635,1068750,2439,0,7473,0,0,0,32804244,31612396,31495572,2116,158096
2018-05-11_15-00-51.392566054,1526043651.394443868,21335916029,2018-05-11_15-01-21.424490738,1526043681.426410983,0.33,0.34,0.25,1813417466,2221215296156,4655592,4856303,5999172,3673267,3538083,3559686,3633713,3549481,1282,0,34870,1089894,2441,0,7746,0,0,0,32804244,31611484,31494744,2116,158108
2018-05-11_15-01-21.471145901,1526043681.473029661,16478651258,2018-05-11_15-01-51.512349567,1526043711.514242788,0.35,0.34,0.25,1840105664,2283779202366,4655594,4856303,6680678,3673281,3538083,3559686,3633713,3549481,1301,0,35644,1112405,2441,0,7863,0,0,0,32804244,31598532,31481792,2116,158116
2018-05-11_15-01-51.559029236,1526043711.560910604,21472380975,2018-05-11_15-02-21.591439514,1526043741.593348141,0.40,0.36,0.25,1928546502,2364597632338,4655597,4856313,6680688,5180955,3538083,3559686,3633713,3549481,1322,0,36848,1134106,2441,0,8386,0,0,0,32804244,31599364,31482588,2116,158116
2018-05-11_15-02-21.638082500,1526043741.639966184,16461722630,2018-05-11_15-02-51.679747747,1526043771.681656918,0.30,0.34,0.25,1955056268,2426573064926,4655599,4856313,6812448,5180955,3538083,3559686,4189212,3549481,1340,0,37712,1156282,2441,0,8435,0,0,0,32804244,31599396,31482032,2116,158120
2018-05-11_15-02-51.726413221,1526043771.728291671,16500289084,2018-05-11_15-03-21.758220899,1526043801.760133641,0.46,0.37,0.26,1980363986,2489117510600,4655601,4856313,6938976,5180955,3538083,4081732,4189212,3549481,1354,0,38606,1178462,2441,0,8491,0,0,0,32804244,31599272,31482540,2116,158120
2018-05-11_15-03-21.804880908,1526043801.806741673,21400970360,2018-05-11_15-03-51.836806475,1526043831.838701926,0.73,0.45,0.29,2066544664,2569676692084,6136931,4856429,6939046,5180955,3538083,4081732,4189212,3549481,1372,0,39840,1200171,2441,0,9053,0,0,0,32804244,31600404,31483116,2116,158120
2018-05-11_15-03-51.883279735,1526043831.885136963,16659984935,2018-05-11_15-04-21.924411664,1526043861.926327157,0.56,0.43,0.29,2092061086,2632396111178,6783691,4856498,6939047,5180955,3538083,4081732,4189212,3549481,1388,0,40622,1222694,2441,0,9173,0,0,0,32804244,31601748,31484460,2116,158124
2018-05-11_15-04-21.971163233,1526043861.973027457,21359004049,2018-05-11_15-04-52.002999829,1526043892.004912839,0.51,0.44,0.30,2179021092,2713258309310,6783693,4906146,7155861,5180955,3538083,5286130,4189212,3549481,1406,0,41808,1243851,2441,0,9441,0,0,0,32804244,31614520,31497200,2116,158116
2018-05-11_15-04-52.049433903,1526043892.051297222,21238119239,2018-05-11_15-05-22.081146143,1526043922.083076040,0.60,0.47,0.32,2268514090,2793220528260,6783695,5004561,7322643,5180955,3538083,5286130,5426080,3549481,1423,0,43031,1264976,2441,0,9725,0,0,0,32804244,31615388,31498340,2116,158116
2018-05-11_15-05-22.127721385,1526043922.129581212,16350445094,2018-05-11_15-05-52.159172951,1526043952.161070073,0.36,0.43,0.31,2297223792,2854773303218,6783705,5004561,7322644,5914744,3538083,5286130,5426080,3549481,1434,0,43821,1287466,2441,0,9843,0,0,0,32804244,31615224,31497916,2116,158116
2018-05-11_15-05-52.205758896,1526043952.207617167,16605836693,2018-05-11_15-06-22.246983621,1526043982.248883948,0.37,0.42,0.31,2323084150,2917692185782,6783707,5004561,7986968,5914746,3538083,5286130,5426080,3549481,1448,0,44603,1309974,2441,0,9964,0,0,0,32804244,31614284,31497268,2116,158116
2018-05-11_15-06-22.293429906,1526043982.295285841,21325549354,2018-05-11_15-06-52.325267331,1526044012.327207019,0.37,0.41,0.31,2410143804,2998002591086,6783709,5055856,8202644,5914746,3538083,5286130,5426080,4764463,1463,0,45832,1331168,2441,0,10231,0,0,0,32804244,31613644,31496620,2116,158116
2018-05-11_15-06-52.371961534,1526044012.373838073,21286519695,2018-05-11_15-07-22.403656363,1526044042.405550438,0.22,0.37,0.30,2497342466,3078088224364,6783711,5127661,8396720,5914746,4751813,5286130,5426080,4764463,1479,0,47080,1352312,2441,0,10506,0,0,0,32804244,31613456,31496432,2116,158120
2018-05-11_15-07-22.450320980,1526044042.452190598,16601921275,2018-05-11_15-07-52.490900635,1526044072.492810682,0.21,0.35,0.30,2522866696,3140624386882,6783721,5769847,8396729,5914746,4751813,5286130,5426080,4764463,1494,0,47844,1374837,2441,0,10624,0,0,0,32804244,31613440,31496416,2116,158120
2018-05-11_15-07-52.537500157,1526044072.539365201,21252900655,2018-05-11_15-08-22.569818977,1526044102.571734178,0.34,0.37,0.31,2610726414,3221107937512,6783723,7269182,8396742,5914746,4751813,5286130,5426080,4764463,1514,0,49224,1396513,2441,0,11099,0,0,0,32804244,31613648,31497120,2116,158120
2018-05-11_15-08-22.616273791,1526044102.618150017,16558508050,2018-05-11_15-08-52.647788804,1526044132.649805195,0.27,0.35,0.30,2635969172,3283431831434,6783725,7351452,8442462,5914746,5272919,5286130,5426080,4764463,1530,0,50121,1418696,2441,0,11153,0,0,0,32804244,31612516,31495788,2116,158120
2018-05-11_15-08-52.694292560,1526044132.696145871,16482008891,2018-05-11_15-09-22.726113501,1526044162.728023431,0.28,0.35,0.31,2661034010,3345445384062,6911017,7351452,8442462,5914746,5272919,5286130,5426080,5285054,1543,0,51008,1440884,2441,0,11210,0,0,0,32804244,31612680,31495892,2116,158120
2018-05-11_15-09-22.772738007,1526044162.774606848,21297017492,2018-05-11_15-09-52.805469859,1526044192.807392836,0.37,0.36,0.31,2749772704,3426118880636,6911027,7351613,9946719,5918444,5272919,5286130,5426080,5285054,1564,0,52293,1462561,2441,0,11719,0,0,0,32804244,31600796,31483540,2116,158132
2018-05-11_15-09-52.852204893,1526044192.854063562,16541180297,2018-05-11_15-10-22.893778877,1526044222.895673118,0.43,0.37,0.32,2775106470,3488367100548,6911029,7351613,10072872,5918444,5272919,5286130,5426080,5813215,1579,0,53165,1484762,2441,0,11771,0,0,0,32804244,31600068,31482796,2116,158144
2018-05-11_15-10-22.940427188,1526044222.942282303,21390801334,2018-05-11_15-10-52.973349708,1526044252.975254365,0.47,0.39,0.33,2860407020,3568751194360,6911046,7351621,11543796,5918457,5272919,5286130,5426080,5813215,1601,0,54422,1506464,2441,0,12303,0,0,0,32804244,31600092,31483364,2116,158144
2018-05-11_15-10-53.020125746,1526044253.022002845,21344167636,2018-05-11_15-11-23.052580892,1526044283.054504798,0.49,0.40,0.33,2967010482,3649722948680,6911128,8888166,11543859,5918464,5272919,5286130,5426080,5813215,1623,0,55732,1528094,2441,0,12874,0,0,0,32804244,31600920,31483852,2116,158148
2018-05-11_15-11-23.099261119,1526044283.101124838,16445280898,2018-05-11_15-11-53.140983930,1526044313.142895236,0.43,0.39,0.33,2992539576,3711611415840,6911130,8888166,11670460,5918464,5809786,5286130,5426080,5813215,1634,0,56596,1550302,2441,0,12925,0,0,0,32804244,31601444,31484176,2116,158148
2018-05-11_15-11-53.187449288,1526044313.189323448,21277468721,2018-05-11_15-12-23.219361084,1526044343.221268879,0.41,0.39,0.33,3080409726,3791574502224,6911132,9071583,11719359,5952088,7030459,5286130,5426080,5813215,1657,0,57813,1571444,2441,0,13210,0,0,0,32804244,31601616,31484348,2116,158152
2018-05-11_15-12-23.266039951,1526044343.267916760,16388629537,2018-05-11_15-12-53.307327733,1526044373.309286677,0.31,0.37,0.32,3109816644,3853868907468,6911134,9813811,11719388,5952088,7030459,5286130,5426080,5813215,1670,0,58579,1593944,2441,0,13332,0,0,0,32804244,31613712,31497000,2116,158144
2018-05-11_15-12-53.353988744,1526044373.355853344,16331650597,2018-05-11_15-13-23.395067244,1526044403.397017335,0.30,0.36,0.32,3138347658,3915298051310,6911137,9813811,12451730,5952088,7030459,5286130,5426080,5813215,1685,0,59336,1616458,2441,0,13447,0,0,0,32804244,31611756,31495288,2116,158144
2018-05-11_15-13-23.441559835,1526044403.443427930,21337198585,2018-05-11_15-13-53.473484780,1526044433.475382519,0.24,0.34,0.31,3225166224,3995478083622,6911139,9853498,12679230,5952088,7030459,5286130,5426080,7031413,1702,0,60567,1637659,2441,0,13711,0,0,0,32804244,31611536,31494536,2116,158144
2018-05-11_15-13-53.520121553,1526044433.522004335,21321735525,2018-05-11_15-14-23.551843249,1526044463.553734594,0.34,0.36,0.32,3312510742,4076368094414,6911141,9975768,12823314,5952088,7030459,5286130,6634055,7031413,1720,0,61755,1658837,2441,0,13972,0,0,0,32804244,31611660,31494880,2116,158144
2018-05-11_15-14-23.598863857,1526044463.600742940,16515911912,2018-05-11_15-14-53.639669302,1526044493.641573423,0.26,0.34,0.31,3339578076,4138522506084,6911163,9975768,12823314,6647390,7030459,5286130,6634055,7031413,1735,0,62504,1681366,2441,0,14078,0,0,0,32804244,31612480,31495228,2116,158148
2018-05-11_15-14-53.686182890,1526044493.688073143,16555817457,2018-05-11_15-15-23.726892732,1526044523.728792782,0.16,0.31,0.31,3365149154,4200793346048,7567084,9975877,12823315,6647390,7030459,5286130,6634055,7031413,1751,0,63271,1703884,2441,0,14190,0,0,0,32804244,31612724,31495400,2116,158148
2018-05-11_15-15-23.773514187,1526044523.775387681,21279240564,2018-05-11_15-15-53.805424215,1526044553.807326338,0.31,0.33,0.31,3455208040,4281384245432,7567086,9985646,13079244,6647390,7030459,6522032,6634055,7031413,1767,0,64509,1724986,2441,0,14456,0,0,0,32804244,31611944,31494940,2116,158148
2018-05-11_15-15-53.852017373,1526044553.853912827,16476888364,2018-05-11_15-16-23.893637468,1526044583.895538979,0.36,0.34,0.32,3480905454,4343392823980,7567088,9985646,13206680,6647390,7030459,7057552,6634055,7031413,1780,0,65402,1747173,2441,0,14515,0,0,0,32804244,31612908,31496164,2116,158148
2018-05-11_15-16-23.940258552,1526044583.942134326,21536030246,2018-05-11_15-16-53.972465159,1526044613.974350350,0.40,0.36,0.32,3566043828,4424323901646,9036659,9986713,13206732,6647390,7030459,7057552,6634055,7031413,1799,0,66612,1768905,2441,0,15052,0,0,0,32804244,31613432,31496168,2116,158148
2018-05-11_15-16-54.018843419,1526044614.020700012,21376704804,2018-05-11_15-17-24.050998911,1526044644.052920383,0.45,0.37,0.33,3652016762,4505421437444,9036661,9986730,13206748,8117867,7030459,7057552,6634055,7031413,1819,0,67872,1790604,2441,0,15584,0,0,0,32804244,31613048,31496080,2116,158148
2018-05-11_15-17-24.097491616,1526044644.099363509,16369779805,2018-05-11_15-17-54.129150223,1526044674.131054147,0.47,0.38,0.33,3680241344,4567023716738,9036663,9986730,13244095,8203209,7030459,7057552,7272262,7031413,1833,0,68737,1812806,2441,0,15643,0,0,0,32804244,31601520,31484812,2116,158156
2018-05-11_15-17-54.175661127,1526044674.177523982,21337201532,2018-05-11_15-18-24.207162831,1526044704.209091322,0.49,0.39,0.34,3765447622,4647238817796,9036665,10002618,13494909,8203209,7030459,7057552,7272262,8227793,1851,0,69948,1834007,2441,0,15908,0,0,0,32804244,31600900,31483920,2116,158156
2018-05-11_15-18-24.253698271,1526044704.255576058,16478021364,2018-05-11_15-18-54.294929884,1526044734.296830097,0.43,0.39,0.34,3795877324,4709862476844,9036667,10002618,14282396,8203222,7030459,7057552,7272262,8227793,1869,0,70732,1856480,2441,0,16052,0,0,0,32804244,31601360,31484212,2116,158160
2018-05-11_15-18-54.341404547,1526044734.343262064,16483581203,2018-05-11_15-19-24.382530501,1526044764.384444806,0.32,0.37,0.33,3821624018,4771862257864,9036669,10675220,14282424,8203222,7030459,7057552,7272262,8227793,1885,0,71513,1878982,2441,0,16167,0,0,0,32804244,31601044,31484340,2116,158164
2018-05-11_15-19-24.428914053,1526044764.430803398,21377304696,2018-05-11_15-19-54.461666535,1526044794.463560395,0.33,0.36,0.33,3910297688,4852204565308,9036671,10724010,14425408,8278641,8265290,7057552,7272262,8227793,1904,0,72730,1900148,2441,0,16426,0,0,0,32804244,31600632,31483372,2116,158164
2018-05-11_15-19-54.508308765,1526044794.510164567,16529373336,2018-05-11_15-20-24.540772127,1526044824.542677239,0.27,0.35,0.32,3936045982,4915023207340,9036673,10724010,14451923,8377792,8790849,7057552,7272262,8227793,1920,0,73626,1922341,2441,0,16485,0,0,0,32804244,31599844,31482868,2116,158172
2018-05-11_15-20-24.587624872,1526044824.589513053,21321123824,2018-05-11_15-20-54.620410800,1526044854.622322579,0.37,0.36,0.33,4020832100,4995228254080,9036675,12187144,14452127,8377800,8790849,7057552,7272262,8227793,1942,0,74908,1944030,2441,0,17049,0,0,0,32804244,31612856,31495880,2116,158168
2018-05-11_15-20-54.667120880,1526044854.668991364,21344825330,2018-05-11_15-21-24.700125615,1526044884.702050024,0.43,0.37,0.33,4106159210,5075535154606,9036677,12187169,15919594,8377811,8790849,7057552,7272262,8227793,1962,0,76162,1965739,2441,0,17600,0,0,0,32804244,31613160,31496136,2116,158168
2018-05-11_15-21-24.746747046,1526044884.748637289,16209874111,2018-05-11_15-21-54.778886886,1526044914.780814074,0.31,0.35,0.32,4135149040,5137136808388,9066502,12187169,16006349,8377811,8790849,7057552,7272262,8858318,1977,0,77029,1987964,2441,0,17668,0,0,0,32804244,31612436,31495744,2116,158168
2018-05-11_15-21-54.825637757,1526044914.827516696,16268333539,2018-05-11_15-22-24.867110070,1526044944.869020312,0.43,0.38,0.33,4163737334,5198346058280,9066504,12187169,16125675,8377811,8790849,7057552,7904307,8858318,1992,0,77915,2010173,2441,0,17738,0,0,0,32804244,31613012,31496296,2116,158168
2018-05-11_15-22-24.913695539,1526044944.915567183,21384344470,2018-05-11_15-22-54.946092491,1526044974.947982381,0.49,0.40,0.34,4248633084,5278720632798,9066506,12187189,16125692,9847184,8790849,7057552,7904307,8858318,2012,0,79218,2031878,2441,0,18272,0,0,0,32804244,31613408,31496136,2116,158168
2018-05-11_15-22-54.992623197,1526044974.994490745,21468104013,2018-05-11_15-23-25.024440689,1526045005.026332769,0.42,0.39,0.34,4335395394,5360155938268,10541798,12190180,16130582,9847184,8790849,7057552,7904307,8858318,2029,0,80513,2053580,2441,0,18795,0,0,0,32804244,31613504,31496504,2116,158168
2018-05-11_15-23-25.071144719,1526045005.073025374,16436425065,2018-05-11_15-23-55.103004275,1526045035.104904264,0.45,0.40,0.34,4360859848,5421999828558,10541800,12190180,16165473,9935340,8790849,7594760,7904307,8858318,2044,0,81362,2075793,2441,0,18846,0,0,0,32804244,31613360,31496408,2116,158168
2018-05-11_15-23-55.149593494,1526045035.151463620,21249066271,2018-05-11_15-24-25.181021172,1526045065.182946400,0.49,0.41,0.35,4449081550,5501897316578,10541802,12235844,16385853,9935340,8790849,8821735,7904307,8858318,2062,0,82633,2096949,2441,0,19128,0,0,0,32804244,31612680,31495680,2116,158168
2018-05-11_15-24-25.227633245,1526045065.229517780,16368295022,2018-05-11_15-24-55.268405266,1526045095.270300667,0.36,0.39,0.34,4478410068,5564059807776,11285085,12235963,16385854,9935340,8790849,8821735,7904307,8858318,2076,0,83432,2119446,2441,0,19257,0,0,0,32804244,31613076,31496100,2116,158168
2018-05-11_15-24-55.314929566,1526045095.316799905,16586094685,2018-05-11_15-25-25.355864552,1526045125.357764319,0.40,0.40,0.34,4503630234,5626479805860,11285087,12235963,16385855,10577021,8790849,8821735,7904307,8858318,2093,0,84199,2141984,2441,0,19377,0,0,0,32804244,31613972,31497280,2116,158168
2018-05-11_15-25-25.402352758,1526045125.404230203,21304213903,2018-05-11_15-25-55.434044627,1526045155.435964416,0.36,0.39,0.34,4592363616,5706564712802,11357505,12264806,16465173,10662464,8790849,8821735,9132980,8858318,2114,0,85403,2163106,2441,0,19665,0,0,0,32804244,31599248,31482536,2116,158176
2018-05-11_15-25-55.480831837,1526045155.482723242,16137095753,2018-05-11_15-26-25.522581304,1526045185.524508058,0.33,0.38,0.34,4622154918,5767863995276,11357507,12264806,16593026,10662464,8790849,9462964,9132980,8858318,2129,0,86296,2185306,2441,0,19732,0,0,0,32804244,31600880,31483916,2116,158176
2018-05-11_15-26-25.569439208,1526045185.571316050,21372346435,2018-05-11_15-26-55.602287883,1526045215.604174365,0.48,0.41,0.35,4707607340,5848279658512,12832887,12265654,16593067,10662464,8790849,9462964,9132980,8858318,2152,0,87677,2206997,2441,0,20276,0,0,0,32804244,31600376,31483144,2116,158180
2018-05-11_15-26-55.648906738,1526045215.650784596,21454891809,2018-05-11_15-27-25.680981889,1526045245.682924865,0.41,0.40,0.35,4796006898,5928994549194,12832909,12265654,16593087,12170544,8790849,9462964,9132980,8858318,2173,0,88931,2228695,2441,0,20788,0,0,0,32804244,31601256,31483992,2116,158184
2018-05-11_15-27-25.727551022,1526045245.729426528,16274162952,2018-05-11_15-27-55.759526437,1526045275.761453150,0.32,0.38,0.35,4825791032,5990803304656,12832911,12265654,16713123,12170544,8790849,9462964,9774281,8858318,2189,0,89820,2250898,2441,0,20864,0,0,0,32804244,31601556,31484328,2116,158188
2018-05-11_15-27-55.806162119,1526045275.808038757,21285540317,2018-05-11_15-28-25.838090559,1526045305.840010311,0.34,0.38,0.34,4911781822,6070929468146,12832913,12325502,16919402,12170544,8790849,9462964,10979344,8858318,2209,0,91070,2272075,2441,0,21141,0,0,0,32804244,31601800,31484596,2116,158192
2018-05-11_15-28-25.884816141,1526045305.886702037,16326768375,2018-05-11_15-28-55.926347811,1526045335.928235293,0.28,0.36,0.34,4940550020,6132395797636,12832925,12325502,16919406,12909081,8790849,9462964,10979344,8858318,2226,0,91868,2294575,2441,0,21274,0,0,0,32804244,31613936,31497400,2116,158184
2018-05-11_15-28-55.972924839,1526045335.974794541,16562817883,2018-05-11_15-29-26.013867061,1526045366.015764426,0.17,0.32,0.33,4966624330,6195164495638,13505416,12325583,16919407,12909081,8790849,9462964,10979344,8858318,2242,0,92647,2317107,2441,0,21399,0,0,0,32804244,31614800,31497832,2116,158184
2018-05-11_15-29-26.060395221,1526045366.062257934,21363078395,2018-05-11_15-29-56.092979645,1526045396.094893680,0.23,0.33,0.33,5054264656,6275570788770,13505418,12371760,17071057,12978199,8790849,10681465,10979344,8858318,2258,0,93861,2338282,2441,0,21668,0,0,0,32804244,31614116,31497148,2116,158184
2018-05-11_15-29-56.139567863,1526045396.141437916,21357605518,2018-05-11_15-30-26.181336957,1526045426.183388949,0.39,0.36,0.33,5140405014,6355919440066,13505420,12413930,17295896,12978199,9991996,10681465,10979344,8858318,2276,0,95045,2359481,2441,0,21937,0,0,0,32804244,31613264,31496328,2116,158192
2018-05-11_15-30-26.228312159,1526045426.230195374,16310372724,2018-05-11_15-30-56.268766459,1526045456.270675549,0.30,0.34,0.33,5169495708,6417839260480,13505423,13150476,17295916,12978199,9991996,10681465,10979344,8858318,2292,0,95851,2381963,2441,0,22066,0,0,0,32804244,31613344,31496356,2116,158192
2018-05-11_15-30-56.315531145,1526045456.317408881,16627620300,2018-05-11_15-31-26.356864980,1526045486.358773159,0.37,0.35,0.33,5195107490,6480414250978,13505425,13150476,17951272,12978199,9991996,10681465,10979344,8858318,2307,0,96660,2404477,2441,0,22189,0,0,0,32804244,31612460,31495184,2116,158192
2018-05-11_15-31-26.403526648,1526045486.405418202,21326917477,2018-05-11_15-31-56.435226630,1526045516.437172169,0.50,0.38,0.34,5284259240,6560583362850,13505427,13183140,18185091,12978199,9991996,10681465,10979344,10096684,2324,0,97855,2425631,2441,0,22456,0,0,0,32804244,31612980,31495756,2116,158192
2018-05-11_15-31-56.481937277,1526045516.483813539,16377118850,2018-05-11_15-32-26.523877104,1526045546.525785392,0.30,0.35,0.33,5310922030,6622790577250,13505429,13183140,18312254,12978199,9991996,10681465,10979344,10652533,2339,0,98759,2447829,2441,0,22503,0,0,0,32804244,31612780,31495804,2116,158192
2018-05-11_15-32-26.570567935,1526045546.572425871,21511005875,2018-05-11_15-32-56.603049209,1526045576.604955629,0.26,0.33,0.32,5397468596,6703727417686,13505432,13183140,19784817,12988504,9991996,10681465,10979344,10652533,2358,0,99949,2469529,2441,0,23015,0,0,0,32804244,31612324,31495920,2116,158192
2018-05-11_15-32-56.649632913,1526045576.651514726,21316056192,2018-05-11_15-33-26.682052761,1526045606.683988674,0.29,0.33,0.32,5482657658,6783923457308,13505434,14651746,19784825,12988504,9991996,10681465,10979344,10652533,2378,0,101203,2491216,2441,0,23566,0,0,0,32804244,31612380,31495088,2116,158192
2018-05-11_15-33-26.728554371,1526045606.730453089,16552211892,2018-05-11_15-33-56.770361434,1526045636.772265537,0.30,0.33,0.32,5508475968,6846778564464,13505436,14651746,19784825,13115065,10519684,10681465,10979344,10652533,2394,0,102095,2513418,2441,0,23622,0,0,0,32804244,31600408,31483408,2116,158200
2018-05-11_15-33-56.816894827,1526045636.818746310,21310489248,2018-05-11_15-34-26.848508126,1526045666.850407242,0.31,0.33,0.32,5593488006,6926969175118,13505438,14714888,19987939,13115065,10519684,11867957,10979344,10652533,2408,0,103301,2534591,2441,0,23889,0,0,0,32804244,31600212,31483476,2116,158200
2018-05-11_15-34-26.895319384,1526045666.897184103,16467258048,2018-05-11_15-34-56.936020956,1526045696.937937294,0.26,0.32,0.32,5619339532,6988970501852,14176477,14716782,19987951,13115065,10519684,11867957,10979344,10652533,2424,0,104073,2557122,2441,0,24001,0,0,0,32804244,31600000,31483344,2116,158208
2018-05-11_15-34-56.982725063,1526045696.984605758,16505800515,2018-05-11_15-35-27.023839128,1526045727.025739278,0.29,0.32,0.32,5646215058,7051548558292,14176505,14716782,19987952,13805413,10519684,11867957,10979344,10652533,2442,0,104869,2579623,2441,0,24123,0,0,0,32804244,31600632,31483620,2116,158212
2018-05-11_15-35-27.070489687,1526045727.072347209,21411190714,2018-05-11_15-35-57.102137271,1526045757.104047192,0.46,0.35,0.33,5732390168,7132109695572,14176507,14754968,20217162,13805413,10519684,11867957,12181087,10652533,2460,0,106050,2600815,2442,0,24376,0,0,0,32804244,31600496,31484072,2116,158248
2018-05-11_15-35-57.148774398,1526045757.150652929,16400093163,2018-05-11_15-36-27.190456468,1526045787.192337195,0.60,0.40,0.34,5758061890,7193860584226,14176509,14754968,20344488,13805413,10519684,11867957,12720863,10652533,2478,0,106960,2622999,2442,0,24442,0,0,0,32804244,31600728,31484012,2116,158252
2018-05-11_15-36-27.237270481,1526045787.239143553,21334274493,2018-05-11_15-36-57.269128610,1526045817.271047389,0.58,0.41,0.35,5844164808,7274655368104,14176516,14755003,20344509,15281686,10519684,11867957,12720863,10652533,2498,0,108209,2644699,2442,0,24983,0,0,0,32804244,31613148,31496212,2116,158244
