StartTime,StartEpoch,BW,EndTime,EndEpoch,CPULoad1m,CPULoad5m,CPULoad5m,NetDevRX,NetDevTX,IRQens2-0,IRQens2-1,IRQens2-2,IRQens2-3,IRQens2-4,IRQens2-5,IRQens2-6,IRQens2-7,user,nice,system,idle,iowait,irq,softirq,steal,guest,guest_nice,MemTotal,MemFree,MemAvailable,Buffers,Cached
2018-05-14_21-37-06.067132473,1526326626.069056198,21278902980,2018-05-14_21-37-36.110174054,1526326656.112098450,0.81,0.61,0.66,10282815908,13679574123232,20506164,20043647,18622808,18321266,4275746,3612735,4490988,4852932,98021,6,563456,73360386,2573,0,69082,0,0,0,32804244,31561812,31455096,2116,186676
2018-05-14_21-37-36.157006788,1526326656.158893276,21179484441,2018-05-14_21-38-06.199172665,1526326686.201137272,0.88,0.64,0.67,10400001706,13759943655490,20506164,21614135,18622808,18321266,4275746,3612735,4490988,4852932,98038,6,565199,73380187,2576,0,69094,0,0,0,32804244,31562364,31456240,2116,186748
2018-05-14_21-38-06.246422339,1526326686.248328154,21615611667,2018-05-14_21-38-36.289185767,1526326716.291111049,0.81,0.65,0.67,10516208176,13841286976046,20506164,21614135,18622808,18321266,4275746,5170517,4490988,4852932,98055,6,566971,73400018,2576,0,69102,0,0,0,32804244,31561200,31454780,2116,186748
2018-05-14_21-38-36.336505635,1526326716.338415398,21283532755,2018-05-14_21-39-06.379164198,1526326746.381089264,0.83,0.67,0.68,10612297526,13921379012542,20506164,21614135,18622808,19675405,4275746,5170517,4490988,4852932,98073,6,568677,73420021,2576,0,69107,0,0,0,32804244,31563116,31456444,2116,186748
2018-05-14_21-39-06.426158357,1526326746.428158653,19443782822,2018-05-14_21-39-36.465184699,1526326776.467105930,0.83,0.68,0.69,10716628988,13995204377176,20506164,21614135,18622808,19675405,4275746,5170517,4490988,5885770,98090,6,570241,73440787,2576,0,69108,0,0,0,32804244,31563244,31456800,2116,186748
2018-05-14_21-39-36.512272200,1526326776.514148624,19544936254,2018-05-14_21-40-06.555245060,1526326806.557195971,0.62,0.65,0.67,10841436994,14068764528946,20506164,21614135,18622808,19675405,4275746,5170517,4490988,7077760,98108,6,571906,73461356,2576,0,69110,0,0,0,32804244,31562248,31455780,2116,186760
2018-05-14_21-40-06.602318275,1526326806.604196228,21323271867,2018-05-14_21-40-36.645103167,1526326836.647033419,0.75,0.68,0.68,10958940552,14149576359522,20506164,21614135,18622808,21322709,4275746,5170517,4490988,7077760,98125,6,573727,73481241,2576,0,69114,0,0,0,32804244,31562168,31455784,2116,186760
2018-05-14_21-40-36.692093021,1526326836.693987124,21326753263,2018-05-14_21-41-06.734167820,1526326866.736106859,0.60,0.65,0.67,11054383758,14229900520780,20506164,21614135,18622808,21322709,4275746,6474124,4490988,7077760,98143,6,575491,73501239,2576,0,69127,0,0,0,32804244,31548436,31442036,2116,186772
2018-05-14_21-41-06.781474122,1526326866.783386737,21140237714,2018-05-14_21-41-36.823188669,1526326896.825115415,0.58,0.64,0.67,11150349396,14309458591174,20506164,22914701,18622808,21322709,4275746,6474124,4490988,7077760,98160,6,577229,73521102,2576,0,69142,0,0,0,32804244,31549444,31443008,2116,186776
2018-05-14_21-41-36.870275813,1526326896.872153750,21366495830,2018-05-14_21-42-06.913121917,1526326926.915075605,0.49,0.61,0.66,11247333530,14390505726306,20506164,22914701,19976557,21322709,4275746,6474124,4490988,7077760,98180,6,578969,73541097,2576,0,69146,0,0,0,32804244,31549304,31442928,2116,186776
2018-05-14_21-42-06.960254255,1526326926.962148123,21471366239,2018-05-14_21-42-37.004198652,1526326957.006130484,0.62,0.63,0.67,11358175456,14471325499690,20506164,22914701,19976557,21322709,4275746,6474124,5785221,7077760,98197,6,580685,73561104,2576,0,69152,0,0,0,32804244,31548244,31442128,2116,186776
2018-05-14_21-42-37.051331358,1526326957.053223989,19793632606,2018-05-14_21-43-07.096182722,1526326987.098124718,0.64,0.63,0.67,11464876710,14545829601056,20506164,22914701,19976557,21322709,4275746,6474124,5785221,7077762,98217,6,582273,73581766,2576,0,69159,0,0,0,32804244,31548548,31442704,2116,186780
2018-05-14_21-43-07.143361162,1526326987.145261277,21534076233,2018-05-14_21-43-37.186168138,1526327017.188114155,0.67,0.64,0.67,11564040940,14627500905166,20506164,22914701,19976557,21322709,5618988,6474124,5785221,7077762,98234,6,584028,73601752,2576,0,69164,0,0,0,32804244,31548792,31442400,2116,186780
2018-05-14_21-43-37.233211858,1526327017.235107539,21545034817,2018-05-14_21-44-07.275175027,1526327047.277125303,0.67,0.64,0.67,11660469042,14708573985944,20506164,22914701,19976557,21322709,5618988,7766567,5785221,7077762,98250,6,585736,73621759,2576,0,69178,0,0,0,32804244,31561452,31455288,2116,186776
2018-05-14_21-44-07.322391767,1526327047.324289943,21342921720,2018-05-14_21-44-37.364162823,1526327077.366101763,0.67,0.64,0.67,11771123768,14788895154832,20506164,24283025,19976557,21322709,5618988,7766567,5785221,7077762,98269,6,587479,73641727,2576,0,69188,0,0,0,32804244,31562624,31456252,2116,186776
2018-05-14_21-44-37.411264408,1526327077.413149915,19758627784,2018-05-14_21-45-07.453176965,1526327107.455104155,0.61,0.63,0.67,11879183998,14863907790120,20506164,24283025,19976557,21322709,5618988,7766567,5785221,8397665,98286,6,589110,73662337,2576,0,69193,0,0,0,32804244,31561872,31455736,2116,186776
2018-05-14_21-45-07.500259186,1526327107.502142645,21308827249,2018-05-14_21-45-37.543084936,1526327137.545023287,0.69,0.65,0.67,11995055108,14944095161362,20506164,24283025,19976557,22925277,5618988,7766567,5785221,8397665,98303,6,590874,73682207,2576,0,69196,0,0,0,32804244,31562972,31456576,2116,186776
2018-05-14_21-45-37.590423795,1526327137.592314814,19717318473,2018-05-14_21-46-07.633214244,1526327167.635152824,0.50,0.60,0.66,12087901322,15018837725226,20506164,24283025,19976557,22925277,5618988,7766567,5785221,8397667,98319,6,592479,73702954,2576,0,69200,0,0,0,32804244,31562524,31456376,2116,186776
2018-05-14_21-46-07.680085276,1526327167.681971192,21626450456,2018-05-14_21-46-37.722181589,1526327197.724128468,0.64,0.62,0.66,12204995856,15100326043826,20506164,24283025,19976557,22925277,7186035,7766567,5785221,8397667,98337,6,594244,73722823,2576,0,69202,0,0,0,32804244,31561952,31455520,2116,186776
2018-05-14_21-46-37.769313499,1526327197.771207385,21282668949,2018-05-14_21-47-07.812153546,1526327227.814090390,0.80,0.66,0.67,12300107862,15180418943780,20506164,24283025,21325898,22925277,7186035,7766567,5785221,8397667,98359,6,596000,73742844,2576,0,69208,0,0,0,32804244,31562216,31455760,2116,186776
2018-05-14_21-47-07.859217170,1526327227.861114481,21447978645,2018-05-14_21-47-37.903189311,1526327257.905123742,0.74,0.66,0.68,12395778332,15261746691826,20506164,24283025,21325898,22925277,7186035,7766567,7070432,8397667,98375,6,597737,73762874,2576,0,69210,0,0,0,32804244,31562208,31455732,2116,186776
2018-05-14_21-47-37.950175775,1526327257.952054523,21362114296,2018-05-14_21-48-07.993097831,1526327287.995015011,0.72,0.66,0.68,12510905314,15342187435558,20506164,24283025,22939387,22925277,7186035,7766567,7070432,8397667,98394,6,599501,73782806,2576,0,69215,0,0,0,32804244,31562824,31456192,2116,186776
2018-05-14_21-48-08.040055539,1526327288.041948040,21705819977,2018-05-14_21-48-38.083152082,1526327318.085102007,0.76,0.68,0.68,12627791400,15423861713420,20506164,24283025,22939387,22925277,7186035,7766567,8671226,8397667,98412,6,601259,73802737,2576,0,69216,0,0,0,32804244,31562196,31456096,2116,186776
2018-05-14_21-48-38.130130851,1526327318.132036264,19614521164,2018-05-14_21-49-08.172146847,1526327348.174084236,0.71,0.68,0.68,12715959662,15498332779654,20506164,24283025,22939387,22925277,7186035,7766567,8671226,8397669,98430,6,602797,73823545,2576,0,69221,0,0,0,32804244,31549148,31442748,2116,186788
2018-05-14_21-49-08.219888746,1526327348.221798559,21480933461,2018-05-14_21-49-38.263216315,1526327378.265157788,0.55,0.64,0.67,12812234612,15579169418422,20506164,24283025,22939387,22925277,8476316,7766567,8671226,8397669,98450,6,604522,73843534,2576,0,69225,0,0,0,32804244,31549956,31443556,2116,186788
2018-05-14_21-49-38.310319147,1526327378.312234922,19623324203,2018-05-14_21-50-08.353239704,1526327408.355197628,0.72,0.68,0.68,12900831802,15653028966338,20506164,24283025,22939387,22925277,8476316,7766567,8671226,9469649,98465,6,606086,73864331,2576,0,69229,0,0,0,32804244,31550268,31444400,2116,186792
2018-05-14_21-50-08.400624822,1526327408.402519973,21311990379,2018-05-14_21-50-38.444165242,1526327438.446110522,0.69,0.68,0.68,12996966656,15733863439134,20506164,24283025,22939387,24275663,8476316,7766567,8671226,9469649,98484,6,607827,73884344,2576,0,69235,0,0,0,32804244,31550648,31444312,2116,186800
2018-05-14_21-50-38.491383328,1526327438.493296208,21725940637,2018-05-14_21-51-08.534171584,1526327468.536133235,0.76,0.69,0.69,13114381318,15815616312286,20506164,24283025,22939387,24275663,8476316,9342161,8671226,9469649,98505,6,609541,73904248,2576,0,69252,0,0,0,32804244,31548868,31442772,2116,186804
2018-05-14_21-51-08.581159185,1526327468.583057395,21414235588,2018-05-14_21-51-38.624116450,1526327498.626042069,0.79,0.71,0.69,13213850060,15896212986170,20506164,25696218,22939387,24275663,8476316,9342161,8671226,9469649,98523,6,611313,73924222,2576,0,69263,0,0,0,32804244,31549832,31443984,2116,186804
2018-05-14_21-51-38.671011415,1526327498.672890525,19645200367,2018-05-14_21-52-08.713179423,1526327528.715150837,0.56,0.65,0.67,13302132882,15970793504440,20506164,25696218,22939387,24275663,8476316,9342161,8671226,9469651,98541,6,612857,73945036,2576,0,69269,0,0,0,32804244,31562144,31455980,2116,186796
2018-05-14_21-52-08.760241130,1526327528.762140378,21393664014,2018-05-14_21-52-38.803147580,1526327558.805075483,0.53,0.64,0.67,13397138520,16051292129590,20506164,25696218,22939387,24275663,9794213,9342161,8671226,9469651,98559,6,614623,73965093,2576,0,69271,0,0,0,32804244,31562224,31456428,2116,186796
2018-05-14_21-52-38.850088749,1526327558.851978357,21443454458,2018-05-14_21-53-08.893147213,1526327588.895081780,0.73,0.67,0.68,13514559198,16132578702106,20506164,25696218,24577840,24275663,9794213,9342161,8671226,9469651,98576,6,616370,73985036,2576,0,69276,0,0,0,32804244,31562020,31455956,2116,186796
2018-05-14_21-53-08.940202234,1526327588.942113219,21691031107,2018-05-14_21-53-38.983142231,1526327618.985078375,0.59,0.64,0.67,13631173988,16214285159706,20506164,25696218,24577840,24275663,9794213,9342161,10239763,9469651,98595,6,618122,74004928,2576,0,69279,0,0,0,32804244,31562196,31455296,2116,186796
2018-05-14_21-53-39.030208641,1526327619.032080406,21688551185,2018-05-14_21-54-09.073160021,1526327649.075098358,0.69,0.66,0.68,13730929706,16295904903872,20506164,25696218,24577840,24275663,9794213,10672297,10239763,9469651,98614,6,619796,74024904,2576,0,69289,0,0,0,32804244,31561624,31455264,2116,186796
2018-05-14_21-54-09.120303732,1526327649.122205922,21419245047,2018-05-14_21-54-39.162089128,1526327679.164007392,0.75,0.68,0.68,13848720368,16377156461710,20506164,27352337,24577840,24275663,9794213,10672297,10239763,9469651,98630,6,621635,74044790,2576,0,69297,0,0,0,32804244,31562420,31456356,2116,186796
2018-05-14_21-54-39.209038590,1526327679.210944802,19575548562,2018-05-14_21-55-09.252175382,1526327709.254100686,0.70,0.68,0.68,13936066166,16450849840054,20506164,27352337,24577840,24275663,9794213,10672297,10239763,10540111,98645,6,623241,74065549,2576,0,69300,0,0,0,32804244,31561272,31455172,2116,186796
2018-05-14_21-55-09.299229773,1526327709.301129556,21361457712,2018-05-14_21-55-39.342113744,1526327739.344014426,0.63,0.66,0.68,14032291452,16531216960970,20506164,27352337,24577840,25640830,9794213,10672297,10239763,10540111,98662,6,624969,74085562,2576,0,69303,0,0,0,32804244,31561740,31455900,2116,186796
2018-05-14_21-55-39.389128980,1526327739.391018785,21450006018,2018-05-14_21-56-09.431075087,1526327769.432989451,0.76,0.69,0.69,14150072578,16612609272770,20506164,27352337,24577840,27311600,9794213,10672297,10239763,10540111,98680,6,626811,74105483,2576,0,69309,0,0,0,32804244,31562260,31455604,2116,186796
2018-05-14_21-56-09.478038232,1526327769.479926885,19580168698,2018-05-14_21-56-39.520193741,1526327799.522136138,0.66,0.67,0.68,14241365576,16686292871348,20506164,27352337,24577840,27311600,9794213,10672297,10239763,11663259,98697,6,628383,74126245,2576,0,69310,0,0,0,32804244,31562860,31455920,2116,186796
2018-05-14_21-56-39.567015562,1526327799.568914376,21202305682,2018-05-14_21-57-09.610184702,1526327829.612118008,0.68,0.67,0.68,14337156814,16766065344040,20506164,28638479,24577840,27311600,9794213,10672297,10239763,11663259,98716,6,630057,74146128,2576,0,69329,0,0,0,32804244,31550304,31443416,2116,186804
2018-05-14_21-57-09.657256246,1526327829.659128840,21338727444,2018-05-14_21-57-39.699208990,1526327859.701131889,0.47,0.62,0.67,14433127828,16847026584538,20506164,28638479,24577840,27311600,9794213,11989275,10239763,11663259,98738,6,631818,74166144,2576,0,69341,0,0,0,32804244,31549004,31442692,2116,186812
2018-05-14_21-57-39.746254543,1526327859.748134401,21458386892,2018-05-14_21-58-09.789168493,1526327889.791100925,0.41,0.60,0.66,14529071770,16927778944928,20506164,28638479,24577840,27311600,9794213,11989275,11544562,11663259,98756,6,633512,74186179,2576,0,69347,0,0,0,32804244,31549172,31442500,2116,186812
2018-05-14_21-58-09.836212098,1526327889.838093089,21318326169,2018-05-14_21-58-39.879191602,1526327919.881135255,0.72,0.65,0.67,14625353056,17008000669176,20506164,28638479,25941634,27311600,9794213,11989275,11544562,11663259,98776,6,635222,74206202,2576,0,69353,0,0,0,32804244,31550088,31443220,2116,186816
2018-05-14_21-58-39.926333015,1526327919.928228586,21638978249,2018-05-14_21-59-09.970207552,1526327949.972152948,0.71,0.65,0.67,14741826086,17090102448130,20506164,28638479,25941634,27311600,11382916,11989275,11544562,11663259,98796,6,636995,74226120,2576,0,69358,0,0,0,32804244,31548752,31442892,2116,186816
2018-05-14_21-59-10.017212596,1526327950.019094762,19828588565,2018-05-14_21-59-40.059154670,1526327980.061079868,0.70,0.65,0.68,14848306476,17164724838124,20506164,28638479,25941634,27311600,11382916,11989275,11544562,11663261,98812,6,638632,74246735,2576,0,69359,0,0,0,32804244,31548964,31442328,2116,186816
2018-05-14_21-59-40.106243028,1526327980.108138676,21169305847,2018-05-14_22-00-10.148152168,1526328010.150090628,0.70,0.66,0.68,14944484658,17244966571162,20506164,29927571,25941634,27311600,11382916,11989275,11544562,11663261,98830,6,640259,74266663,2576,0,69378,0,0,0,32804244,31561736,31455076,2116,186816
2018-05-14_22-00-10.195162389,1526328010.197055490,21387522669,2018-05-14_22-00-40.238124960,1526328040.240032400,0.68,0.66,0.68,15039266424,17325526301698,20506164,29927571,25941634,27311600,11382916,13331190,11544562,11663261,98846,6,642099,74286731,2576,0,69384,0,0,0,32804244,31561908,31455596,2116,186816
2018-05-14_22-00-40.285100900,1526328040.287000102,21309918751,2018-05-14_22-01-10.328177151,1526328070.330163355,0.49,0.61,0.66,15138311870,17405722167384,20506164,29927571,25941634,28712996,11382916,13331190,11544562,11663261,98867,6,643865,74306688,2577,0,69392,0,0,0,32804244,31562236,31455628,2116,186820
2018-05-14_22-01-10.375349977,1526328070.377221060,19663356400,2018-05-14_22-01-40.419160792,1526328100.421125893,0.56,0.62,0.66,15245001540,17480344725242,20506164,29927571,25941634,28712996,11382916,13331190,11544562,13001679,98884,6,645494,74327304,2577,0,69392,0,0,0,32804244,31562380,31455984,2116,186820
2018-05-14_22-01-40.466258007,1526328100.468153811,21659481880,2018-05-14_22-02-10.509160077,1526328130.511108944,0.46,0.59,0.65,15362625354,17561872472984,20506164,29927571,25941634,28712996,12968546,13331190,11544562,13001679,98902,6,647227,74347199,2577,0,69396,0,0,0,32804244,31560952,31454568,2116,186820
2018-05-14_22-02-10.556379296,1526328130.558256014,19681913484,2018-05-14_22-02-40.600123540,1526328160.602054438,0.39,0.56,0.64,15467905552,17635956817880,20506164,29927571,25941634,28712996,12968546,13331190,11544562,13001681,98919,6,648833,74367843,2577,0,69399,0,0,0,32804244,31561004,31454620,2116,186820
2018-05-14_22-02-40.647212391,1526328160.649105679,21360708865,2018-05-14_22-03-10.690126965,1526328190.692049393,0.61,0.60,0.66,15564023766,17716974686100,20506164,29927571,25941634,28712996,12968546,13331190,12868828,13001681,98939,6,650591,74387888,2577,0,69406,0,0,0,32804244,31561108,31454204,2116,186820
2018-05-14_22-03-10.737061628,1526328190.738945607,21308543259,2018-05-14_22-03-40.780099232,1526328220.782030799,0.83,0.66,0.67,15660021084,17797157686230,20506164,29927571,27310452,28712996,12968546,13331190,12868828,13001681,98958,6,652346,74407896,2577,0,69407,0,0,0,32804244,31561560,31455248,2116,186820
2018-05-14_22-03-40.827277694,1526328220.829163867,21304691665,2018-05-14_22-04-10.870107572,1526328250.872027890,0.83,0.67,0.68,15755672802,17877332632122,20506164,29927571,28670071,28712996,12968546,13331190,12868828,13001681,98974,6,654101,74427907,2577,0,69410,0,0,0,32804244,31562284,31455900,2116,186824
2018-05-14_22-04-10.917083402,1526328250.918987802,21437028904,2018-05-14_22-04-40.959111255,1526328280.961032520,0.73,0.66,0.67,15852500456,17958668804380,20506164,29927571,28670071,28712996,12968546,13331190,14230343,13001681,98992,6,655929,74447952,2577,0,69412,0,0,0,32804244,31561880,31456056,2116,186824
2018-05-14_22-04-41.006128601,1526328281.008010721,19647229972,2018-05-14_22-05-11.049176660,1526328311.051117083,0.72,0.66,0.68,15956582510,18032613233910,20506164,29927571,28670071,28712996,12968546,13331190,14230343,13001685,99010,6,657552,74468584,2577,0,69416,0,0,0,32804244,31549656,31443224,2116,186832
2018-05-14_22-05-11.096352182,1526328311.098239692,21660511922,2018-05-14_22-05-41.138208586,1526328341.140138927,0.57,0.63,0.67,16073597556,18114669344096,20506164,29927571,28670071,28712996,14563861,13331190,14230343,13001685,99031,6,659325,74488498,2577,0,69421,0,0,0,32804244,31549024,31442396,2116,186836
2018-05-14_22-05-41.185183134,1526328341.187057056,19816110115,2018-05-14_22-06-11.227213161,1526328371.229140901,0.54,0.62,0.66,16180417338,18189335290414,20506164,29927571,28670071,28712996,14563861,13331190,14230343,14338429,99050,6,660866,74509190,2577,0,69423,0,0,0,32804244,31548228,31442444,2116,186836
2018-05-14_22-06-11.274443335,1526328371.276348595,21466226239,2018-05-14_22-06-41.317206318,1526328401.319127165,0.50,0.61,0.66,16280238592,18270106573282,20506164,29927571,28670071,30136001,14563861,13331190,14230343,14338429,99069,6,662606,74529183,2577,0,69428,0,0,0,32804244,31549716,31443920,2116,186840
2018-05-14_22-06-41.364181308,1526328401.366056783,21347912792,2018-05-14_22-07-11.407182701,1526328431.409135550,0.49,0.59,0.65,16375790278,18351060251500,20506164,29927571,28670071,30136001,14563861,14643006,14230343,14338438,99090,6,664409,74549201,2577,0,69438,0,0,0,32804244,31549664,31442980,2116,186840
2018-05-14_22-07-11.454746874,1526328431.456670426,21373061633,2018-05-14_22-07-41.497312852,1526328461.499253897,0.62,0.62,0.66,16471659596,18431541114966,20506164,31278364,28670071,30136001,14563861,14643006,14230343,14338438,99109,6,666074,74569244,2577,0,69449,0,0,0,32804244,31549212,31443132,2116,186840
2018-05-14_22-07-41.544452875,1526328461.546346662,19871122537,2018-05-14_22-08-11.586208164,1526328491.588142866,0.58,0.61,0.65,16578885906,18506332576940,20506164,31278364,28670071,30136001,14563861,14643006,14230343,14338446,99126,6,667688,74589880,2577,0,69453,0,0,0,32804244,31561704,31455884,2116,186836
2018-05-14_22-08-11.633446048,1526328491.635343330,21757587853,2018-05-14_22-08-41.676200190,1526328521.678135231,0.66,0.63,0.66,16696741144,18588851758192,20506164,31278364,28670071,30136001,16146895,14643006,14230343,14338446,99143,6,669413,74609794,2577,0,69454,0,0,0,32804244,31562040,31455676,2116,186836
2018-05-14_22-08-41.723306594,1526328521.725205224,21355872436,2018-05-14_22-09-11.765126738,1526328551.767068631,0.64,0.62,0.66,16793337246,18669218435700,20506164,31278364,30036729,30136001,16146895,14643006,14230343,14338446,99161,6,671101,74629832,2577,0,69457,0,0,0,32804244,31562788,31456448,2116,186836
2018-05-14_22-09-11.812336434,1526328551.814209750,21435917997,2018-05-14_22-09-41.856184088,1526328581.858108983,0.63,0.62,0.66,16888414692,18749888239198,20506164,31278364,30036729,30136001,16146895,14643006,15584889,14338446,99177,6,672928,74649922,2577,0,69460,0,0,0,32804244,31561460,31454836,2116,186836
2018-05-14_22-09-41.903030638,1526328581.904888411,21404274984,2018-05-14_22-10-11.946221593,1526328611.948192946,0.54,0.60,0.65,16984618794,18831102604716,20506164,31278364,30036729,30136001,16146895,15965543,15584889,14338446,99195,6,674705,74669959,2577,0,69473,0,0,0,32804244,31560968,31454932,2116,186844
2018-05-14_22-10-11.993110152,1526328611.995006656,21369259271,2018-05-14_22-10-42.028397044,1526328642.030306755,0.50,0.59,0.64,17080697200,18911511894486,20506164,32650011,30036729,30136001,16146895,15965543,15584889,14338446,99213,6,676493,74689945,2577,0,69482,0,0,0,32804244,31562064,31456016,2116,186848
2018-05-14_22-10-42.075324734,1526328642.077219559,19549586135,2018-05-14_22-11-12.117196694,1526328672.119106354,0.36,0.55,0.63,17185033718,18985122227586,20506164,32650011,30036729,30136001,16146895,15965543,15584889,15412172,99230,6,678134,74710661,2577,0,69483,0,0,0,32804244,31561372,31454804,2116,186848
2018-05-14_22-11-12.164186512,1526328672.166097576,21341225234,2018-05-14_22-11-42.207077196,1526328702.208996645,0.49,0.56,0.63,17316135996,19066063781964,20506164,32650011,30036729,31689705,16146895,15965543,15584889,15412172,99248,6,679933,74730498,2577,0,69488,0,0,0,32804244,31562180,31455872,2116,186848
2018-05-14_22-11-42.254131701,1526328702.256013376,21282463140,2018-05-14_22-12-12.296127616,1526328732.298070377,0.55,0.57,0.63,17412244098,19146150455402,20506164,32650011,30036729,33054770,16146895,15965543,15584889,15412172,99265,6,681720,74750479,2577,0,69494,0,0,0,32804244,31561360,31455324,2116,186848
2018-05-14_22-12-12.343111103,1526328732.344993138,19530939869,2018-05-14_22-12-42.386152365,1526328762.388072718,0.67,0.59,0.64,17499403720,19220187189714,20506164,32650011,30036729,33054770,16146895,15965543,15584889,16479435,99280,6,683287,74771272,2577,0,69495,0,0,0,32804244,31561020,31455244,2116,186848
2018-05-14_22-12-42.433431054,1526328762.435358264,21409828965,2018-05-14_22-13-12.475174644,1526328792.477095361,0.53,0.57,0.63,17616540238,19300865929772,20506164,34302772,30036729,33054770,16146895,15965543,15584889,16479435,99300,6,685099,74791177,2577,0,69507,0,0,0,32804244,31549964,31443092,2116,186856
2018-05-14_22-13-12.522107451,1526328792.523995657,21499949080,2018-05-14_22-13-42.565192086,1526328822.567135040,0.81,0.63,0.65,17714676116,19381772483278,20506164,34302772,30036729,33054770,16146895,17310466,15584889,16479442,99321,6,686828,74811178,2577,0,69518,0,0,0,32804244,31548856,31442840,2116,186860
2018-05-14_22-13-42.612218491,1526328822.614108015,21436361532,2018-05-14_22-14-12.655126656,1526328852.657050842,0.76,0.63,0.65,17847171098,19463052753550,20506164,34302772,30036729,33054770,16146895,17310466,16996991,16479442,99340,6,688639,74830977,2577,0,69523,0,0,0,32804244,31548596,31442284,2116,186860
2018-05-14_22-14-12.702203540,1526328852.704092224,21163843399,2018-05-14_22-14-42.745199942,1526328882.747120553,0.68,0.62,0.64,17977500256,19542761120736,20506164,34302772,31568134,33054770,16146895,17310466,16996991,16479442,99361,6,690486,74850743,2577,0,69528,0,0,0,32804244,31549808,31442892,2116,186860
2018-05-14_22-14-42.792325325,1526328882.794241997,21449831866,2018-05-14_22-15-12.835181094,1526328912.837135147,0.77,0.64,0.65,18072880934,19623474470866,20506164,34302772,31568134,33054770,17496494,17310466,16996991,16479442,99383,6,692319,74870810,2577,0,69534,0,0,0,32804244,31548436,31441828,2116,186864
2018-05-14_22-15-12.882093839,1526328912.883986222,19637322881,2018-05-14_22-15-42.924168393,1526328942.926110711,0.66,0.63,0.64,18161657708,19698011532336,20506164,34302772,31568134,33054770,17496494,17310466,16996991,16479444,99400,6,693946,74891557,2577,0,69535,0,0,0,32804244,31547856,31441520,2116,186864
2018-05-14_22-15-42.971204540,1526328942.973091005,21450005826,2018-05-14_22-16-13.014144537,1526328973.016104493,0.61,0.62,0.64,18261246770,19778742540860,20506164,35720143,31568134,33054770,17496494,17310466,16996991,16479444,99418,6,695694,74911546,2577,0,69548,0,0,0,32804244,31560936,31454328,2116,186856
2018-05-14_22-16-13.061206169,1526328973.063086412,21650720246,2018-05-14_22-16-43.104156476,1526329003.106094942,0.64,0.62,0.64,18377988856,19860217539354,20506164,35720143,31568134,33054770,17496494,18895686,16996991,16479444,99435,6,697433,74931459,2577,0,69555,0,0,0,32804244,31560212,31454184,2116,186856
2018-05-14_22-16-43.151016057,1526329003.152877205,21206443707,2018-05-14_22-17-13.194127672,1526329033.196060653,0.73,0.64,0.65,18474935486,19940695654698,20506164,35720143,31568134,34379160,17496494,18895686,16996991,16479444,99453,6,699135,74951410,2577,0,69562,0,0,0,32804244,31560044,31454032,2116,186860
2018-05-14_22-17-13.241092591,1526329033.242982604,19553947171,2018-05-14_22-17-43.283183415,1526329063.285108794,0.66,0.63,0.64,18562568068,20014281975936,20506164,35720143,31568134,34379160,17496494,18895686,16996991,17551068,99469,6,700769,74972151,2577,0,69562,0,0,0,32804244,31560384,31454344,2116,186860
2018-05-14_22-17-43.330139678,1526329063.332039525,21463989220,2018-05-14_22-18-13.372187515,1526329093.374123415,0.59,0.62,0.64,18658558794,20095031529612,20506164,35720143,31568134,34379160,18863988,18895686,16996991,17551068,99484,6,702620,74992220,2577,0,69566,0,0,0,32804244,31559948,31453212,2116,186860
2018-05-14_22-18-13.419775135,1526329093.421689722,19636626195,2018-05-14_22-18-43.460443607,1526329123.462372196,0.49,0.59,0.63,18747185488,20169583833946,20506164,35720143,31568134,34379160,18863988,18895686,16996991,17551070,99497,6,704158,75013048,2577,0,69567,0,0,0,32804244,31559916,31453580,2116,186860
2018-05-14_22-18-43.507253561,1526329123.509122327,21659780009,2018-05-14_22-19-13.550383079,1526329153.552313539,0.62,0.61,0.63,18864127126,20251087664702,20506164,35720143,31568134,34379160,18863988,18895686,18606530,17551070,99515,6,705934,75032969,2577,0,69575,0,0,0,32804244,31560144,31454128,2116,186860
2018-05-14_22-19-13.597169323,1526329153.599042755,21311491671,2018-05-14_22-19-43.640357001,1526329183.642300294,0.59,0.60,0.63,18979386204,20331852398872,20506164,35720143,33136936,34379160,18863988,18895686,18606530,17551070,99530,6,707633,75052854,2577,0,69576,0,0,0,32804244,31560672,31454584,2116,186860
2018-05-14_22-19-43.687157366,1526329183.689037036,21675933037,2018-05-14_22-20-13.730259321,1526329213.732208081,0.51,0.58,0.62,19097006050,20413531196440,20506164,35720143,33136936,34379160,20431199,18895686,18606530,17551070,99546,6,709390,75072733,2577,0,69585,0,0,0,32804244,31559984,31453968,2116,186864
2018-05-14_22-20-13.777317880,1526329213.779189304,19767766454,2018-05-14_22-20-43.820180681,1526329243.822110623,0.57,0.59,0.62,19203988072,20487930606018,20506164,35720143,33136936,34379160,20431199,18895686,18606530,17551074,99563,6,711075,75093315,2577,0,69586,0,0,0,32804244,31560684,31453536,2116,186864
2018-05-14_22-20-43.866939725,1526329243.868821459,21402611552,2018-05-14_22-21-13.910142463,1526329273.912064252,0.74,0.63,0.63,19300002990,20569060685340,20506164,35720143,33136936,34379160,20431199,18895686,19955845,17551074,99581,6,712927,75113364,2577,0,69596,0,0,0,32804244,31548136,31442004,2116,186876
2018-05-14_22-21-13.957202153,1526329273.959094447,21367010719,2018-05-14_22-21-44.000135003,1526329304.002080722,0.71,0.63,0.63,19396272052,20649522262626,20506164,35720143,34496925,34379160,20431199,18895686,19955845,17551091,99600,6,714656,75133386,2577,0,69601,0,0,0,32804244,31548804,31442500,2116,186880
2018-05-14_22-21-44.047092760,1526329304.048966017,21235548394,2018-05-14_22-22-14.090134511,1526329334.092069657,0.74,0.65,0.64,19491896954,20729435477650,20506164,37020657,34496925,34379160,20431199,18895686,19955845,17551091,99621,6,716326,75153325,2577,0,69616,0,0,0,32804244,31549368,31442796,2116,186880
2018-05-14_22-22-14.137454904,1526329334.139358623,21407084566,2018-05-14_22-22-44.181195067,1526329364.183129018,0.77,0.67,0.65,19587370944,20810660867574,20506164,37020657,34496925,34379160,20431199,20244368,19955845,17551091,99640,6,718192,75173385,2577,0,69630,0,0,0,32804244,31548708,31441872,2116,186880
2018-05-14_22-22-44.228136021,1526329364.230007515,21396910195,2018-05-14_22-23-14.270147876,1526329394.272087258,0.69,0.65,0.64,19703603270,20891178129264,20506164,37020657,34496925,36035005,20431199,20244368,19955845,17551091,99663,6,720034,75193296,2577,0,69637,0,0,0,32804244,31549768,31443468,2116,186884
2018-05-14_22-23-14.317173980,1526329394.319061138,19611493181,2018-05-14_22-23-44.359126297,1526329424.361056406,0.63,0.64,0.64,19795035148,20964998931930,20506164,37020657,34496925,36035005,20431199,20244368,19955845,18679514,99679,6,721649,75214033,2577,0,69638,0,0,0,32804244,31550036,31443452,2116,186884
2018-05-14_22-23-44.406230875,1526329424.408122502,21309052494,2018-05-14_22-24-14.449171443,1526329454.451135394,0.71,0.66,0.64,19891147346,21045821136208,20506164,37020657,34496925,36035005,20431199,20244368,21269824,18679514,99697,6,723461,75234025,2577,0,69645,0,0,0,32804244,31561276,31454704,2116,186880
2018-05-14_22-24-14.496380340,1526329454.498273213,21197547719,2018-05-14_22-24-44.539277846,1526329484.541212984,0.69,0.66,0.65,19986455576,21125593121870,20506164,37020657,35826680,36035005,20431199,20244368,21269824,18679514,99715,6,725235,75253972,2577,0,69647,0,0,0,32804244,31561840,31455804,2116,186880
2018-05-14_22-24-44.586167306,1526329484.588038361,21592351527,2018-05-14_22-25-14.629222132,1526329514.631134554,0.75,0.67,0.65,20102891678,21206840590988,20506164,37020657,35826680,36035005,22010838,20244368,21269824,18679514,99734,6,727054,75273830,2577,0,69650,0,0,0,32804244,31561504,31455400,2116,186880
2018-05-14_22-25-14.676204191,1526329514.678095905,19792902329,2018-05-14_22-25-44.720153062,1526329544.722088227,0.59,0.64,0.64,20210249316,21281986334796,20506164,37020657,35826680,36035005,22010838,20244368,21269824,18679516,99749,6,728654,75294467,2577,0,69651,0,0,0,32804244,31561460,31455164,2116,186880
2018-05-14_22-25-44.767178073,1526329544.769055587,21398289786,2018-05-14_22-26-14.811118708,1526329574.813049467,0.75,0.68,0.65,20309613290,21362502754566,20506164,37020657,35826680,37453343,22010838,20244368,21269824,18679516,99766,6,730432,75314453,2577,0,69657,0,0,0,32804244,31561720,31455456,2116,186880
2018-05-14_22-26-14.858085280,1526329574.859957215,19804219654,2018-05-14_22-26-44.902202922,1526329604.904145986,0.60,0.64,0.64,20416805424,21437603215086,20506164,37020657,35826680,37453343,22010838,20244368,21269824,20013192,99783,6,732011,75335121,2577,0,69657,0,0,0,32804244,31560788,31455008,2116,186880
2018-05-14_22-26-44.949125696,1526329604.951029112,21335764253,2018-05-14_22-27-14.992172138,1526329634.994100248,0.55,0.63,0.64,20512570166,21517967616534,20506164,38376971,35826680,37453343,22010838,20244368,21269824,20013192,99801,6,733767,75355136,2577,0,69666,0,0,0,32804244,31561272,31455528,2116,186880
2018-05-14_22-27-15.039242484,1526329635.041139817,21407222292,2018-05-14_22-27-45.082130712,1526329665.084065146,0.58,0.63,0.64,20607203132,21598525631334,20506164,38376971,35826680,37453343,22010838,21584170,21269824,20013192,99820,6,735614,75375208,2577,0,69670,0,0,0,32804244,31559856,31453816,2116,186880
2018-05-14_22-27-45.129183647,1526329665.131068969,21823627466,2018-05-14_22-28-15.172197400,1526329695.174130786,0.42,0.59,0.63,20725750146,21681304890194,20506164,38376971,35826680,37453343,22010838,23171357,21269824,20013192,99836,6,737307,75395148,2577,0,69682,0,0,0,32804244,31560592,31454268,2116,186880
2018-05-14_22-28-15.219188958,1526329695.221070935,21477254140,2018-05-14_22-28-45.261115230,1526329725.263039589,0.46,0.58,0.62,20825622216,21762150556516,20506164,39799141,35826680,37453343,22010838,23171357,21269824,20013192,99855,6,739037,75415142,2577,0,69692,0,0,0,32804244,31560440,31454684,2116,186880
2018-05-14_22-28-45.308127929,1526329725.310023127,19552554890,2018-05-14_22-29-15.351167410,1526329755.353104943,0.60,0.60,0.63,20913882702,21835749153194,20506164,39799141,35826680,37453343,22010838,23171357,21269824,21092768,99872,6,740624,75435911,2577,0,69696,0,0,0,32804244,31549240,31442944,2116,186892
2018-05-14_22-29-15.398233755,1526329755.400116588,21332109863,2018-05-14_22-29-45.437168520,1526329785.439091544,0.67,0.62,0.63,21010474324,21916655278748,20506164,39799141,35826680,38820155,22010838,23171357,21269824,21092768,99892,6,742417,75455902,2577,0,69704,0,0,0,32804244,31550436,31444164,2116,186892
2018-05-14_22-29-45.484206742,1526329785.486207891,19635191983,2018-05-14_22-30-15.526234155,1526329815.528184842,0.54,0.60,0.62,21098112410,21990556606034,20506164,39799141,35826680,38820155,22010838,23171357,21269824,21092772,99913,6,744003,75476681,2577,0,69710,0,0,0,32804244,31549256,31442948,2116,186904
2018-05-14_22-30-15.573302229,1526329815.575198877,21535668205,2018-05-14_22-30-45.617195063,1526329845.619151480,0.58,0.60,0.62,21194792096,22071565670846,20506164,39799141,35826680,38820155,23307879,23171357,21269824,21092772,99935,6,745677,75496686,2577,0,69716,0,0,0,32804244,31548972,31442424,2116,186912
2018-05-14_22-30-45.664203497,1526329845.666082965,21244397519,2018-05-14_22-31-15.707155843,1526329875.709088758,0.46,0.58,0.62,21310929638,22152188878106,20506164,39799141,37380266,38820155,23307879,23171357,21269824,21092772,99954,6,747395,75516515,2577,0,69722,0,0,0,32804244,31549888,31443900,2116,186916
2018-05-14_22-31-15.754157061,1526329875.756054016,21724535303,2018-05-14_22-31-45.796147089,1526329905.798090906,0.54,0.58,0.62,21428108140,22233941161364,20506164,39799141,37380266,38820155,23307879,23171357,22854436,21092772,99973,6,749140,75536419,2577,0,69724,0,0,0,32804244,31550108,31443540,2116,186916
2018-05-14_22-31-45.843211424,1526329905.845088730,19589279684,2018-05-14_22-32-15.886191191,1526329935.888108929,0.66,0.61,0.62,21515819506,22307686714394,20506164,39799141,37380266,38820155,23307879,23171357,22854436,22170125,99991,6,750782,75557136,2577,0,69727,0,0,0,32804244,31561284,31455292,2116,186908
2018-05-14_22-32-15.933092462,1526329935.934983923,21313829298,2018-05-14_22-32-45.976132237,1526329965.978058437,0.46,0.57,0.61,21612543864,22388520199678,20506164,39799141,37380266,40193205,23307879,23171357,22854436,22170125,100007,6,752602,75577105,2577,0,69729,0,0,0,32804244,31562584,31456332,2116,186908
2018-05-14_22-32-46.023121069,1526329966.025014503,21554471463,2018-05-14_22-33-16.066222855,1526329996.068163592,0.48,0.56,0.60,21711642494,22469621930642,20506164,39799141,37380266,40193205,23307879,24511808,22854436,22170125,100024,6,754336,75597065,2577,0,69737,0,0,0,32804244,31561384,31455316,2116,186908
2018-05-14_22-33-16.113150928,1526329996.115023509,21394794496,2018-05-14_22-33-46.155146662,1526330026.157102057,0.65,0.59,0.61,21828755972,22550743689538,20506164,41458287,37380266,40193205,23307879,24511808,22854436,22170125,100041,6,756167,75616975,2577,0,69748,0,0,0,32804244,31562332,31455488,2116,186908
2018-05-14_22-33-46.202015655,1526330026.203911248,21344338248,2018-05-14_22-34-16.245302906,1526330056.247247918,0.59,0.58,0.60,21945474634,22631137000878,20506164,41458287,39019614,40193205,23307879,24511808,22854436,22170125,100060,6,757974,75636872,2577,0,69751,0,0,0,32804244,31561336,31455056,2116,186908
2018-05-14_22-34-16.292179296,1526330056.294076133,21340721855,2018-05-14_22-34-46.336208781,1526330086.338133456,0.41,0.54,0.59,22060864272,22711450899640,20506164,41458287,39019614,40193205,23307879,24511808,24448351,22170125,100078,6,759891,75656669,2577,0,69756,0,0,0,32804244,31560448,31454060,2116,186908
2018-05-14_22-34-46.383312323,1526330086.385179486,19650521626,2018-05-14_22-35-16.425195748,1526330116.427140553,0.45,0.54,0.59,22149583382,22786024750082,20506164,41458287,39019614,40193205,23307879,24511808,24448351,22170127,100094,6,761495,75677432,2577,0,69759,0,0,0,32804244,31561384,31454564,2116,186908
2018-05-14_22-35-16.472212189,1526330116.474108405,21410419175,2018-05-14_22-35-46.515150094,1526330146.517072460,0.61,0.56,0.60,22244096988,22866618381770,20506164,41458287,39019614,40193205,24638660,24511808,24448351,22170127,100112,6,763271,75697512,2577,0,69760,0,0,0,32804244,31560456,31454464,2116,186908
2018-05-14_22-35-46.562086773,1526330146.563992331,21419301385,2018-05-14_22-36-16.605186097,1526330176.607122247,0.65,0.58,0.60,22339543394,22947225978056,20506164,41458287,39019614,40193205,25975338,24511808,24448351,22170127,100130,6,765043,75717567,2577,0,69763,0,0,0,32804244,31560936,31455168,2116,186908
2018-05-14_22-36-16.652205302,1526330176.654094034,19617870704,2018-05-14_22-36-46.696125320,1526330206.698049206,0.51,0.55,0.59,22428082216,23021702326848,20506164,41458287,39019614,40193205,25975338,24511808,24448351,22170129,100147,6,766690,75738298,2577,0,69764,0,0,0,32804244,31561140,31454508,2116,186908
2018-05-14_22-36-46.743139984,1526330206.745054375,21779908025,2018-05-14_22-37-16.786222034,1526330236.788155007,0.51,0.55,0.59,22545038446,23103662015576,20506164,41458287,39019614,40193205,25975338,24511808,26013385,22170129,100167,6,768405,75758202,2577,0,69771,0,0,0,32804244,31547960,31441960,2116,186924
2018-05-14_22-37-16.833475226,1526330236.835359414,21328009992,2018-05-14_22-37-46.876174535,1526330266.878121676,0.51,0.54,0.58,22660297908,23183926011924,20506164,41458287,40669125,40193205,25975338,24511808,26013385,22170129,100186,6,770282,75778108,2577,0,69776,0,0,0,32804244,31548976,31442436,2116,186924
2018-05-14_22-37-46.923257208,1526330266.925139675,21372630363,2018-05-14_22-38-16.966139393,1526330296.968093769,0.55,0.55,0.59,22776888250,23265022673598,20506164,43104236,40669125,40193205,25975338,24511808,26013385,22170129,100204,6,772101,75798027,2577,0,69799,0,0,0,32804244,31548760,31442516,2116,186924
2018-05-14_22-38-17.013213294,1526330297.015107377,21615631062,2018-05-14_22-38-47.055163054,1526330327.057109997,0.65,0.58,0.60,22875942976,23346362047144,20506164,43104236,40669125,40193205,25975338,25840301,26013385,22170129,100225,6,773765,75818025,2577,0,69811,0,0,0,32804244,31548568,31442028,2116,186928
2018-05-14_22-38-47.102313726,1526330327.104214780,21345966640,2018-05-14_22-39-17.145176718,1526330357.147118907,0.68,0.59,0.60,22971986438,23427255404478,20506164,43104236,40669125,41556052,25975338,25840301,26013385,22170129,100243,6,775527,75838017,2577,0,69821,0,0,0,32804244,31548016,31441712,2116,186928
2018-05-14_22-39-17.192151863,1526330357.194035739,19639379704,2018-05-14_22-39-47.234140098,1526330387.236083381,0.73,0.62,0.60,23060104268,23501257708322,20506164,43104236,40669125,41556052,25975338,25840301,26013385,23244299,100259,6,777178,75858738,2577,0,69821,0,0,0,32804244,31548256,31441976,2116,186932
2018-05-14_22-39-47.281204904,1526330387.283090973,21604077940,2018-05-14_22-40-17.324206576,1526330417.326137953,0.70,0.62,0.61,23177141650,23582545978838,20506164,43104236,40669125,41556052,25975338,25840301,27606375,23244299,100277,6,778962,75878605,2577,0,69828,0,0,0,32804244,31560188,31454172,2116,186928
2018-05-14_22-40-17.371153882,1526330417.373033872,21346865074,2018-05-14_22-40-47.414093797,1526330447.416019044,0.82,0.66,0.62,23293595544,23663494340456,20506164,43104236,42315709,41556052,25975338,25840301,27606375,23244299,100293,6,780805,75898516,2577,0,69830,0,0,0,32804244,31561084,31454844,2116,186928
2018-05-14_22-40-47.461157991,1526330447.463048256,21498331638,2018-05-14_22-41-17.504203659,1526330477.506165060,0.89,0.69,0.63,23389891678,23744450490134,20506164,43104236,42315709,41556052,27281874,25840301,27606375,23244299,100311,6,782537,75918518,2577,0,69832,0,0,0,32804244,31560460,31454468,2116,186928
2018-05-14_22-41-17.551277355,1526330477.553162186,19674395032,2018-05-14_22-41-47.594162218,1526330507.596078986,0.75,0.67,0.62,23477884388,23818502433356,20506164,43104236,42315709,41556052,27281874,25840301,27606375,23244301,100329,6,784157,75939257,2577,0,69832,0,0,0,32804244,31560476,31454224,2116,186928
2018-05-14_22-41-47.641227275,1526330507.643098727,21133410661,2018-05-14_22-42-17.683127135,1526330537.685071873,0.73,0.67,0.63,23573595562,23898661290252,20506164,43104236,42315709,42851650,27281874,25840301,27606375,23244301,100347,6,785850,75959168,2577,0,69839,0,0,0,32804244,31560972,31454436,2116,186928
2018-05-14_22-42-17.730109323,1526330537.731989502,19610241221,2018-05-14_22-42-47.773159950,1526330567.775094255,0.64,0.66,0.62,23662042928,23972464493820,20506164,43104236,42315709,42851650,27281874,25840301,27606375,24329853,100362,6,787501,75979890,2577,0,69839,0,0,0,32804244,31561276,31454816,2116,186928
2018-05-14_22-42-47.820388642,1526330567.822281147,21397915963,2018-05-14_22-43-17.863121575,1526330597.865073784,0.46,0.61,0.61,23761490294,24052966931710,20506164,44522308,42315709,42851650,27281874,25840301,27606375,24329853,100380,6,789255,75999873,2577,0,69853,0,0,0,32804244,31561328,31455016,2116,186928
2018-05-14_22-43-17.910274783,1526330597.912163540,21590368349,2018-05-14_22-43-47.952169723,1526330627.954096565,0.55,0.62,0.61,23896177340,24134883253750,20506164,44522308,42315709,42851650,27281874,27250210,27606375,24329853,100397,6,791033,76019762,2577,0,69859,0,0,0,32804244,31560452,31454200,2116,186932
2018-05-14_22-43-47.999099159,1526330628.000998506,21195187267,2018-05-14_22-44-18.042206591,1526330658.044158959,0.51,0.60,0.60,24003915458,24214643484408,20506164,44522308,42315709,42851650,27281874,28551590,27606375,24329853,100413,6,792828,76039852,2577,0,69867,0,0,0,32804244,31560504,31454264,2116,186932
2018-05-14_22-44-18.089291279,1526330658.091166525,21104423014,2018-05-14_22-44-48.131127402,1526330688.133089269,0.61,0.61,0.60,24098680776,24294058032424,20506164,45794560,42315709,42851650,27281874,28551590,27606375,24329853,100429,6,794436,76059775,2577,0,69876,0,0,0,32804244,31561628,31455076,2116,186932
2018-05-14_22-44-48.178343157,1526330688.180227331,19614348773,2018-05-14_22-45-18.221207366,1526330718.223140065,0.63,0.62,0.60,24204463886,24368527030078,20506164,45794560,42315709,42851650,27281874,28551590,27606375,25657271,100447,6,796031,76080418,2577,0,69881,0,0,0,32804244,31548244,31442536,2116,186940
2018-05-14_22-45-18.268440039,1526330718.270344091,21429036557,2018-05-14_22-45-48.311208930,1526330748.313163466,0.45,0.57,0.59,24303688276,24449161362478,20506164,45794560,42315709,44260897,27281874,28551590,27606375,25657271,100466,6,797786,76100390,2577,0,69893,0,0,0,32804244,31549116,31442760,2116,186944
2018-05-14_22-45-48.358396443,1526330748.360283262,19699095446,2018-05-14_22-46-18.400181894,1526330778.402143941,0.35,0.54,0.58,24429904474,24523847118352,20506164,45794560,42315709,44260897,27281874,28551590,27606375,25657273,100483,6,799343,76121057,2577,0,69896,0,0,0,32804244,31548468,31442468,2116,186944
2018-05-14_22-46-18.447855797,1526330778.449783568,21690184142,2018-05-14_22-46-48.490431517,1526330808.492365873,0.53,0.56,0.59,24546956512,24605562747578,20506164,45794560,42315709,44260897,28866219,28551590,27606375,25657310,100502,6,801079,76140953,2577,0,69902,0,0,0,32804244,31548392,31442424,2116,186948
2018-05-14_22-46-48.537349314,1526330808.539243394,21362564380,2018-05-14_22-47-18.577197422,1526330838.579116178,0.65,0.59,0.59,24643164134,24685953248676,20506164,45794560,43679895,44260897,28866219,28551590,27606375,25657310,100522,6,802785,76160972,2577,0,69912,0,0,0,32804244,31550032,31443332,2116,186948
2018-05-14_22-47-18.624218275,1526330838.626094517,21383624118,2018-05-14_22-47-48.666175803,1526330868.668125207,0.55,0.57,0.59,24739036140,24767050401502,20506164,45794560,43679895,44260897,28866219,28551590,28954409,25657310,100542,6,804633,76181028,2577,0,69914,0,0,0,32804244,31549356,31443116,2116,186948
2018-05-14_22-47-48.713332785,1526330868.715235841,19514931704,2018-05-14_22-48-18.756234799,1526330898.758199993,0.59,0.58,0.59,24843071346,24840532962278,20506164,45794560,43679895,44260897,28866219,28551590,28954409,26730454,100561,6,806313,76201724,2577,0,69916,0,0,0,32804244,31561128,31454888,2116,186944
2018-05-14_22-48-18.803379174,1526330898.805278296,21450527273,2018-05-14_22-48-48.846110666,1526330928.848021990,0.69,0.60,0.60,24959877176,24921232020984,20506164,45794560,43679895,45925385,28866219,28551590,28954409,26730454,100578,6,808123,76221656,2577,0,69926,0,0,0,32804244,31561740,31455772,2116,186944
2018-05-14_22-48-48.893107126,1526330928.895001201,21531086593,2018-05-14_22-49-18.935180151,1526330958.937132442,0.61,0.59,0.59,25057379774,25002932965946,20506164,45794560,43679895,45925385,28866219,29855976,28954409,26730454,100597,6,809829,76241678,2577,0,69935,0,0,0,32804244,31560152,31454132,2116,186944
2018-05-14_22-49-18.982417317,1526330958.984299817,21087439227,2018-05-14_22-49-49.026203398,1526330989.028129656,0.70,0.61,0.60,25165515652,25082289303598,20506164,47120956,43679895,45925385,28866219,29855976,28954409,26730454,100614,6,811638,76261509,2577,0,69946,0,0,0,32804244,31562692,31456028,2116,186944
2018-05-14_22-49-49.073092410,1526330989.074976060,21388507059,2018-05-14_22-50-19.116162199,1526331019.118088850,0.64,0.60,0.60,25261413194,25162771057606,20506164,47120956,45031254,45925385,28866219,29855976,28954409,26730454,100633,6,813331,76281558,2577,0,69951,0,0,0,32804244,31562760,31456512,2116,186952
2018-05-14_22-50-19.163249090,1526331019.165141593,21414883942,2018-05-14_22-50-49.206136025,1526331049.208095256,0.51,0.58,0.59,25357369168,25244029558298,20506164,47120956,45031254,45925385,28866219,29855976,30315085,26730454,100650,6,815193,76301645,2577,0,69952,0,0,0,32804244,31561820,31455304,2116,186952
2018-05-14_22-50-49.253202956,1526331049.255093681,19876535997,2018-05-14_22-51-19.295158842,1526331079.297095592,0.83,0.65,0.61,25464828118,25318829981580,20506164,47120956,45031254,45925385,28866219,29855976,30315085,26730456,100666,6,816744,76322353,2577,0,69956,0,0,0,32804244,31561752,31455756,2116,186952
2018-05-14_22-51-19.342049358,1526331079.343938043,21781962195,2018-05-14_22-51-49.384162183,1526331109.386097792,0.64,0.62,0.60,25582212188,25400776254620,20506164,47120956,45031254,45925385,30447910,29855976,30315085,26730456,100684,6,818457,76342272,2577,0,69956,0,0,0,32804244,31561700,31455676,2116,186952
2018-05-14_22-51-49.431497772,1526331109.433424328,19658089889,2018-05-14_22-52-19.474199185,1526331139.476128993,0.59,0.61,0.60,25671781730,25475418798380,20506164,47120956,45031254,45925385,30447910,29855976,30315085,26730458,100700,6,820035,76363061,2577,0,69960,0,0,0,32804244,31561956,31455724,2116,186952
