StartTime,StartEpoch,EndTime,EndEpoch,CPULoad1m,CPULoad5m,CPULoad5m,NetDevRX,NetDevTX,IRQens2-0,IRQens2-1,IRQens2-2,IRQens2-3,IRQens2-4,IRQens2-5,IRQens2-6,IRQens2-7,user,nice,system,idle,iowait,irq,softirq,steal,guest,guest_nice,CTXT,MemTotal,MemFree,MemAvailable,Buffers,Cached
2018-05-21_21-01-12.536508425,1526929272.538473348,2018-05-21_21-01-12.542780220,1526929272.544701460,0.66,1.04,1.13,15564226834,10210989256694,54075458,40970794,39236281,40790889,30311733,46042004,36911151,33463405,408692,7,799727,70345186,6844,0,238446,0,400043,0,61797856,32804244,28824076,29306984,2116,806296
2018-05-21_21-01-42.597637778,1526929302.599645721,2018-05-21_21-01-42.604066330,1526929302.606025917,0.94,1.07,1.14,15650309080,10256208428132,54410685,40970795,39268356,40790889,31566772,46042004,36915782,33493466,410615,7,801724,70363778,6847,0,239675,0,401962,0,61942631,32804244,28823748,29306636,2116,806300
2018-05-21_21-02-12.657805585,1526929332.659847728,2018-05-21_21-02-12.664221106,1526929332.666178629,1.29,1.16,1.17,15736870238,10300852547874,54559147,40970795,39303253,40850596,31575460,46071119,36985296,34825105,412481,7,803719,70382492,6854,0,240765,0,403824,0,62097533,32804244,28824332,29307424,2116,806300
2018-05-21_21-02-42.717402414,1526929362.719568985,2018-05-21_21-02-42.724395086,1526929362.726562014,1.31,1.18,1.17,15822695588,10345208547140,54641669,41159946,39303253,40850596,31581137,47411587,37011147,34825105,414338,7,805718,70401232,6860,0,241899,0,405678,0,62243499,32804244,28822156,29305316,2116,806300
2018-05-21_21-03-12.778328008,1526929392.780395040,2018-05-21_21-03-12.784740172,1526929392.786676907,1.35,1.19,1.18,15908085674,10388831250700,54706520,41164790,39303253,40972288,31606390,47411587,38324872,34868250,416233,7,807701,70419998,6863,0,243014,0,407570,0,62389040,32804244,28823748,29306080,2116,806300
2018-05-21_21-03-42.839065232,1526929422.841097825,2018-05-21_21-03-42.845583573,1526929422.847529521,1.36,1.21,1.18,15996881840,10434595347388,54762663,41322503,39303253,41020589,32970973,47516163,38336959,34894533,418106,7,809716,70438614,6866,0,244300,0,409438,0,62531664,32804244,28824832,29307460,2116,806300
2018-05-21_21-04-12.902266840,1526929452.904329986,2018-05-21_21-04-12.908839256,1526929452.910805903,1.16,1.17,1.17,16064345014,10480001407670,54865713,41385823,39385103,41020589,32974796,47612048,38336959,35929155,419849,7,811724,70457495,6867,0,245446,0,411175,0,62698899,32804244,28812236,29294824,2116,806308
2018-05-21_21-04-42.962067816,1526929482.964204489,2018-05-21_21-04-42.968682348,1526929482.970755728,1.16,1.17,1.17,16152054332,10523319299486,55020380,41389591,39388145,41020589,32983634,49003706,38359631,35929155,421639,7,813706,70476389,6869,0,246642,0,412960,0,62853654,32804244,28811288,29293920,2116,806308
2018-05-21_21-05-13.024911295,1526929513.026972254,2018-05-21_21-05-13.031416490,1526929513.033398069,1.31,1.20,1.18,16213783170,10555028782664,55020380,41513479,39388145,41020589,33003690,49156008,39275833,35929155,422841,7,816065,70495806,6870,0,247529,0,414154,0,63025862,32804244,28812992,29295584,2116,806312
2018-05-21_21-05-43.086461431,1526929543.088493813,2018-05-21_21-05-43.092991664,1526929543.094931752,1.41,1.23,1.19,16261577736,10584279022048,55110806,41566229,39388145,41020589,33686059,49239895,39275833,35973694,423988,7,818449,70515327,6872,0,248313,0,415294,0,63186321,32804244,28812492,29295108,2116,806316
2018-05-21_21-06-13.148231248,1526929573.150255900,2018-05-21_21-06-13.154651596,1526929573.156595654,1.45,1.26,1.20,16318547470,10613293666616,55152433,41626190,39388145,41020589,33692047,49253727,39324760,36859261,425093,7,820783,70534965,6878,0,249064,0,416395,0,63353018,32804244,28812312,29294584,2116,806316
2018-05-21_21-06-43.209383298,1526929603.211642239,2018-05-21_21-06-43.216248646,1526929603.218185590,1.64,1.33,1.23,16375707348,10642718544702,55152433,41626190,39567764,41020589,33692047,50142782,39337418,36859261,425995,7,823114,70554765,6879,0,249957,0,417289,0,63531820,32804244,28811152,29294016,2116,806316
2018-05-21_21-07-13.272705163,1526929633.274770639,2018-05-21_21-07-13.279205872,1526929633.281177621,1.47,1.31,1.23,16433579994,10671986737472,55182351,41626190,39724365,41020589,33707777,50223288,40225371,36859261,427133,7,825483,70574300,6880,0,250709,0,418421,0,63689801,32804244,28825316,29307956,2116,806312
2018-05-21_21-07-43.334093574,1526929663.336152260,2018-05-21_21-07-43.340511173,1526929663.342435210,1.53,1.35,1.24,16490375136,10701590930766,55319888,41626190,39739669,41020589,34568009,50318187,40230662,36870903,428295,7,827865,70593781,6882,0,251494,0,419579,0,63846470,32804244,28825632,29308004,2116,806316
2018-05-21_21-08-13.393207390,1526929693.395219037,2018-05-21_21-08-13.399620886,1526929693.401578478,1.37,1.33,1.24,16545491046,10730405583624,55362246,41633197,39874084,41039938,34571911,50331678,40246527,37687097,429514,7,830231,70613244,6884,0,252196,0,420794,0,64006998,32804244,28824932,29308060,2116,806316
2018-05-21_21-08-43.452978763,1526929723.455191021,2018-05-21_21-08-43.459893885,1526929723.461880097,1.23,1.30,1.23,16599484908,10758865223914,55362246,41670987,39874084,41063923,34581900,51184844,40256937,37687097,430554,7,832558,70633007,6885,0,252950,0,421830,0,64166910,32804244,28824588,29307036,2116,806316
2018-05-21_21-09-13.513908172,1526929753.515965158,2018-05-21_21-09-13.520327404,1526929753.522261816,1.21,1.28,1.23,16657508530,10788189682482,55486386,41682915,39874084,41063923,34591275,51184844,41147232,37798507,431738,7,834930,70652485,6886,0,253706,0,423010,0,64321618,32804244,28825612,29307920,2116,806316
2018-05-21_21-09-43.574544646,1526929783.576593099,2018-05-21_21-09-43.581002331,1526929783.582926887,1.07,1.24,1.21,16714487352,10817228401274,55486485,41697691,39970775,41063923,35465713,51335781,41147232,37807021,432952,7,837323,70671928,6890,0,254446,0,424218,0,64480643,32804244,28822992,29305896,2116,806316
2018-05-21_21-10-13.636045173,1526929813.638124306,2018-05-21_21-10-13.642534168,1526929813.644499540,0.91,1.19,1.20,16769809022,10846109549798,55517720,41718727,39974068,41063923,35470856,51370271,41147232,38671566,433961,7,839621,70691709,6895,0,255214,0,425220,0,64642423,32804244,28824700,29307560,2116,806328
2018-05-21_21-10-43.697811777,1526929843.699856296,2018-05-21_21-10-43.704235021,1526929843.706184439,1.15,1.22,1.21,16824545604,10874727194866,55517720,41718727,40004217,41063923,35470856,52224594,41154248,38671566,434896,7,841898,70711611,6896,0,255995,0,426150,0,64810119,32804244,28823348,29305964,2116,806332
2018-05-21_21-11-13.756990986,1526929873.759030473,2018-05-21_21-11-13.763361396,1526929873.765309092,1.22,1.23,1.21,16880631364,10903809571830,55583085,41804688,40004217,41063923,35477946,52298145,42004197,38671566,436053,7,844264,70731139,6897,0,256725,0,427301,0,64969219,32804244,28824112,29307292,2116,806332
2018-05-21_21-11-43.818798056,1526929903.820861075,2018-05-21_21-11-43.825303659,1526929903.827258158,1.26,1.24,1.22,16926755088,10933339949778,55778917,41804688,40004217,41072435,36147580,52334259,42035368,38677280,437210,7,846646,70750672,6901,0,257472,0,428453,0,65130131,32804244,28825428,29308196,2116,806332
2018-05-21_21-12-13.878748439,1526929933.880826310,2018-05-21_21-12-13.885168938,1526929933.887171893,1.60,1.33,1.25,16979816406,10960274321598,55856144,41816422,40004217,41072435,36148127,52337322,42123510,39513570,438278,7,849051,70770343,6902,0,258164,0,429515,0,65282297,32804244,28811968,29294328,2116,806340
2018-05-21_21-12-43.939094656,1526929963.941122690,2018-05-21_21-12-43.945475288,1526929963.947403311,1.40,1.31,1.24,17017169564,10979250198150,55982115,41816422,40004217,41072435,36151424,52922615,42138642,39513570,439038,7,851628,70790368,6904,0,258669,0,430270,0,65403347,32804244,28812628,29294972,2116,806340
2018-05-21_21-13-13.997731598,1526929993.999963672,2018-05-21_21-13-14.004473373,1526929994.006437461,1.38,1.31,1.25,17054408028,10998138514142,56011734,41816422,40065919,41072435,36159043,52922615,42714478,39543205,439814,7,854211,70810408,6906,0,259145,0,431040,0,65520625,32804244,28809844,29292512,2116,806344
2018-05-21_21-13-44.059745276,1526930024.061876358,2018-05-21_21-13-44.066166629,1526930024.068098581,1.31,1.30,1.24,17091699426,11017159544036,56086210,41882970,40065919,41072435,36737376,52942076,42715247,39544684,440599,7,856787,70830393,6907,0,259669,0,431817,0,65640955,32804244,28810888,29293252,2116,806348
2018-05-21_21-14-14.120789301,1526930054.122820758,2018-05-21_21-14-14.127232730,1526930054.129171305,1.32,1.30,1.25,17123037480,11035540962844,56086210,41882970,40065919,41072435,36737376,52942950,42715247,40169911,441235,7,859327,70850659,6912,0,260166,0,432449,0,65765455,32804244,28811472,29293596,2116,806352
2018-05-21_21-14-44.182207540,1526930084.184224014,2018-05-21_21-14-44.188578569,1526930084.190522250,1.68,1.39,1.27,17158052654,11053909980482,56086210,41909787,40065919,41075038,36737439,53525638,42715613,40169911,441884,7,861870,70870864,6918,0,260676,0,433091,0,65890215,32804244,28811524,29294272,2116,806356
2018-05-21_21-15-14.241592246,1526930114.243616457,2018-05-21_21-15-14.247944859,1526930114.249994015,1.54,1.38,1.28,17192839988,11072251993302,56086210,41944044,40065919,41075038,36737439,53525638,43307120,40169911,442560,7,864401,70891049,6919,0,261184,0,433764,0,66012803,32804244,28812624,29295284,2116,806356
2018-05-21_21-15-44.300615468,1526930144.302632963,2018-05-21_21-15-44.306999642,1526930144.308916716,1.47,1.38,1.28,17228998010,11091354382400,56229555,41944044,40065919,41075039,37275017,53550429,43307121,40169911,443388,7,867003,70910976,6921,0,261706,0,434586,0,66130993,32804244,28825820,29308496,2116,806348
2018-05-21_21-16-14.359840311,1526930174.361899241,2018-05-21_21-16-14.366416685,1526930174.368426968,1.28,1.34,1.27,17266549120,11110491015440,56253054,42056831,40094626,41075040,37278352,53550429,43307121,40748405,444210,7,869597,70930926,6923,0,262176,0,435405,0,66250006,32804244,28825396,29307760,2116,806348
2018-05-21_21-16-44.419194713,1526930204.421436441,2018-05-21_21-16-44.426032498,1526930204.428249837,1.30,1.34,1.27,17302971782,11129170105246,56253054,42165273,40094627,41075040,37278352,54144756,43307121,40748405,444964,7,872172,70950974,6924,0,262673,0,436155,0,66372785,32804244,28823732,29306144,2116,806348
2018-05-21_21-17-14.480176772,1526930234.482336495,2018-05-21_21-17-14.486973113,1526930234.488944387,1.25,1.32,1.27,17339127884,11148113679518,56253054,42165370,40094890,41634120,37283398,54144833,43423855,40778544,445701,7,874786,70971062,6924,0,263129,0,436889,0,66493792,32804244,28823100,29306036,2116,806348
2018-05-21_21-17-44.541034815,1526930264.543125396,2018-05-21_21-17-44.547625888,1526930264.549671270,1.21,1.31,1.26,17375862738,11166998335000,56253055,42732145,40094890,41634670,37283398,54291010,43423855,40778658,446415,7,877404,70991160,6924,0,263649,0,437598,0,66621371,32804244,28823984,29306348,2116,806348
2018-05-21_21-18-14.604248923,1526930294.606296333,2018-05-21_21-18-14.611085238,1526930294.613067745,1.13,1.28,1.26,17413059032,11186102284870,56330436,42762455,40672698,41634670,37295652,54352176,43423855,40778658,447223,7,880014,71011149,6925,0,264086,0,438402,0,66741237,32804244,28825720,29308052,2116,806348
2018-05-21_21-18-44.667225024,1526930324.669318440,2018-05-21_21-18-44.673880880,1526930324.676026135,1.14,1.27,1.25,17449413854,11204677156022,56849105,42762455,40674077,41634671,37298836,54395554,43423855,40778658,448008,7,882574,71031236,6928,0,264598,0,439180,0,66863810,32804244,28824848,29307268,2116,806348
2018-05-21_21-19-14.728884746,1526930354.731013736,2018-05-21_21-19-14.735431220,1526930354.737361595,1.10,1.24,1.24,17486556260,11223722913386,56850771,42885515,40674077,42212026,37305332,54448974,43423861,40778658,448825,7,885180,71051218,6932,0,265071,0,439993,0,66983424,32804244,28824480,29306884,2116,806348
2018-05-21_21-19-44.788192292,1526930384.790980128,2018-05-21_21-19-44.795536168,1526930384.797550940,1.06,1.22,1.23,17523123114,11242347374164,56850771,43462023,40674077,42214257,37305332,54542941,43423861,40778658,449627,7,887747,71071250,6932,0,265583,0,440791,0,67100304,32804244,28826124,29309016,2116,806348
2018-05-21_21-20-14.850623144,1526930414.852720233,2018-05-21_21-20-14.857187357,1526930414.859162942,0.97,1.18,1.22,17554246128,11261377413414,56901079,43505402,41161431,42214324,37311795,54571391,43423864,40778658,450441,7,890333,71091280,6933,0,266076,0,441599,0,67219054,32804244,28823548,29305900,2116,806356
2018-05-21_21-20-44.914830477,1526930444.916894150,2018-05-21_21-20-44.921233169,1526930444.923151178,0.97,1.16,1.22,17590914422,11280355463626,57477310,43506294,41163754,42232208,37317951,54625049,43423864,40834521,451195,7,892922,71111352,6933,0,266590,0,442346,0,67337309,32804244,28811540,29293928,2116,806368
2018-05-21_21-21-14.976218953,1526930474.978324033,2018-05-21_21-21-14.982770193,1526930474.984692579,1.09,1.18,1.22,17627500284,11299297470384,57481046,43506294,41164573,42807628,37317956,54658818,43423864,40925691,451961,7,895507,71131401,6937,0,267079,0,443105,0,67457273,32804244,28812212,29293972,2116,806372
2018-05-21_21-21-45.036760298,1526930505.038818424,2018-05-21_21-21-45.043404903,1526930505.045398410,1.07,1.16,1.21,17658332738,11318368018934,57481046,43980691,41220045,42811531,37317956,54660005,43423864,41030799,452729,7,898113,71151462,6940,0,267553,0,443868,0,67579570,32804244,28810520,29292980,2116,806372
2018-05-21_21-22-15.098629299,1526930535.100716053,2018-05-21_21-22-15.105268590,1526930535.107394824,1.31,1.21,1.23,17694406152,11336962700854,57512824,43994865,41803509,42811531,37322067,54660005,43452331,41047292,453521,7,900681,71171517,6944,0,268067,0,444653,0,67699028,32804244,28809404,29292108,2116,806376
2018-05-21_21-22-45.159734088,1526930565.161749779,2018-05-21_21-22-45.166293296,1526930565.168364331,1.19,1.19,1.22,17729671822,11355296956564,58101954,43994865,41808316,42811531,37326024,54660005,43469797,41047292,454309,7,903201,71191623,6947,0,268591,0,445436,0,67813365,32804244,28823136,29305744,2116,806376
2018-05-21_21-23-15.221780862,1526930595.223865723,2018-05-21_21-23-15.228449104,1526930595.230493467,1.25,1.20,1.23,17766993300,11374324161986,58181815,43994865,41816243,43389210,37328974,54660005,43553634,41047292,455091,7,905810,71211634,6951,0,269064,0,446210,0,67932590,32804244,28811460,29293552,2116,806376
2018-05-21_21-23-45.282977464,1526930625.285053276,2018-05-21_21-23-45.289550004,1526930625.291534098,1.63,1.30,1.26,17804551834,11393445702026,58202742,44573207,41831600,43394899,37339143,54790288,43555346,41047292,455795,7,908447,71231733,6953,0,269568,0,446910,0,68054909,32804244,28821804,29304472,2116,806372
2018-05-21_21-24-15.345076692,1526930655.347118930,2018-05-21_21-24-15.351577739,1526930655.353535960,1.25,1.24,1.24,17840962400,11412659480776,58220236,44579538,42393281,43492306,37349713,54824531,43556726,41047292,456589,7,911039,71251763,6955,0,270039,0,447699,0,68173576,32804244,28822968,29305376,2116,806372
2018-05-21_21-24-45.407391299,1526930685.409549090,2018-05-21_21-24-45.414237333,1526930685.416169050,1.15,1.21,1.23,17877247846,11431703118674,58777376,44579538,42399763,43492396,37349713,54984269,43558726,41047292,457322,7,913650,71271832,6955,0,270547,0,448428,0,68293798,32804244,28824112,29306816,2116,806372
2018-05-21_21-25-15.469195650,1526930715.471317893,2018-05-21_21-25-15.475722691,1526930715.477642121,0.95,1.16,1.21,17913503660,11450362462572,58784258,44597612,42399763,44072246,37349713,55001063,43616476,41047292,458111,7,916226,71291887,6957,0,271031,0,449211,0,68413354,32804244,28824216,29306920,2116,806372
2018-05-21_21-25-45.530113226,1526930745.532181088,2018-05-21_21-25-45.536710208,1526930745.538837852,0.97,1.15,1.21,17949787762,11469018998574,58784258,45164490,42399763,44079801,37353247,55089416,43618745,41047292,458839,7,918801,71312009,6958,0,271501,0,449934,0,68537706,32804244,28824552,29306980,2116,806372
2018-05-21_21-26-15.589747396,1526930775.591846816,2018-05-21_21-26-15.596250562,1526930775.598351099,1.07,1.15,1.20,17985992056,11488084844922,58819514,45206343,42957312,44079801,37353247,55091814,43618745,41141171,459645,7,921401,71332023,6959,0,271976,0,450736,0,68657517,32804244,28824812,29307484,2116,806372
2018-05-21_21-26-45.652412028,1526930805.654469359,2018-05-21_21-26-45.658889321,1526930805.660862205,0.99,1.12,1.19,18021730046,11507044980426,59362122,45252402,42965869,44098457,37353247,55158237,43635530,41143772,460453,7,924002,71352032,6963,0,272476,0,451538,0,68778413,32804244,28823556,29306240,2116,806376
2018-05-21_21-27-15.713786659,1526930835.715854008,2018-05-21_21-27-15.720279519,1526930835.722354197,1.07,1.13,1.19,18056711172,11525519440550,59371026,45252402,42965869,44657481,37353247,55158237,43635530,41150213,461266,7,926516,71372119,6967,0,273000,0,452346,0,68897522,32804244,28822748,29305164,2116,806380
2018-05-21_21-27-45.774953475,1526930865.777042294,2018-05-21_21-27-45.781478061,1526930865.783438179,1.06,1.12,1.19,18088106378,11544371351944,59477230,45781056,42965869,44666803,37357307,55158237,43635530,41152943,461966,7,929074,71392248,6969,0,273499,0,453041,0,69017880,32804244,28823768,29306448,2116,806380
2018-05-21_21-28-15.834879429,1526930895.836986713,2018-05-21_21-28-15.841511566,1526930895.843467914,1.15,1.14,1.19,18125188432,11563481198066,59623169,45789329,43536181,44666803,37371070,55168100,43635530,41152943,462795,7,931670,71412232,6970,0,273979,0,453865,0,69134943,32804244,28823504,29306476,2116,806380
2018-05-21_21-28-45.896126400,1526930925.898160295,2018-05-21_21-28-45.902690964,1526930925.904774326,1.20,1.15,1.20,18162015574,11582308774208,60192991,45789329,43546884,44666803,37381751,55227576,43635530,41197245,463591,7,934257,71432247,6972,0,274486,0,454655,0,69250813,32804244,28811416,29293500,2116,806388
2018-05-21_21-29-15.958541964,1526930955.960609957,2018-05-21_21-29-15.965114024,1526930955.967081615,1.13,1.14,1.19,18198562076,11601229554186,60204033,45898290,43546910,45230130,37384664,55274826,43635530,41197245,464421,7,936859,71452237,6974,0,274953,0,455481,0,69366201,32804244,28812080,29295056,2116,806388
2018-05-21_21-29-46.020696459,1526930986.022812281,2018-05-21_21-29-46.027458688,1526930986.029638160,1.19,1.16,1.20,18235775074,11620270469764,60293280,46466293,43546910,45241476,37385541,55278303,43705527,41197245,465215,7,939466,71472241,6975,0,275482,0,456267,0,69486042,32804244,28810352,29293328,2116,806392
2018-05-21_21-30-16.085227310,1526931016.087317348,2018-05-21_21-30-16.091900876,1526931016.093943002,1.26,1.17,1.20,18267047912,11639499365818,60442363,46478132,44021117,45243526,37387194,55278303,43709060,41228830,465955,7,942057,71492311,6976,0,276007,0,457000,0,69606431,32804244,28809056,29292060,2116,806400
2018-05-21_21-30-46.146264237,1526931046.148330443,2018-05-21_21-30-46.153005266,1526931046.154924965,1.17,1.16,1.20,18302618478,11658154009986,60995416,46481438,44031428,45253533,37400263,55337436,43711481,41228830,466763,7,944634,71512348,6980,0,276500,0,457804,0,69723760,32804244,28809100,29291772,2116,806404
2018-05-21_21-31-16.208280429,1526931076.210378539,2018-05-21_21-31-16.214876881,1526931076.216822860,1.30,1.19,1.21,18338777780,11677162602082,61035014,46482651,44075992,45792787,37408775,55373790,43751919,41228830,467574,7,947243,71532332,6984,0,276988,0,458608,0,69842388,32804244,28811088,29293496,2116,806404
2018-05-21_21-31-46.269152824,1526931106.271249664,2018-05-21_21-31-46.275818354,1526931106.277884209,1.15,1.16,1.19,18375174266,11696390815966,61035014,47027176,44157592,45805452,37416340,55446342,43751919,41228830,468389,7,949844,71552321,6990,0,277458,0,459417,0,69966848,32804244,28822936,29305344,2116,806404
2018-05-21_21-32-16.332876315,1526931136.334993013,2018-05-21_21-32-16.339509101,1526931136.341508623,1.11,1.14,1.19,18411728000,11715247205034,61052747,47040409,44721492,45817249,37426323,55532941,43751919,41234556,469232,7,952443,71572305,6993,0,277933,0,460255,0,70083514,32804244,28824588,29307020,2116,806404
2018-05-21_21-32-46.394674338,1526931166.396756807,2018-05-21_21-32-46.401234750,1526931166.403189859,1.01,1.12,1.18,18448275718,11734101283622,61622677,47040409,44735244,45870837,37436437,55541946,43795050,41234556,470074,7,955014,71592286,6999,0,278438,0,461092,0,70201824,32804244,28823676,29306688,2116,806404
2018-05-21_21-33-16.455624241,1526931196.457680020,2018-05-21_21-33-16.462097311,1526931196.464095124,1.03,1.11,1.17,18485443596,11753089028098,61636689,47069774,44802141,45870837,37436437,55579059,43799216,41797088,470907,7,957582,71612259,7002,0,278923,0,461920,0,70321840,32804244,28822436,29305840,2116,806404
2018-05-21_21-33-46.515909176,1526931226.517963998,2018-05-21_21-33-46.522429703,1526931226.524428110,1.07,1.11,1.17,18522473426,11772041513988,61693067,47079761,44836984,45870837,37436437,56148099,43833424,41816797,471740,7,960180,71632214,7012,0,279396,0,462750,0,70444081,32804244,28822432,29304884,2116,806408
2018-05-21_21-34-16.577462844,1526931256.579570833,2018-05-21_21-34-16.584019124,1526931256.586039846,0.98,1.08,1.16,18553981336,11791349183862,61737253,47083651,44846885,45870837,37450314,56291351,44294203,41816797,472501,7,962793,71652268,7017,0,279850,0,463506,0,70562914,32804244,28822488,29304964,2116,806408
2018-05-21_21-34-46.638133998,1526931286.640212824,2018-05-21_21-34-46.644600101,1526931286.646529272,0.99,1.08,1.15,3029698002,11810851129096,61901211,47083651,44851997,45870837,38035864,56303797,44305723,41816797,473309,7,965384,71672216,7024,0,280342,0,464310,0,70680061,32804244,28824288,29306936,2116,806412
2018-05-21_21-35-16.697781238,1526931316.699852335,2018-05-21_21-35-16.704261793,1526931316.706214152,0.94,1.05,1.14,18627721188,11829536464276,61957098,47083651,44851997,45870837,38053634,56303797,44305723,42390521,474099,7,967930,71692292,7027,0,280839,0,465085,0,70801814,32804244,28823776,29306500,2116,806412
2018-05-21_21-35-46.757629112,1526931346.759909323,2018-05-21_21-35-46.764731853,1526931346.766872873,0.82,1.01,1.13,18663105770,11848283291618,61990773,47090861,44851997,45870837,38053665,56865949,44322260,42426238,474837,7,970504,71712407,7029,0,281311,0,465818,0,70921490,32804244,28822872,29305236,2116,806412
2018-05-21_21-36-16.821361439,1526931376.823435966,2018-05-21_21-36-16.827913098,1526931376.829870957,1.06,1.05,1.14,18699808176,11867119886046,61998686,47090861,44979687,45870837,38053665,56882139,44891162,42431833,475678,7,973081,71732381,7033,0,281781,0,466656,0,71039245,32804244,28823324,29305508,2116,806412
2018-05-21_21-36-46.882424200,1526931406.884518146,2018-05-21_21-36-46.888942911,1526931406.890931310,1.03,1.04,1.13,18736723318,11886125408726,62019670,47211841,44979687,45870837,38606642,56901040,44908501,42431833,476520,7,975685,71752298,7037,0,282282,0,467493,0,71153723,32804244,28809580,29292604,2116,806420
2018-05-21_21-37-16.944891917,1526931436.947176607,2018-05-21_21-37-16.951727284,1526931436.953750241,1.15,1.07,1.14,18773794684,11905012172390,62024889,47211841,45096775,45870837,38624447,56906022,44908501,43006104,477313,7,978245,71772315,7038,0,282776,0,468283,0,71278939,32804244,28810784,29293252,2116,806420
2018-05-21_21-37-47.007401158,1526931467.009474276,2018-05-21_21-37-47.014052428,1526931467.016051606,1.35,1.13,1.15,18810617858,11923727295412,62024889,47303213,45102114,45870837,38624462,57482318,44908501,43024308,478034,7,980810,71792429,7041,0,283272,0,468997,0,71401767,32804244,28810248,29292644,2116,806424
2018-05-21_21-38-17.069436888,1526931497.071500634,2018-05-21_21-38-17.075952694,1526931497.077982871,1.33,1.15,1.16,18846466824,11942704547452,62115933,47308689,45108357,45870837,38626354,57516217,45470061,43024308,478801,7,983375,71812501,7042,0,283763,0,469760,0,71518711,32804244,28810136,29293168,2116,806424
2018-05-21_21-38-47.130619572,1526931527.132683382,2018-05-21_21-38-47.137365701,1526931527.139423689,1.14,1.12,1.15,18883264974,11962144702070,62251860,47308689,45108357,45870837,39160813,57556915,45488706,43024308,479611,7,985961,71832459,7042,0,284296,0,470564,0,71634601,32804244,28809848,29292348,2116,806428
2018-05-21_21-39-17.191906757,1526931557.194000069,2018-05-21_21-39-17.198498877,1526931557.200417257,1.30,1.16,1.16,18919678868,11981200712996,62334479,47342278,45108357,45870870,39191668,57561233,45510498,43562324,480434,7,988554,71852439,7044,0,284783,0,471380,0,71756124,32804244,28812244,29294896,2116,806428
2018-05-21_21-39-47.252119645,1526931587.254197819,2018-05-21_21-39-47.258699696,1526931587.260650472,1.04,1.11,1.14,18940799578,12000262445672,62334479,47377247,45108357,45908868,39196766,57928485,45551670,43581490,481164,7,991145,71872574,7045,0,285242,0,472106,0,71879835,32804244,28812496,29295240,2116,806428
2018-05-21_21-40-17.314927886,1526931617.317073276,2018-05-21_21-40-17.321948069,1526931617.324063676,1.08,1.11,1.14,18978039840,12019245423322,62334479,47377247,45108357,45936588,39196766,57976254,46137616,43644716,481903,7,993736,71892652,7050,0,285710,0,472840,0,72000383,32804244,28823360,29305880,2116,806440
2018-05-21_21-40-47.377044802,1526931647.379062598,2018-05-21_21-40-47.383483490,1526931647.385364407,1.05,1.10,1.14,19015860710,12038569874286,62399367,47377247,45108357,45988279,39764894,58039101,46158963,43644716,482682,7,996321,71912657,7057,0,286187,0,473614,0,72116978,32804244,28824348,29307136,2116,806440
2018-05-21_21-41-17.437671313,1526931677.439779945,2018-05-21_21-41-17.444182624,1526931677.446177876,1.16,1.12,1.14,19053373868,12057258283346,62409754,47444716,45108357,45988279,39789894,58046600,46158963,44234522,483484,7,998869,71932717,7058,0,286675,0,474413,0,72234611,32804244,28823392,29305640,2116,806440
2018-05-21_21-41-47.497949051,1526931707.500076958,2018-05-21_21-41-47.504581603,1526931707.506579403,1.17,1.13,1.14,19083563570,12075990684638,62477628,47451143,45130412,45988279,39793334,58533371,46158963,44257240,484244,7,1001437,71952804,7061,0,287163,0,475167,0,72356084,32804244,28823504,29306308,2116,806440
2018-05-21_21-42-17.560509472,1526931737.562607274,2018-05-21_21-42-17.567086240,1526931737.569051622,1.11,1.12,1.14,19119848504,12094688739222,62509509,47462175,45130412,45988279,39799686,58593914,46739853,44257240,485005,7,1004016,71972896,7063,0,287631,0,475925,0,72477108,32804244,28823404,29306208,2116,806440
2018-05-21_21-42-47.622795016,1526931767.624842563,2018-05-21_21-42-47.629239826,1526931767.631354369,1.25,1.15,1.15,19158205950,12114108339746,62633213,47465359,45130412,45988279,40363411,58647489,46762342,44257240,485824,7,1006620,71992844,7065,0,288151,0,476740,0,72596007,32804244,28824280,29306452,2116,806440
2018-05-21_21-43-17.684163866,1526931797.686278581,2018-05-21_21-43-17.690683288,1526931797.692621086,1.11,1.12,1.14,19195056452,12133005289344,62659810,47465360,45130412,46062170,40386875,58660535,46762342,44834559,486629,7,1009181,72012873,7068,0,288633,0,477541,0,72715801,32804244,28823456,29306168,2116,806440
2018-05-21_21-43-47.744470624,1526931827.746577710,2018-05-21_21-43-47.751063552,1526931827.753012064,1.12,1.13,1.14,19231929098,12151588337350,62710760,47465360,45130412,46068868,40386875,59241218,46762342,44857759,487347,7,1011730,72033029,7069,0,289134,0,478253,0,72838561,32804244,28822232,29304968,2116,806440
2018-05-21_21-44-17.807897050,1526931857.809987159,2018-05-21_21-44-17.814521185,1526931857.816505922,1.22,1.15,1.14,19267485776,12170440375776,62747930,47486773,45130412,46102483,40387853,59287107,47308379,44857759,488138,7,1014303,72053071,7072,0,289607,0,479040,0,72958158,32804244,28822952,29305956,2116,806440
2018-05-21_21-44-47.868993765,1526931887.871065483,2018-05-21_21-44-47.875548166,1526931887.877499303,1.29,1.17,1.15,19304309910,12189631117664,62909123,47486773,45130412,46102483,40907025,59287107,47331597,44857759,488877,7,1016895,72073097,7074,0,290167,0,479774,0,73083372,32804244,28824804,29307204,2116,806440
2018-05-21_21-45-17.929556404,1526931917.931699418,2018-05-21_21-45-17.936247416,1526931917.938240120,1.16,1.15,1.14,19339942428,12208599887680,62916139,47500954,45178163,46102483,40939209,59350926,47334432,45386183,489655,7,1019493,72093133,7075,0,290627,0,480546,0,73204514,32804244,28812084,29295120,2116,806448
2018-05-21_21-45-47.990637213,1526931947.992835088,2018-05-21_21-45-47.997396927,1526931947.999411751,1.25,1.17,1.15,19375808546,12227627452386,62932900,47500954,45178163,46224585,40939681,59889458,47334432,45410044,490451,7,1022081,72113137,7081,0,291111,0,481335,0,73330587,32804244,28811724,29294400,2116,806452
2018-05-21_21-46-18.052476626,1526931978.054557650,2018-05-21_21-46-18.059059669,1526931978.061044914,1.31,1.19,1.15,19412724584,12246542381402,62992416,47510923,45210388,46224585,40939681,59981777,47883232,45410044,491269,7,1024693,72133103,7085,0,291572,0,482148,0,73448024,32804244,28810756,29293180,2116,806452
2018-05-21_21-46-48.114372430,1526932008.116409962,2018-05-21_21-46-48.121096357,1526932008.123212516,1.38,1.22,1.16,19449616046,12265511637272,63104250,47548395,45217800,46224585,41481759,59990555,47908908,45410044,492083,7,1027303,72153072,7087,0,292068,0,482955,0,73569267,32804244,28810524,29293364,2116,806456
2018-05-21_21-47-18.175806018,1526932038.177917205,2018-05-21_21-47-18.182651544,1526932038.184723123,1.42,1.23,1.17,19486465780,12284445064534,63104250,47555881,45226296,46235036,41509170,60134673,47908908,45961060,492863,7,1029934,72173095,7089,0,292512,0,483727,0,73688410,32804244,28811780,29294276,2116,806460
2018-05-21_21-47-48.237684173,1526932068.239747488,2018-05-21_21-47-48.244072163,1526932068.246019869,1.32,1.22,1.17,19523474234,12303406350170,63228188,47555881,45226296,46235036,41512298,60698330,47908908,45987171,493670,7,1032527,72193091,7090,0,293001,0,484529,0,73809690,32804244,28810552,29293864,2116,806460
2018-05-21_21-48-18.300120727,1526932098.302288297,2018-05-21_21-48-18.307092931,1526932098.309041965,1.26,1.22,1.17,19553573184,12322261629638,63331737,47574348,45226296,46235036,41515138,60740435,48361952,45987171,494429,7,1035112,72213178,7092,0,293467,0,485283,0,73930897,32804244,28824112,29306692,2116,806452
2018-05-21_21-48-48.362615751,1526932128.364746095,2018-05-21_21-48-48.369578302,1526932128.371643792,1.21,1.21,1.16,19589674182,12341132536180,63331737,47681902,45226296,46235036,42047199,60795561,48391524,45987171,495238,7,1037717,72233166,7094,0,293915,0,486087,0,74049013,32804244,28823624,29306376,2116,806452
2018-05-21_21-49-18.423921687,1526932158.426032723,2018-05-21_21-49-18.430737770,1526932158.432992233,1.13,1.19,1.16,19625621772,12359926582268,63400559,47681902,45264606,46235036,42077657,61334104,48415410,45987171,496062,7,1040310,72253163,7098,0,294370,0,486907,0,74169789,32804244,28822332,29305684,2116,806452
2018-05-21_21-49-48.485153520,1526932188.487194819,2018-05-21_21-49-48.491678769,1526932188.493666311,1.07,1.17,1.15,19655548946,12378602178384,63432207,47681902,45264606,46290445,42077657,61380631,48415410,46454804,496836,7,1042892,72273247,7099,0,294843,0,487677,0,74291099,32804244,28823864,29306152,2116,806452
2018-05-21_21-50-18.546368754,1526932218.548481559,2018-05-21_21-50-18.553289194,1526932218.555252342,1.06,1.16,1.15,19691653976,12397460304530,63432207,47746767,45264606,46298662,42613776,61380631,48511770,46474916,497607,7,1045511,72293255,7102,0,295317,0,488442,0,74416467,32804244,28823196,29305752,2116,806460
2018-05-21_21-50-48.607976971,1526932248.610096609,2018-05-21_21-50-48.614554880,1526932248.616591451,1.42,1.22,1.17,19728101534,12416337034060,63492010,47746767,45264606,46352634,42643043,61410540,49061889,46474916,498407,7,1048110,72313250,7105,0,295770,0,489239,0,74535636,32804244,28823156,29305724,2116,806460
2018-05-21_21-51-18.670239535,1526932278.672433528,2018-05-21_21-51-18.677117337,1526932278.679092673,1.32,1.22,1.17,19764954212,12435228710914,63604430,47746767,45264606,46361045,42644490,61964860,49091245,46474916,499236,7,1050683,72333239,7105,0,296279,0,490063,0,74657104,32804244,28824648,29306972,2116,806460
2018-05-21_21-51-48.731773500,1526932308.733834341,2018-05-21_21-51-48.738249781,1526932308.740227015,1.32,1.23,1.17,19802491562,12454264537220,63764578,47746767,45264606,46361045,42645500,61994719,49091245,47029884,500035,7,1053264,72353240,7109,0,296746,0,490858,0,74777356,32804244,28822896,29305436,2116,806460
2018-05-21_21-52-18.792395627,1526932338.794445909,2018-05-21_21-52-18.798880533,1526932338.800852854,1.12,1.19,1.16,19838598192,12473253607402,63894760,47746767,45264606,46361045,43158283,62026591,49091245,47061083,500887,7,1055863,72373173,7111,0,297227,0,491706,0,74897105,32804244,28823732,29305928,2116,806460
