StartTime,StartEpoch,BW,EndTime,EndEpoch,CPULoad1m,CPULoad5m,CPULoad5m,NetDevRX,NetDevTX,IRQens2-0,IRQens2-1,IRQens2-2,IRQens2-3,IRQens2-4,IRQens2-5,IRQens2-6,IRQens2-7,bbuser,nice,system,idle,iowait,irq,softirq,steal,guest,guest_nice,MemTotal,MemFree,MemAvailable,Buffers,Cached
2018-05-13_16-31-58.446200523,1526221918.448126208,38.295863,2018-05-13_16-32-28.687077523,1526221948.688933358,0.69,0.78,0.87,137400,159276,989,322,280,267,0,0,0,0,340488,0,3389,3532012,2417,0,8,0,0,0,32804244,31806288,31688168,2116,156684
2018-05-13_16-32-28.733168773,1526221948.735025619,38.295873,2018-05-13_16-32-58.973942195,1526221978.975837479,0.76,0.79,0.87,138592,160660,1012,322,281,267,0,0,0,0,343512,0,3393,3553209,2417,0,8,0,0,0,32804244,31805544,31688280,2116,156684
2018-05-13_16-32-59.020224663,1526221979.022056354,38.295883,2018-05-13_16-33-29.260832528,1526222009.262730361,0.85,0.81,0.88,139784,162044,1036,322,281,267,0,0,0,0,346539,0,3401,3574401,2417,0,8,0,0,0,32804244,31805904,31687728,2116,156688
2018-05-13_16-33-29.307353919,1526222009.309219692,38.295879,2018-05-13_16-33-59.548071227,1526222039.549959944,0.91,0.83,0.88,140976,163428,1060,322,282,267,0,0,0,0,349566,0,3409,3595594,2417,0,8,0,0,0,32804244,31806948,31688648,2116,156692
2018-05-13_16-33-59.594765017,1526222039.596647987,38.295883,2018-05-13_16-34-29.835331707,1526222069.837214602,0.95,0.84,0.88,142168,164812,1064,322,303,267,0,0,0,0,352590,0,3415,3616790,2417,0,8,0,0,0,32804244,31806612,31689388,2116,156692
2018-05-13_16-34-29.882145801,1526222069.884000898,38.295881,2018-05-13_16-35-00.123182899,1526222100.125099518,0.97,0.86,0.88,143360,166196,1068,322,324,267,0,0,0,0,355616,0,3423,3637984,2417,0,8,0,0,0,32804244,31806940,31688952,2116,156692
2018-05-13_16-35-00.169698770,1526222100.171543149,38.295883,2018-05-13_16-35-30.410319755,1526222130.412182740,0.98,0.87,0.89,144552,167580,1072,322,345,267,0,0,0,0,358641,0,3430,3659179,2417,0,8,0,0,0,32804244,31819392,31701380,2116,156688
2018-05-13_16-35-30.457128922,1526222130.459007542,38.295885,2018-05-13_16-36-00.697713652,1526222160.699603502,0.99,0.88,0.89,145744,168964,1076,322,367,267,0,0,0,0,361665,0,3435,3680377,2417,0,8,0,0,0,32804244,31817972,31700456,2116,156688
2018-05-13_16-36-00.744078726,1526222160.745936178,38.295872,2018-05-13_16-36-30.984497134,1526222190.986502775,0.95,0.88,0.89,146936,170348,1083,322,369,267,0,0,0,0,364688,0,3441,3701574,2417,0,8,0,0,0,32804244,31819128,31701916,2116,156688
2018-05-13_16-36-31.030822808,1526222191.032685076,38.295884,2018-05-13_16-37-01.271310293,1526222221.273171586,0.97,0.89,0.89,148128,171732,1091,322,369,267,0,0,0,0,367712,0,3446,3722772,2417,0,8,0,0,0,32804244,31819116,31701056,2116,156688
2018-05-13_16-37-01.317544740,1526222221.319384693,38.295884,2018-05-13_16-37-31.557960867,1526222251.559869437,0.98,0.90,0.89,149320,173116,1100,322,369,267,0,0,0,0,370736,0,3452,3743968,2417,0,8,0,0,0,32804244,31819228,31701196,2116,156688
2018-05-13_16-37-31.604310072,1526222251.606164885,38.295885,2018-05-13_16-38-01.844405103,1526222281.846276926,0.99,0.91,0.90,150512,174500,1109,322,369,267,0,0,0,0,373760,0,3457,3765166,2417,0,8,0,0,0,32804244,31819072,31700452,2116,156688
2018-05-13_16-38-01.890590029,1526222281.892432387,38.295885,2018-05-13_16-38-32.130703681,1526222312.132604975,0.99,0.92,0.90,151704,175884,1113,322,369,288,0,0,0,0,376785,0,3462,3786362,2417,0,8,0,0,0,32804244,31819176,31701376,2116,156688
2018-05-13_16-38-32.177067553,1526222312.178944602,38.295879,2018-05-13_16-39-02.417328205,1526222342.419209380,1.00,0.93,0.90,152896,177268,1117,322,369,308,0,0,0,0,379809,0,3467,3807560,2417,0,8,0,0,0,32804244,31819756,31701460,2116,156688
2018-05-13_16-39-02.463621085,1526222342.465472392,38.295883,2018-05-13_16-39-32.704026801,1526222372.705942724,1.00,0.93,0.91,154088,178652,1121,322,369,329,0,0,0,0,382833,0,3473,3828756,2417,0,8,0,0,0,32804244,31819284,31701212,2116,156688
2018-05-13_16-39-32.750583176,1526222372.752450766,38.295883,2018-05-13_16-40-02.990886045,1526222402.992756104,1.00,0.94,0.91,155280,180036,1125,322,369,350,0,0,0,0,385857,0,3480,3849952,2417,0,8,0,0,0,32804244,31819512,31701680,2116,156696
2018-05-13_16-40-03.037226325,1526222403.039086650,38.295881,2018-05-13_16-40-33.277906598,1526222433.279806592,1.00,0.95,0.91,156472,181420,1132,322,369,352,0,0,0,0,388883,0,3488,3871145,2417,0,8,0,0,0,32804244,31807368,31689896,2116,156708
2018-05-13_16-40-33.324494765,1526222433.326356309,38.295883,2018-05-13_16-41-03.564888502,1526222463.566773364,1.00,0.95,0.91,157664,182804,1140,322,369,352,0,0,0,0,391907,0,3493,3892342,2417,0,8,0,0,0,32804244,31807280,31689548,2116,156708
2018-05-13_16-41-03.611255598,1526222463.613108316,38.299165,2018-05-13_16-41-33.851943919,1526222493.853868222,1.00,0.96,0.92,159150,184546,1148,322,370,352,0,0,0,0,394934,0,3502,3913534,2417,0,8,0,0,0,32804244,31807112,31689544,2116,156712
2018-05-13_16-41-33.898564973,1526222493.900414359,38.295883,2018-05-13_16-42-04.139216384,1526222524.141098935,0.94,0.94,0.91,160048,185572,1155,322,371,352,0,0,0,0,397959,0,3509,3934727,2417,0,8,0,0,0,32804244,31807612,31689316,2116,156716
2018-05-13_16-42-04.185688303,1526222524.187546985,38.295878,2018-05-13_16-42-34.426238124,1526222554.428099539,0.95,0.95,0.92,161240,186956,1162,322,371,354,0,0,0,0,400983,0,3516,3955923,2417,0,8,0,0,0,32804244,31807804,31689584,2116,156716
2018-05-13_16-42-34.472604715,1526222554.474471446,38.295884,2018-05-13_16-43-04.713471435,1526222584.715364055,0.97,0.95,0.92,162432,188340,1170,322,371,354,0,0,0,0,404010,0,3523,3977116,2417,0,8,0,0,0,32804244,31807904,31689352,2116,156720
2018-05-13_16-43-04.760011829,1526222584.761875648,38.295883,2018-05-13_16-43-35.000546865,1526222615.002442387,0.98,0.96,0.92,163624,189724,1177,322,373,354,0,0,0,0,407035,0,3529,3998311,2417,0,8,0,0,0,32804244,31820516,31702208,2116,156712
2018-05-13_16-43-35.046970445,1526222615.048828558,38.295884,2018-05-13_16-44-05.287335996,1526222645.289199154,0.99,0.96,0.93,164816,191108,1185,322,373,354,0,0,0,0,410058,0,3535,4019510,2417,0,8,0,0,0,32804244,31820176,31701880,2116,156712
2018-05-13_16-44-05.333538563,1526222645.335407240,38.295881,2018-05-13_16-44-35.574001391,1526222675.575867268,0.94,0.95,0.92,166008,192492,1189,342,374,354,0,0,0,0,413082,0,3541,4040706,2417,0,8,0,0,0,32804244,31820656,31702460,2116,156712
2018-05-13_16-44-35.620345056,1526222675.622223563,38.295882,2018-05-13_16-45-05.860499888,1526222705.862409218,0.97,0.96,0.93,167200,193876,1193,361,374,355,0,0,0,0,416106,0,3546,4061904,2417,0,8,0,0,0,32804244,31820568,31702548,2116,156712
2018-05-13_16-45-05.906904575,1526222705.908750378,38.295831,2018-05-13_16-45-36.147218397,1526222736.149110191,0.93,0.95,0.93,168392,195260,1197,381,375,355,0,0,0,0,419130,0,3551,4083100,2417,0,8,0,0,0,32804244,31820840,31702832,2116,156712
2018-05-13_16-45-36.193650775,1526222736.195497492,38.299036,2018-05-13_16-46-06.433976901,1526222766.435847323,0.90,0.93,0.92,169584,196644,1201,400,376,355,0,0,0,0,422154,0,3556,4104298,2417,0,8,0,0,0,32804244,31820572,31702560,2116,156712
2018-05-13_16-46-06.480282672,1526222766.482141018,38.295882,2018-05-13_16-46-36.720659681,1526222796.722563167,0.94,0.94,0.93,170776,198028,1209,400,376,355,0,0,0,0,425178,0,3562,4125494,2417,0,8,0,0,0,32804244,31820068,31702604,2116,156712
2018-05-13_16-46-36.767071624,1526222796.768928164,38.295884,2018-05-13_16-47-07.007357373,1526222827.009222116,0.96,0.95,0.93,171968,199412,1218,400,376,355,0,0,0,0,428202,0,3567,4146692,2417,0,8,0,0,0,32804244,31820712,31702452,2116,156712
2018-05-13_16-47-07.053690701,1526222827.055533620,38.295885,2018-05-13_16-47-37.293931873,1526222857.295804804,0.98,0.95,0.93,173160,200796,1226,400,376,355,0,0,0,0,431226,0,3573,4167888,2417,0,8,0,0,0,32804244,31820852,31702560,2116,156712
2018-05-13_16-47-37.340200547,1526222857.342038808,38.295882,2018-05-13_16-48-07.580496677,1526222887.582357271,0.99,0.96,0.93,174352,202180,1234,400,376,355,0,0,0,0,434249,0,3578,4189087,2417,0,8,0,0,0,32804244,31819784,31702020,2116,156712
2018-05-13_16-48-07.626739798,1526222887.628595598,38.295882,2018-05-13_16-48-37.867168855,1526222917.869078965,0.99,0.96,0.94,175544,203564,1238,400,376,376,0,0,0,0,437274,0,3587,4210279,2417,0,8,0,0,0,32804244,31808324,31690244,2116,156720
2018-05-13_16-48-37.913666063,1526222917.915520837,38.295882,2018-05-13_16-49-08.153939305,1526222948.155821612,1.00,0.96,0.94,176736,204948,1242,400,376,397,0,0,0,0,440302,0,3594,4231470,2417,0,8,0,0,0,32804244,31808896,31690536,2116,156728
2018-05-13_16-49-08.200511447,1526222948.202386937,38.295885,2018-05-13_16-49-38.441034841,1526222978.442969784,1.00,0.97,0.94,177928,206332,1246,400,376,418,0,0,0,0,443325,0,3599,4252668,2417,0,8,0,0,0,32804244,31807920,31689820,2116,156728
2018-05-13_16-49-38.487692902,1526222978.489567577,38.295884,2018-05-13_16-50-08.728167771,1526223008.730067576,1.00,0.97,0.95,179120,207716,1250,400,376,439,0,0,0,0,446353,0,3609,4273856,2418,0,8,0,0,0,32804244,31807588,31689280,2116,156740
2018-05-13_16-50-08.774940513,1526223008.776809051,38.295882,2018-05-13_16-50-39.015865497,1526223039.017767735,1.00,0.97,0.95,180312,209100,1254,422,376,439,0,0,0,0,449380,0,3616,4295050,2418,0,8,0,0,0,32804244,31807700,31689432,2116,156744
2018-05-13_16-50-39.062674442,1526223039.064548100,38.295884,2018-05-13_16-51-09.303161525,1526223069.305062824,1.00,0.97,0.95,181504,210484,1258,443,376,439,0,0,0,0,452404,0,3622,4316245,2418,0,8,0,0,0,32804244,31807896,31690156,2116,156744
2018-05-13_16-51-09.349696890,1526223069.351581631,38.295881,2018-05-13_16-51-39.590204021,1526223099.592082884,0.94,0.96,0.95,182696,211868,1262,462,377,439,0,0,0,0,455428,0,3628,4337442,2418,0,8,0,0,0,32804244,31821984,31703888,2116,156736
2018-05-13_16-51-39.636589823,1526223099.638473096,38.295881,2018-05-13_16-52-09.876955343,1526223129.878830033,0.91,0.95,0.95,183888,213252,1266,482,378,439,0,0,0,0,458452,0,3634,4358638,2418,0,8,0,0,0,32804244,31820136,31702148,2116,156736
2018-05-13_16-52-09.923568627,1526223129.925446961,38.295881,2018-05-13_16-52-40.164277527,1526223160.166167474,0.94,0.95,0.95,185080,214636,1273,482,378,441,0,0,0,0,461476,0,3640,4379835,2418,0,8,0,0,0,32804244,31819476,31701700,2116,156736
2018-05-13_16-52-40.210633044,1526223160.212507004,38.295882,2018-05-13_16-53-10.450906772,1526223190.452778143,0.97,0.96,0.95,186272,216020,1282,482,378,441,0,0,0,0,464500,0,3646,4401031,2418,0,8,0,0,0,32804244,31819708,31701700,2116,156736
2018-05-13_16-53-10.497181293,1526223190.499032196,38.295884,2018-05-13_16-53-40.737412735,1526223220.739282303,0.98,0.96,0.95,187464,217404,1290,482,378,441,0,0,0,0,467523,0,3651,4422229,2418,0,8,0,0,0,32804244,31819964,31701956,2116,156736
2018-05-13_16-53-40.783487724,1526223220.785333372,38.295885,2018-05-13_16-54-11.023628910,1526223251.025509703,0.99,0.96,0.95,188656,218788,1298,482,378,441,0,0,0,0,470548,0,3657,4443426,2418,0,8,0,0,0,32804244,31819932,31701912,2116,156736
2018-05-13_16-54-11.069875185,1526223251.071724093,38.295884,2018-05-13_16-54-41.309902627,1526223281.311774156,0.99,0.97,0.95,189848,220172,1323,482,378,441,0,0,0,0,473572,0,3661,4464623,2418,0,8,0,0,0,32804244,31819876,31701816,2116,156736
2018-05-13_16-54-41.356094024,1526223281.357945331,38.295884,2018-05-13_16-55-11.596572805,1526223311.598455155,1.00,0.97,0.95,191040,221556,1346,482,379,441,0,0,0,0,476596,0,3667,4485820,2418,0,8,0,0,0,32804244,31819904,31702192,2116,156736
2018-05-13_16-55-11.642792969,1526223311.644672576,38.295884,2018-05-13_16-55-41.882948182,1526223341.884839553,1.00,0.97,0.95,192232,222940,1369,482,379,441,0,0,0,0,479620,0,3672,4507017,2418,0,8,0,0,0,32804244,31819884,31702172,2116,156736
2018-05-13_16-55-41.929138817,1526223341.930993960,38.295884,2018-05-13_16-56-12.169263064,1526223372.171134466,1.00,0.98,0.95,193424,224324,1393,482,379,441,0,0,0,0,482644,0,3678,4528214,2418,0,8,0,0,0,32804244,31820528,31702392,2116,156736
2018-05-13_16-56-12.215550187,1526223372.217440115,38.295881,2018-05-13_16-56-42.456259298,1526223402.458177809,1.00,0.98,0.95,194616,225708,1402,482,379,441,0,0,0,0,485670,0,3684,4549408,2418,0,8,0,0,0,32804244,31808660,31690384,2116,156748
2018-05-13_16-56-42.502933168,1526223402.504794251,38.295876,2018-05-13_16-57-12.743455016,1526223432.745341058,1.00,0.98,0.95,195808,227092,1410,482,380,441,0,0,0,0,488697,0,3692,4570600,2418,0,8,0,0,0,32804244,31808944,31690408,2116,156748
2018-05-13_16-57-12.790157889,1526223432.792017095,38.295883,2018-05-13_16-57-43.030694456,1526223463.032569471,1.08,1.00,0.96,197000,228476,1418,482,381,441,0,0,0,0,491721,0,3697,4591797,2418,0,8,0,0,0,32804244,31808384,31689852,2116,156752
2018-05-13_16-57-43.077186772,1526223463.079053049,38.295883,2018-05-13_16-58-13.317788524,1526223493.319673299,1.05,1.00,0.96,198192,229860,1426,482,381,441,0,0,0,0,494748,0,3705,4612989,2418,0,8,0,0,0,32804244,31808456,31690392,2116,156756
2018-05-13_16-58-13.364422633,1526223493.366283573,38.295882,2018-05-13_16-58-43.605203282,1526223523.607084327,1.03,1.00,0.96,199678,231602,1434,482,381,441,0,0,0,0,497774,0,3712,4634183,2418,0,9,0,0,0,32804244,31807492,31688916,2116,156760
2018-05-13_16-58-43.651865815,1526223523.653741182,38.295884,2018-05-13_16-59-13.892372098,1526223553.894260055,1.02,1.00,0.96,200576,232628,1442,482,382,441,0,0,0,0,500799,0,3718,4655379,2418,0,9,0,0,0,32804244,31807836,31690304,2116,156760
2018-05-13_16-59-13.938910444,1526223553.940769519,38.295882,2018-05-13_16-59-44.179440799,1526223584.181347232,1.01,1.00,0.96,201768,234012,1450,482,382,441,0,0,0,0,503823,0,3723,4676576,2418,0,9,0,0,0,32804244,31820548,31702808,2116,156752
2018-05-13_16-59-44.225923345,1526223584.227799924,38.295884,2018-05-13_17-00-14.466519836,1526223614.468439756,1.01,1.00,0.96,202960,235396,1458,482,383,441,0,0,0,0,506848,0,3731,4697770,2418,0,9,0,0,0,32804244,31820640,31702536,2116,156760
2018-05-13_17-00-14.513134396,1526223614.514993861,38.295885,2018-05-13_17-00-44.753645409,1526223644.755501757,1.00,1.00,0.96,204152,236780,1462,482,405,441,0,0,0,0,509872,0,3736,4718968,2418,0,9,0,0,0,32804244,31820232,31702248,2116,156760
2018-05-13_17-00-44.800055745,1526223644.801940701,38.295882,2018-05-13_17-01-15.040671868,1526223675.042549880,1.08,1.02,0.97,205344,238164,1466,482,426,441,0,0,0,0,512898,0,3742,4740162,2418,0,9,0,0,0,32804244,31820736,31702208,2116,156760
2018-05-13_17-01-15.087199079,1526223675.089059901,38.295878,2018-05-13_17-01-45.327942006,1526223705.329832262,1.05,1.02,0.97,206536,239548,1470,482,446,442,0,0,0,0,515922,0,3747,4761360,2418,0,9,0,0,0,32804244,31819884,31701620,2116,156760
2018-05-13_17-01-45.374369080,1526223705.376255104,38.295880,2018-05-13_17-02-15.614891536,1526223735.616761283,1.03,1.01,0.97,207728,240932,1474,482,466,442,0,0,0,0,518947,0,3753,4782557,2418,0,9,0,0,0,32804244,31820280,31701628,2116,156760
2018-05-13_17-02-15.661319474,1526223735.663172703,38.295882,2018-05-13_17-02-45.901439483,1526223765.903405645,1.02,1.01,0.97,208920,242316,1483,482,466,442,0,0,0,0,521970,0,3758,4803755,2418,0,9,0,0,0,32804244,31819816,31702120,2116,156760
2018-05-13_17-02-45.947956023,1526223765.949826273,38.295881,2018-05-13_17-03-16.188155097,1526223796.190016080,1.01,1.01,0.97,210112,243700,1493,482,466,442,0,0,0,0,524994,0,3765,4824951,2418,0,9,0,0,0,32804244,31820516,31702204,2116,156760
2018-05-13_17-03-16.234436728,1526223796.236310367,38.295884,2018-05-13_17-03-46.474690751,1526223826.476559615,1.01,1.01,0.97,211304,245084,1502,482,466,442,0,0,0,0,528018,0,3769,4846149,2418,0,9,0,0,0,32804244,31819920,31702152,2116,156760
2018-05-13_17-03-46.520991404,1526223826.522880860,38.295882,2018-05-13_17-04-16.761638918,1526223856.763507914,1.00,1.01,0.97,212496,246468,1512,482,466,442,0,0,0,0,531043,0,3775,4867346,2418,0,9,0,0,0,32804244,31819804,31701776,2116,156760
2018-05-13_17-04-16.807932832,1526223856.809781730,38.295883,2018-05-13_17-04-47.048491739,1526223887.050371348,0.95,1.00,0.96,213688,247852,1516,503,466,442,0,0,0,0,534068,0,3782,4888540,2418,0,9,0,0,0,32804244,31807248,31689812,2116,156772
2018-05-13_17-04-47.095116026,1526223887.096988442,38.295882,2018-05-13_17-05-17.335895601,1526223917.337762612,0.89,0.98,0.95,214880,249236,1520,523,466,443,0,0,0,0,537095,0,3790,4909731,2418,0,9,0,0,0,32804244,31807408,31689444,2116,156772
2018-05-13_17-05-17.382320345,1526223917.384174683,38.295854,2018-05-13_17-05-47.622665247,1526223947.624561178,0.93,0.98,0.95,216072,250620,1524,544,467,443,0,0,0,0,540119,0,3795,4930929,2418,0,9,0,0,0,32804244,31807452,31689136,2116,156776
2018-05-13_17-05-47.669187997,1526223947.671065781,38.295879,2018-05-13_17-06-17.909904011,1526223977.911789823,0.96,0.99,0.95,217264,252004,1528,564,468,443,0,0,0,0,543145,0,3804,4952121,2418,0,9,0,0,0,32804244,31807656,31689708,2116,156780
2018-05-13_17-06-17.956510707,1526223977.958375265,38.295884,2018-05-13_17-06-48.197490575,1526224008.199407985,0.97,0.99,0.95,218456,253388,1532,564,468,464,0,0,0,0,546171,0,3812,4973314,2418,0,9,0,0,0,32804244,31807708,31689988,2116,156784
2018-05-13_17-06-48.244072121,1526224008.245929237,38.295881,2018-05-13_17-07-18.484712761,1526224038.486614811,0.98,0.99,0.95,219648,254772,1536,564,468,485,0,0,0,0,549196,0,3817,4994510,2418,0,9,0,0,0,32804244,31808036,31689736,2116,156784
2018-05-13_17-07-18.531099671,1526224038.532962685,38.295885,2018-05-13_17-07-48.771439521,1526224068.773493470,0.99,0.99,0.95,220840,256156,1540,564,468,506,0,0,0,0,552221,0,3822,5015707,2418,0,9,0,0,0,32804244,31820968,31702704,2116,156776
2018-05-13_17-07-48.817959565,1526224068.819799802,38.295881,2018-05-13_17-08-19.058275264,1526224099.060141468,0.99,0.99,0.95,222032,257540,1544,564,468,527,0,0,0,0,555244,0,3828,5036903,2418,0,9,0,0,0,32804244,31821144,31703716,2116,156776
2018-05-13_17-08-19.104603924,1526224099.106486196,38.295885,2018-05-13_17-08-49.345043694,1526224129.346918292,1.00,0.99,0.95,223224,258924,1551,564,468,528,0,0,0,0,558268,0,3834,5058101,2418,0,9,0,0,0,32804244,31821552,31702756,2116,156776
2018-05-13_17-08-49.391430259,1526224129.393304368,38.295882,2018-05-13_17-09-19.631606439,1526224159.633494309,1.00,0.99,0.95,224416,260308,1559,564,468,528,0,0,0,0,561292,0,3839,5079297,2418,0,9,0,0,0,32804244,31821236,31703508,2116,156776
2018-05-13_17-09-19.677977164,1526224159.679826423,38.295885,2018-05-13_17-09-49.918341018,1526224189.920217406,1.00,0.99,0.95,225608,261692,1567,564,468,528,0,0,0,0,564316,0,3844,5100495,2418,0,9,0,0,0,32804244,31820992,31702952,2116,156776
2018-05-13_17-09-49.964469840,1526224189.966323314,38.295882,2018-05-13_17-10-20.204870297,1526224220.206716741,1.00,0.99,0.95,226800,263076,1576,564,468,528,0,0,0,0,567341,0,3851,5121689,2418,0,9,0,0,0,32804244,31820820,31703108,2116,156792
2018-05-13_17-10-20.251204351,1526224220.253048168,38.295884,2018-05-13_17-10-50.491836367,1526224250.493705905,1.00,0.99,0.95,227992,264460,1580,564,488,528,0,0,0,0,570365,0,3856,5142887,2418,0,9,0,0,0,32804244,31820796,31703048,2116,156792
2018-05-13_17-10-50.537970333,1526224250.539848879,38.295883,2018-05-13_17-11-20.778276868,1526224280.780139646,1.00,0.99,0.95,229184,265844,1584,564,509,528,0,0,0,0,573390,0,3861,5164083,2418,0,9,0,0,0,32804244,31821112,31702580,2116,156792
2018-05-13_17-11-20.824332126,1526224280.826178373,38.295885,2018-05-13_17-11-51.064449022,1526224311.066323146,1.00,0.99,0.95,230376,267228,1588,564,530,528,0,0,0,0,576414,0,3866,5185281,2418,0,9,0,0,0,32804244,31820612,31702640,2116,156792
2018-05-13_17-11-51.110686182,1526224311.112564629,38.295883,2018-05-13_17-12-21.351458021,1526224341.353350663,1.00,0.99,0.95,231862,268970,1592,564,551,528,0,0,0,0,579439,0,3874,5206474,2418,0,9,0,0,0,32804244,31809000,31690188,2116,156800
2018-05-13_17-12-21.397875100,1526224341.399725743,38.295883,2018-05-13_17-12-51.638133497,1526224371.639998469,1.00,0.99,0.95,232760,269996,1600,564,552,528,0,0,0,0,582463,0,3879,5227671,2418,0,9,0,0,0,32804244,31807700,31690548,2116,156800
2018-05-13_17-12-51.684424338,1526224371.686305454,38.295882,2018-05-13_17-13-21.925028634,1526224401.926917327,1.00,0.99,0.95,233952,271380,1608,564,552,528,0,0,0,0,585490,0,3887,5248863,2418,0,9,0,0,0,32804244,31808104,31690136,2116,156804
2018-05-13_17-13-21.971511386,1526224401.973368601,38.295881,2018-05-13_17-13-52.212030248,1526224432.213949689,1.00,0.99,0.95,235144,272764,1615,564,554,528,0,0,0,0,588516,0,3894,5270056,2418,0,9,0,0,0,32804244,31808360,31690392,2116,156804
2018-05-13_17-13-52.258511949,1526224432.260382353,38.295880,2018-05-13_17-14-22.499029740,1526224462.500906503,1.00,0.99,0.95,236336,274148,1623,564,554,528,0,0,0,0,591541,0,3900,5291252,2418,0,9,0,0,0,32804244,31808328,31690044,2116,156808
2018-05-13_17-14-22.545439743,1526224462.547301958,38.295883,2018-05-13_17-14-52.785997945,1526224492.787900109,1.00,0.99,0.95,237528,275532,1631,564,554,528,0,0,0,0,594567,0,3907,5312445,2418,0,9,0,0,0,32804244,31808316,31690336,2116,156812
2018-05-13_17-14-52.832346148,1526224492.834186343,38.295875,2018-05-13_17-15-23.072694836,1526224523.074563545,1.00,0.99,0.95,238720,276916,1638,564,555,528,0,0,0,0,597593,0,3913,5333640,2418,0,9,0,0,0,32804244,31821008,31703296,2116,156808
2018-05-13_17-15-23.119118421,1526224523.120973721,38.295881,2018-05-13_17-15-53.359467151,1526224553.361498417,1.00,0.99,0.95,240206,278658,1646,564,555,528,0,0,0,0,600616,0,3919,5354838,2418,0,9,0,0,0,32804244,31820452,31702524,2116,156808
2018-05-13_17-15-53.405839360,1526224553.407689695,38.295874,2018-05-13_17-16-23.646103170,1526224583.647970457,1.00,0.99,0.95,241104,279684,1653,564,555,530,0,0,0,0,603640,0,3924,5376034,2418,0,9,0,0,0,32804244,31820748,31703008,2116,156808
2018-05-13_17-16-23.692404128,1526224583.694257122,38.295872,2018-05-13_17-16-53.932892525,1526224613.934761971,1.00,0.99,0.95,242296,281068,1676,564,556,530,0,0,0,0,606664,0,3929,5397232,2418,0,9,0,0,0,32804244,31820720,31703020,2116,156808
2018-05-13_17-16-53.979105798,1526224613.980972788,38.295883,2018-05-13_17-17-24.219475538,1526224644.221415998,1.00,0.99,0.95,243488,282452,1700,564,556,530,0,0,0,0,609688,0,3935,5418429,2418,0,9,0,0,0,32804244,31820452,31702488,2116,156808
2018-05-13_17-17-24.265762993,1526224644.267607629,38.295882,2018-05-13_17-17-54.505946913,1526224674.507852834,1.00,0.99,0.95,244680,283836,1725,564,556,530,0,0,0,0,612712,0,3939,5439627,2418,0,9,0,0,0,32804244,31820372,31702444,2116,156808
2018-05-13_17-17-54.552190124,1526224674.554037004,38.295883,2018-05-13_17-18-24.792468245,1526224704.794335091,1.08,1.00,0.96,245872,285220,1749,564,556,530,0,0,0,0,615736,0,3946,5460823,2418,0,9,0,0,0,32804244,31819880,31702644,2116,156808
2018-05-13_17-18-24.838906280,1526224704.840754153,38.295884,2018-05-13_17-18-55.079222574,1526224735.081099775,1.05,1.00,0.96,247064,286604,1757,564,556,530,0,0,0,0,618760,0,3951,5482021,2418,0,9,0,0,0,32804244,31820236,31702236,2116,156808
2018-05-13_17-18-55.125508634,1526224735.127368916,38.295883,2018-05-13_17-19-25.365630877,1526224765.367491528,1.03,1.00,0.96,248256,287988,1766,564,556,530,0,0,0,0,621784,0,3957,5503217,2418,0,9,0,0,0,32804244,31820256,31702784,2116,156808
2018-05-13_17-19-25.411887112,1526224765.413724154,38.295884,2018-05-13_17-19-55.652381086,1526224795.654243722,1.02,1.00,0.96,249448,289372,1774,564,556,530,0,0,0,0,624807,0,3962,5524416,2418,0,9,0,0,0,32804244,31820248,31702296,2116,156808
2018-05-13_17-19-55.698643749,1526224795.700519438,38.295883,2018-05-13_17-20-25.939051391,1526224825.940929671,1.07,1.02,0.97,250640,290756,1783,564,556,530,0,0,0,0,627835,0,3970,5545606,2418,0,9,0,0,0,32804244,31808660,31690692,2116,156824
2018-05-13_17-20-25.985479274,1526224825.987314777,38.295881,2018-05-13_17-20-56.225985920,1526224856.227894567,1.04,1.01,0.97,251832,292140,1787,564,576,530,0,0,0,0,630859,0,3974,5566803,2418,0,9,0,0,0,32804244,31808124,31690724,2116,156824
2018-05-13_17-20-56.272461661,1526224856.274320408,38.295883,2018-05-13_17-21-26.513013240,1526224886.514892879,1.07,1.03,0.97,253024,293524,1791,564,597,530,0,0,0,0,633886,0,3982,5587995,2418,0,9,0,0,0,32804244,31808300,31690236,2116,156828
2018-05-13_17-21-26.559494817,1526224886.561346169,38.295884,2018-05-13_17-21-56.800366064,1526224916.802242164,1.04,1.03,0.97,254216,294908,1795,564,618,530,0,0,0,0,636912,0,3990,5609188,2418,0,9,0,0,0,32804244,31808608,31690936,2116,156832
2018-05-13_17-21-56.846813043,1526224916.848681132,38.295881,2018-05-13_17-22-27.087440329,1526224947.089348135,1.03,1.02,0.97,255408,296292,1799,564,638,530,0,0,0,0,639936,0,3997,5630384,2418,0,9,0,0,0,32804244,31808216,31690180,2116,156832
2018-05-13_17-22-27.133905146,1526224947.135765117,38.295883,2018-05-13_17-22-57.374507483,1526224977.376398392,1.02,1.02,0.97,256600,297676,1824,564,638,530,0,0,0,0,642962,0,4004,5651577,2418,0,9,0,0,0,32804244,31808748,31690768,2116,156832
2018-05-13_17-22-57.421109092,1526224977.422976536,38.295875,2018-05-13_17-23-27.661482965,1526225007.663413925,1.01,1.02,0.97,257792,299060,1848,565,638,530,0,0,0,0,645986,0,4011,5672773,2418,0,9,0,0,0,32804244,31818708,31700792,2116,156832
2018-05-13_17-23-27.708384232,1526225007.710259802,38.295881,2018-05-13_17-23-57.948964751,1526225037.950848277,1.01,1.01,0.97,258984,300444,1872,565,638,530,0,0,0,0,649010,0,4016,5693971,2418,0,9,0,0,0,32804244,31817976,31700260,2116,156832
2018-05-13_17-23-57.995316437,1526225037.997174337,38.295879,2018-05-13_17-24-28.235635165,1526225068.237515819,1.00,1.01,0.97,260176,301828,1896,565,639,530,0,0,0,0,652033,0,4023,5715167,2418,0,9,0,0,0,32804244,31819952,31702004,2116,156832
2018-05-13_17-24-28.281988853,1526225068.283871381,38.295884,2018-05-13_17-24-58.522359561,1526225098.524230236,1.00,1.01,0.97,261368,303212,1904,565,639,530,0,0,0,0,655056,0,4028,5736365,2418,0,9,0,0,0,32804244,31819040,31701352,2116,156832
2018-05-13_17-24-58.568517060,1526225098.570376640,38.295881,2018-05-13_17-25-28.808695796,1526225128.810572571,1.00,1.01,0.97,262560,304596,1913,565,639,530,0,0,0,0,658080,0,4034,5757561,2418,0,9,0,0,0,32804244,31819200,31700968,2116,156832
2018-05-13_17-25-28.854993402,1526225128.856878470,38.295880,2018-05-13_17-25-59.095311968,1526225159.097179937,1.00,1.01,0.97,263752,305980,1920,565,640,530,0,0,0,0,661103,0,4039,5778759,2418,0,9,0,0,0,32804244,31819276,31701068,2116,156832
2018-05-13_17-25-59.141547741,1526225159.143405051,38.295881,2018-05-13_17-26-29.381976978,1526225189.383859337,1.00,1.01,0.97,264944,307364,1929,565,640,530,0,0,0,0,664127,0,4046,5799956,2418,0,9,0,0,0,32804244,31820020,31702592,2116,156832
2018-05-13_17-26-29.428224037,1526225189.430093981,38.295882,2018-05-13_17-26-59.668413642,1526225219.670274172,0.95,1.00,0.97,266136,308748,1933,586,640,530,0,0,0,0,667151,0,4051,5821154,2418,0,9,0,0,0,32804244,31819432,31701216,2116,156832
2018-05-13_17-26-59.714578948,1526225219.716425966,38.295883,2018-05-13_17-27-29.954744710,1526225249.956613006,0.97,1.00,0.97,267328,310132,1937,607,640,530,0,0,0,0,670174,0,4058,5842350,2418,0,9,0,0,0,32804244,31819124,31701732,2116,156832
2018-05-13_17-27-30.001013111,1526225250.002893097,38.295882,2018-05-13_17-28-00.241225488,1526225280.243092510,0.98,1.00,0.97,268520,311516,1941,628,640,530,0,0,0,0,673198,0,4063,5863547,2418,0,9,0,0,0,32804244,31819248,31701856,2116,156832
2018-05-13_17-28-00.287367912,1526225280.289221297,38.295869,2018-05-13_17-28-30.527775010,1526225310.529657878,0.91,0.98,0.96,269712,312900,1945,647,641,530,0,0,0,0,676225,0,4070,5884740,2418,0,9,0,0,0,32804244,31806808,31689644,2116,156840
2018-05-13_17-28-30.573987655,1526225310.575858636,38.295881,2018-05-13_17-29-00.814409120,1526225340.816287912,0.95,0.98,0.96,270904,314284,1953,647,641,530,0,0,0,0,679248,0,4075,5905937,2418,0,10,0,0,0,32804244,31806556,31688340,2116,156840
2018-05-13_17-29-00.860571504,1526225340.862420543,38.295881,2018-05-13_17-29-31.101093417,1526225371.102981701,0.97,0.99,0.96,272096,316026,1961,647,641,530,0,0,0,0,682275,0,4083,5927129,2418,0,10,0,0,0,32804244,31807108,31689728,2116,156844
2018-05-13_17-29-31.147520378,1526225371.149390044,38.295876,2018-05-13_17-30-01.387951289,1526225401.390017292,0.98,0.99,0.96,273288,317052,1968,647,642,530,0,0,0,0,685301,0,4092,5948319,2418,0,10,0,0,0,32804244,31806792,31688828,2116,156852
2018-05-13_17-30-01.434418878,1526225401.436278857,38.295875,2018-05-13_17-30-31.675049036,1526225431.676964392,1.10,1.02,0.97,274480,318436,1975,647,644,530,0,0,0,0,688325,0,4098,5969515,2418,0,10,0,0,0,32804244,31807892,31690156,2116,156852
2018-05-13_17-30-31.721471506,1526225431.723325594,38.295881,2018-05-13_17-31-01.962393781,1526225461.964289768,1.06,1.01,0.97,275672,319820,1983,647,644,532,0,0,0,0,691351,0,4105,5990709,2418,0,10,0,0,0,32804244,31808120,31690188,2116,156856
2018-05-13_17-31-02.008877158,1526225462.010732265,38.295884,2018-05-13_17-31-32.249465903,1526225492.251479771,1.04,1.01,0.97,276864,321204,1990,647,644,534,0,0,0,0,694375,0,4113,6011904,2418,0,10,0,0,0,32804244,31820428,31702388,2116,156848
2018-05-13_17-31-32.296081246,1526225492.297954441,38.295884,2018-05-13_17-32-02.536277544,1526225522.538147638,1.02,1.01,0.97,278056,322588,1998,647,644,534,0,0,0,0,697399,0,4118,6033102,2418,0,10,0,0,0,32804244,31820044,31701816,2116,156852
2018-05-13_17-32-02.582593561,1526225522.584474124,38.295867,2018-05-13_17-32-32.823052408,1526225552.824934524,1.01,1.01,0.97,279248,323972,2005,647,646,534,0,0,0,0,700423,0,4124,6054298,2418,0,10,0,0,0,32804244,31820044,31702472,2116,156852
2018-05-13_17-32-32.869340032,1526225552.871201515,38.295876,2018-05-13_17-33-03.109911578,1526225583.111778004,0.93,1.00,0.97,280734,325714,2009,647,646,555,0,0,0,0,703448,0,4128,6075496,2418,0,10,0,0,0,32804244,31819832,31701764,2116,156852
2018-05-13_17-33-03.156154283,1526225583.158009201,38.295883,2018-05-13_17-33-33.396724956,1526225613.398593561,0.96,1.00,0.97,281632,326740,2013,647,646,575,0,0,0,0,706472,0,4134,6096693,2418,0,10,0,0,0,32804244,31819656,31701804,2116,156852
2018-05-13_17-33-33.443029392,1526225613.444898071,38.295885,2018-05-13_17-34-03.683389841,1526225643.685252385,0.97,1.00,0.97,282824,328124,2017,647,646,595,0,0,0,0,709496,0,4139,6117891,2418,0,10,0,0,0,32804244,31820024,31702096,2116,156852
2018-05-13_17-34-03.729633762,1526225643.731495386,38.295885,2018-05-13_17-34-33.969723117,1526225673.971600071,0.98,1.00,0.97,284016,329508,2021,647,646,615,0,0,0,0,712520,0,4144,6139087,2418,0,10,0,0,0,32804244,31820312,31702728,2116,156852
2018-05-13_17-34-34.016016624,1526225674.017861821,38.295879,2018-05-13_17-35-04.256437880,1526225704.258463955,0.99,1.00,0.97,285208,330892,2029,647,647,615,0,0,0,0,715544,0,4149,6160285,2418,0,10,0,0,0,32804244,31820060,31702032,2116,156852
2018-05-13_17-35-04.302837957,1526225704.304682082,38.295882,2018-05-13_17-35-34.543420961,1526225734.545304295,0.99,1.00,0.97,286400,332276,2037,647,647,615,0,0,0,0,718569,0,4154,6181482,2418,0,10,0,0,0,32804244,31819872,31702212,2116,156852
2018-05-13_17-35-34.589767424,1526225734.591634923,38.295885,2018-05-13_17-36-04.830122041,1526225764.831984245,1.00,1.00,0.97,287592,333660,2045,647,647,615,0,0,0,0,721592,0,4159,6202680,2418,0,10,0,0,0,32804244,31819944,31702568,2116,156852
2018-05-13_17-36-04.876295712,1526225764.878153843,38.295881,2018-05-13_17-36-35.116913347,1526225795.118828576,1.00,1.00,0.97,288784,335044,2053,647,647,615,0,0,0,0,724619,0,4166,6223872,2418,0,10,0,0,0,32804244,31807764,31689044,2116,156860
2018-05-13_17-36-35.163216529,1526225795.165066516,38.295884,2018-05-13_17-37-05.403881262,1526225825.405774730,1.00,1.00,0.97,289976,336428,2076,647,647,615,0,0,0,0,727645,0,4173,6245066,2418,0,10,0,0,0,32804244,31808312,31690416,2116,156864
2018-05-13_17-37-05.450884237,1526225825.452762126,38.295883,2018-05-13_17-37-35.691531569,1526225855.693403795,1.00,1.00,0.97,291168,337812,2098,647,648,615,0,0,0,0,730670,0,4179,6266262,2418,0,10,0,0,0,32804244,31805952,31688048,2116,156864
2018-05-13_17-37-35.738021241,1526225855.739903126,38.295872,2018-05-13_17-38-05.979050351,1526225885.980961777,1.00,1.00,0.97,292360,339196,2122,647,649,615,0,0,0,0,733697,0,4186,6287456,2418,0,10,0,0,0,32804244,31806180,31688492,2116,156868
2018-05-13_17-38-06.025623695,1526225886.027474547,38.295884,2018-05-13_17-38-36.266340899,1526225916.268266454,1.00,1.00,0.97,293552,340580,2146,647,649,615,0,0,0,0,736723,0,4195,6308648,2418,0,10,0,0,0,32804244,31806624,31688972,2116,156868
2018-05-13_17-38-36.312736259,1526225916.314649323,38.295884,2018-05-13_17-39-06.553468203,1526225946.555352394,1.00,1.00,0.97,294744,341964,2150,647,671,615,0,0,0,0,739746,0,4201,6329845,2418,0,10,0,0,0,32804244,31806420,31688800,2116,156872
2018-05-13_17-39-06.599751913,1526225946.601611635,38.295884,2018-05-13_17-39-36.840295922,1526225976.842215366,1.00,1.00,0.97,295936,343348,2154,647,692,615,0,0,0,0,742772,0,4207,6351040,2418,0,10,0,0,0,32804244,31819428,31701504,2116,156864
2018-05-13_17-39-36.886643666,1526225976.888527261,38.295885,2018-05-13_17-40-07.127158641,1526226007.129042479,1.00,1.00,0.97,297128,344732,2158,647,713,615,0,0,0,0,745796,0,4213,6372236,2418,0,10,0,0,0,32804244,31819516,31701572,2116,156876
2018-05-13_17-40-07.173403171,1526226007.175278192,38.295882,2018-05-13_17-40-37.413629234,1526226037.415522570,1.00,1.00,0.97,298320,346116,2162,647,733,615,0,0,0,0,748821,0,4219,6393432,2418,0,10,0,0,0,32804244,31820200,31702308,2116,156880
2018-05-13_17-40-37.460025802,1526226037.461896568,38.295882,2018-05-13_17-41-07.700412449,1526226067.702284219,1.00,1.00,0.97,299512,347500,2170,647,733,615,0,0,0,0,751845,0,4223,6414630,2418,0,10,0,0,0,32804244,31819784,31701596,2116,156880
2018-05-13_17-41-07.746512770,1526226067.748362829,38.295874,2018-05-13_17-41-37.986670763,1526226097.988562338,1.00,1.00,0.97,300704,348884,2177,647,734,615,0,0,0,0,754870,0,4228,6435826,2418,0,10,0,0,0,32804244,31820352,31702636,2116,156880
2018-05-13_17-41-38.032947943,1526226098.034831176,38.295884,2018-05-13_17-42-08.273317396,1526226128.275183150,1.00,1.00,0.97,301896,350268,2185,647,734,615,0,0,0,0,757894,0,4233,6457024,2418,0,10,0,0,0,32804244,31819880,31701944,2116,156880
2018-05-13_17-42-08.319479558,1526226128.321340786,38.295882,2018-05-13_17-42-38.559570021,1526226158.561434500,1.00,1.00,0.97,303088,351652,2193,647,734,615,0,0,0,0,760917,0,4240,6478220,2418,0,10,0,0,0,32804244,31819632,31701716,2116,156880
2018-05-13_17-42-38.605904123,1526226158.607764926,38.295885,2018-05-13_17-43-08.846312597,1526226188.848169371,1.00,1.00,0.97,304280,353036,2197,647,734,636,0,0,0,0,763941,0,4245,6499418,2418,0,10,0,0,0,32804244,31819284,31701604,2116,156880
2018-05-13_17-43-08.892450523,1526226188.894304734,38.295885,2018-05-13_17-43-39.132592984,1526226219.134445872,1.00,1.00,0.97,305472,354420,2201,647,734,656,0,0,0,0,766965,0,4251,6520614,2418,0,10,0,0,0,32804244,31819352,31701640,2116,156880
2018-05-13_17-43-39.179016879,1526226219.180913293,38.295885,2018-05-13_17-44-09.419482391,1526226249.421362073,1.00,1.00,0.97,306664,355804,2205,647,735,676,0,0,0,0,769989,0,4258,6541811,2418,0,10,0,0,0,32804244,31818884,31700928,2116,156880
2018-05-13_17-44-09.465668135,1526226249.467524387,38.295882,2018-05-13_17-44-39.706031473,1526226279.707929410,0.95,0.98,0.96,307856,357188,2209,647,735,696,0,0,0,0,773014,0,4264,6563005,2418,0,10,0,0,0,32804244,31806032,31688644,2116,156888
2018-05-13_17-44-39.752440123,1526226279.754285724,38.295877,2018-05-13_17-45-09.992914469,1526226309.994777649,0.97,0.99,0.96,309048,358572,2216,647,735,697,0,0,0,0,776040,0,4273,6584196,2418,0,10,0,0,0,32804244,31806280,31688564,2116,156892
2018-05-13_17-45-10.039306041,1526226310.041170372,38.295883,2018-05-13_17-45-40.279953465,1526226340.281860422,0.98,0.99,0.96,310240,359956,2224,647,735,697,0,0,0,0,779064,0,4278,6605394,2418,0,10,0,0,0,32804244,31806760,31688492,2116,156892
2018-05-13_17-45-40.326424276,1526226340.328333842,38.295882,2018-05-13_17-46-10.567423875,1526226370.569305392,1.05,1.00,0.97,311432,361340,2232,647,735,697,0,0,0,0,782090,0,4286,6626586,2418,0,10,0,0,0,32804244,31806540,31689344,2116,156896
2018-05-13_17-46-10.613974796,1526226370.615833030,38.295878,2018-05-13_17-46-40.854505418,1526226400.856403713,1.03,1.00,0.97,312918,363082,2239,647,736,697,0,0,0,0,785115,0,4294,6647779,2418,0,10,0,0,0,32804244,31806940,31689328,2116,156900
2018-05-13_17-46-40.900967844,1526226400.902821819,38.295884,2018-05-13_17-47-11.141437005,1526226431.143331977,1.02,1.00,0.97,313816,364108,2247,647,736,697,0,0,0,0,788139,0,4301,6668975,2418,0,11,0,0,0,32804244,31807120,31688916,2116,156900
2018-05-13_17-47-11.187733417,1526226431.189592185,38.295875,2018-05-13_17-47-41.428256210,1526226461.430275429,1.01,1.00,0.97,315008,365492,2254,647,737,697,0,0,0,0,791163,0,4307,6690172,2418,0,11,0,0,0,32804244,31818980,31701108,2116,156892
2018-05-13_17-47-41.474983562,1526226461.476842750,38.295879,2018-05-13_17-48-11.715504158,1526226491.717400341,0.95,0.99,0.96,316200,366876,2262,649,737,697,0,0,0,0,794188,0,4313,6711368,2418,0,11,0,0,0,32804244,31819448,31701764,2116,156892
2018-05-13_17-48-11.761915518,1526226491.763758058,38.295876,2018-05-13_17-48-42.002341864,1526226522.004227871,0.97,0.99,0.96,317392,368260,2269,649,738,697,0,0,0,0,797211,0,4318,6732566,2418,0,11,0,0,0,32804244,31819780,31701780,2116,156892
2018-05-13_17-48-42.048470500,1526226522.050341909,38.295823,2018-05-13_17-49-12.288778810,1526226552.290650045,0.93,0.97,0.95,318584,369644,2273,669,739,697,0,0,0,0,800236,0,4324,6753762,2418,0,11,0,0,0,32804244,31819760,31701592,2116,156896
2018-05-13_17-49-12.335011450,1526226552.336883877,38.295884,2018-05-13_17-49-42.575491062,1526226582.577400012,0.90,0.96,0.95,319776,371028,2277,690,739,697,0,0,0,0,803260,0,4328,6774960,2418,0,11,0,0,0,32804244,31819484,31701688,2116,156896
2018-05-13_17-49-42.621645166,1526226582.623504568,38.295796,2018-05-13_17-50-12.862009425,1526226612.863877587,0.94,0.96,0.95,321262,372770,2281,709,739,698,0,0,0,0,806286,0,4335,6796152,2420,0,11,0,0,0,32804244,31819572,31701668,2116,156904
2018-05-13_17-50-12.908247338,1526226612.910112846,38.299165,2018-05-13_17-50-43.148701580,1526226643.150570653,0.91,0.95,0.95,322160,373796,2285,730,740,698,0,0,0,0,809310,0,4339,6817350,2420,0,11,0,0,0,32804244,31819856,31701396,2116,156904
2018-05-13_17-50-43.194789937,1526226643.196639686,38.295884,2018-05-13_17-51-13.435081613,1526226673.436939375,0.94,0.95,0.95,323352,375180,2294,730,740,698,0,0,0,0,812335,0,4344,6838546,2420,0,11,0,0,0,32804244,31820636,31702412,2116,156904
2018-05-13_17-51-13.481258220,1526226673.483096635,38.295877,2018-05-13_17-51-43.721302780,1526226703.723178721,0.97,0.96,0.95,324544,376564,2301,730,741,698,0,0,0,0,815359,0,4349,6859743,2420,0,11,0,0,0,32804244,31819952,31701180,2116,156904
2018-05-13_17-51-43.767420268,1526226703.769283415,38.295884,2018-05-13_17-52-14.007613818,1526226734.009455242,0.98,0.96,0.95,325736,377948,2311,730,741,698,0,0,0,0,818382,0,4355,6880940,2420,0,11,0,0,0,32804244,31819848,31701892,2116,156904
2018-05-13_17-52-14.053648628,1526226734.055498392,38.295884,2018-05-13_17-52-44.293996952,1526226764.295901719,0.99,0.96,0.95,326928,379332,2319,730,741,698,0,0,0,0,821408,0,4362,6902133,2420,0,11,0,0,0,32804244,31807656,31689756,2116,156912
2018-05-13_17-52-44.340352704,1526226764.342198184,38.295880,2018-05-13_17-53-14.580733188,1526226794.582600786,0.99,0.97,0.95,328120,380716,2323,730,741,719,0,0,0,0,824434,0,4370,6923325,2420,0,11,0,0,0,32804244,31808148,31690248,2116,156916
2018-05-13_17-53-14.627212209,1526226794.629069502,38.295884,2018-05-13_17-53-44.867540476,1526226824.869427769,1.00,0.97,0.95,329312,382100,2327,730,741,740,0,0,0,0,827458,0,4376,6944522,2420,0,11,0,0,0,32804244,31808224,31689948,2116,156916
2018-05-13_17-53-44.913890225,1526226824.915741067,38.295884,2018-05-13_17-54-15.154434029,1526226855.156335259,1.08,0.99,0.96,330504,383484,2331,730,741,761,0,0,0,0,830485,0,4384,6965714,2420,0,11,0,0,0,32804244,31807756,31690120,2116,156920
2018-05-13_17-54-15.200913781,1526226855.202764433,38.295881,2018-05-13_17-54-45.441504313,1526226885.443435468,1.05,0.99,0.96,331696,384868,2335,730,741,783,0,0,0,0,833512,0,4391,6986907,2420,0,11,0,0,0,32804244,31808684,31690744,2116,156924
2018-05-13_17-54-45.488050145,1526226885.489914749,38.295883,2018-05-13_17-55-15.728663956,1526226915.730540965,0.92,0.96,0.95,332888,386252,2339,749,742,783,0,0,0,0,836536,0,4397,7008103,2420,0,11,0,0,0,32804244,31806004,31687784,2116,156924
2018-05-13_17-55-15.775081803,1526226915.776945581,38.295883,2018-05-13_17-55-46.015697557,1526226946.017583862,0.90,0.95,0.95,334080,387636,2343,768,743,783,0,0,0,0,839561,0,4402,7029300,2420,0,11,0,0,0,32804244,31817500,31699828,2116,156916
2018-05-13_17-55-46.062195914,1526226946.064048702,38.295884,2018-05-13_17-56-16.302798844,1526226976.304693679,0.89,0.94,0.95,335272,389020,2347,789,743,783,0,0,0,0,842586,0,4408,7050496,2420,0,11,0,0,0,32804244,31818272,31700608,2116,156916
2018-05-13_17-56-16.348953251,1526226976.350825811,38.295885,2018-05-13_17-56-46.589115945,1526227006.590982223,0.93,0.94,0.95,336464,390404,2351,809,743,783,0,0,0,0,845610,0,4412,7071694,2420,0,11,0,0,0,32804244,31818288,31700396,2116,156916
2018-05-13_17-56-46.635323444,1526227006.637177919,38.295882,2018-05-13_17-57-16.875624627,1526227036.877476402,0.96,0.95,0.95,337656,391788,2358,809,745,783,0,0,0,0,848634,0,4418,7092890,2420,0,11,0,0,0,32804244,31819280,31700516,2116,156920
2018-05-13_17-57-16.921894880,1526227036.923757111,38.295882,2018-05-13_17-57-47.162099268,1526227067.164052454,0.98,0.96,0.95,338848,393172,2366,809,745,783,0,0,0,0,851658,0,4423,7114088,2420,0,11,0,0,0,32804244,31818644,31700488,2116,156920
