StartTime,StartEpoch,BW,EndTime,EndEpoch,CPULoad1m,CPULoad5m,CPULoad5m,NetDevRX,NetDevTX,IRQens2-0,IRQens2-1,IRQens2-2,IRQens2-3,IRQens2-4,IRQens2-5,IRQens2-6,IRQens2-7,user,nice,system,idle,iowait,irq,softirq,steal,guest,guest_nice,MemTotal,MemFree,MemAvailable,Buffers,Cached
2018-05-07_17-27-51.744486781,1525706871.746025338,24870599418,2018-05-07_17-28-21.785871113,1525706901.787366476,0.26,0.23,0.46,8439624034,12085811145180,14638904,17686469,15196747,12435405,12774354,15110545,14387311,75021629,22446,7,288598,4854138,3040,0,1241,0,0,0,32805052,31821000,31700580,948,152740
2018-05-07_17-28-21.823230323,1525706901.824730721,24974929653,2018-05-07_17-28-51.863762893,1525706931.865274771,0.40,0.27,0.47,8501557736,12179856181474,14638904,17686475,15196747,12435405,12774354,15987142,14387311,75506331,22458,7,290486,4874315,3040,0,1249,0,0,0,32805052,31822020,31701848,948,152740
2018-05-07_17-28-51.900653020,1525706931.902103906,25008076933,2018-05-07_17-29-21.942750713,1525706961.944272579,0.69,0.36,0.49,8563699118,12273945789380,14638904,17686477,15196747,12435405,12774354,16865925,14387311,75992000,22469,7,292370,4894484,3040,0,1255,0,0,0,32805052,31822120,31701964,948,152740
2018-05-07_17-29-21.979799845,1525706961.981274979,24515255207,2018-05-07_17-29-52.019798798,1525706992.021310600,0.63,0.37,0.49,8628844852,12366187453548,14638904,17686477,15196747,12435437,12774354,16865925,14387311,77298653,22481,7,294153,4915111,3040,0,1257,0,0,0,32805052,31819796,31699624,948,152740
2018-05-07_17-29-52.057211830,1525706992.058712839,24332154859,2018-05-07_17-30-22.098010104,1525707022.099542289,0.51,0.37,0.49,8695752250,12458505150060,14638904,17686477,15196747,12435451,12774354,16865925,14387311,78615729,22492,7,296000,4935643,3040,0,1259,0,0,0,32805052,31820860,31701212,948,152752
2018-05-07_17-30-22.135255269,1525707022.136732737,24429864387,2018-05-07_17-30-52.175834139,1525707052.177347683,0.58,0.40,0.50,8760434688,12550417837316,14638904,17686477,15196747,13295671,12774354,16865925,14387311,79087988,22505,7,297845,4956207,3040,0,1261,0,0,0,32805052,31820108,31700152,948,152752
2018-05-07_17-30-52.212779217,1525707052.214246086,24424049718,2018-05-07_17-31-22.252951615,1525707082.254456075,0.55,0.41,0.50,8825247494,12642308226754,14638904,17686477,15196747,14156203,12774354,16865925,14387311,79558615,22515,7,299614,4976815,3040,0,1262,0,0,0,32805052,31819552,31700056,948,152752
2018-05-07_17-31-22.290022989,1525707082.291527764,25029007524,2018-05-07_17-31-52.331910106,1525707112.333435968,0.54,0.42,0.50,8889820364,12737249504382,14638904,18584919,15196747,14156203,12774354,16865925,14387311,80050234,22527,7,301532,4996901,3040,0,1269,0,0,0,32805052,31819872,31699964,948,152752
2018-05-07_17-31-52.368984038,1525707112.370462501,24923801551,2018-05-07_17-32-22.413035692,1525707142.414601967,0.68,0.46,0.51,8952075666,12831021388962,14638904,19471642,15196747,14156203,12774354,16865925,14387311,80552033,22539,7,303692,5016856,3040,0,1279,0,0,0,32805052,31820708,31700540,948,152752
2018-05-07_17-32-22.450276276,1525707142.451736714,25045163044,2018-05-07_17-32-52.492849489,1525707172.494392165,0.74,0.50,0.52,9014521560,12925249928602,14638904,19471650,15196747,14156203,12774354,17743823,14387311,81042606,22551,7,305536,5036994,3040,0,1285,0,0,0,32805052,31820760,31700232,948,152752
2018-05-07_17-32-52.530332036,1525707172.531823467,24852697632,2018-05-07_17-33-22.570930250,1525707202.572455647,0.86,0.55,0.53,9076364958,13019530373650,14638904,19471658,15196747,14156203,12774354,18620984,14387311,81536056,22565,7,307679,5056988,3040,0,1298,0,0,0,32805052,31808160,31687900,948,152764
2018-05-07_17-33-22.607862585,1525707202.609314730,24545127032,2018-05-07_17-33-52.648641614,1525707232.650170924,0.78,0.56,0.54,9143795876,13111880739978,14638904,19471658,15196747,14156220,12774354,18620984,14387311,82858077,22579,7,309443,5077636,3040,0,1305,0,0,0,32805052,31808356,31688196,948,152768
2018-05-07_17-33-52.685511834,1525707232.686983134,24462319356,2018-05-07_17-34-22.727752876,1525707262.729280161,0.66,0.55,0.54,9209071786,13203921856748,14638904,19471658,15196747,14156223,12774354,18620984,14387311,84156826,22590,7,311290,5098230,3040,0,1305,0,0,0,32805052,31808624,31688220,948,152768
2018-05-07_17-34-22.765334824,1525707262.766817706,24440952332,2018-05-07_17-34-52.805812517,1525707292.807329047,0.60,0.55,0.54,9274986608,13296622830390,14638904,19471658,15196747,15025650,12774354,18620984,14387311,84629399,22602,7,313082,5118827,3040,0,1310,0,0,0,32805052,31807984,31687820,948,152772
2018-05-07_17-34-52.843421975,1525707292.844927428,24539466942,2018-05-07_17-35-22.884851050,1525707322.886358790,0.43,0.51,0.52,9339552142,13388970300768,14638904,19471658,15196747,15883663,12774354,18620984,14387311,85103508,22614,7,314847,5139480,3040,0,1314,0,0,0,32805052,31808616,31688460,948,152776
2018-05-07_17-35-22.921755005,1525707322.923227342,25280386710,2018-05-07_17-35-52.962737936,1525707352.964231365,0.32,0.48,0.51,9401939924,13484075873514,14638904,19471658,15196754,15883663,12774354,18620984,15259428,85594121,22625,7,316665,5159613,3040,0,1324,0,0,0,32805052,31808640,31688464,948,152776
2018-05-07_17-35-52.999560995,1525707353.001040851,24963167272,2018-05-07_17-36-23.045782003,1525707383.047298167,0.62,0.53,0.53,9465606170,13578733184664,14638904,19471658,15196767,15883663,12774354,18620984,16171784,86098138,22640,7,319015,5179443,3040,0,1335,0,0,0,32805052,31820032,31699576,948,152768
2018-05-07_17-36-23.083326380,1525707383.084835176,24985237587,2018-05-07_17-36-53.124848488,1525707413.126364434,0.75,0.57,0.54,9528629536,13672789522884,14638904,19471658,16086795,15883663,12774354,18620984,16171784,86585662,22652,7,320905,5199566,3040,0,1340,0,0,0,32805052,31819756,31699876,948,152768
2018-05-07_17-36-53.161806315,1525707413.163271382,25051914877,2018-05-07_17-37-23.201271365,1525707443.202783998,0.64,0.57,0.54,9593109798,13767044138272,14638904,19471658,16990430,15883663,12774354,18620984,16171784,87070742,22663,7,322760,5219725,3040,0,1345,0,0,0,32805052,31820808,31699996,948,152768
2018-05-07_17-37-23.238253453,1525707443.239721842,25241868616,2018-05-07_17-37-53.278809585,1525707473.280302157,0.51,0.54,0.53,9655669420,13862696005980,15516527,19471658,16990430,15883663,12774354,18620984,16171784,87562298,22675,7,324652,5239887,3040,0,1358,0,0,0,32805052,31821420,31701540,948,152768
2018-05-07_17-37-53.315739904,1525707473.317201165,25182061981,2018-05-07_17-38-23.356688739,1525707503.358208799,0.64,0.57,0.54,9719404786,13957546948210,16419179,19471658,16990430,15883663,12774354,18620984,16171784,88051723,22686,7,326599,5260018,3040,0,1376,0,0,0,32805052,31821468,31700796,948,152768
2018-05-07_17-38-23.393640650,1525707503.395098113,25035599748,2018-05-07_17-38-53.433765827,1525707533.435282020,0.61,0.57,0.54,9781417400,14051743646762,16419199,19471658,16990430,15883663,13650838,18620984,16171784,88539606,22699,7,328481,5280197,3040,0,1391,0,0,0,32805052,31821664,31701400,948,152768
2018-05-07_17-38-53.470627008,1525707533.472205300,25088613554,2018-05-07_17-39-23.511971119,1525707563.513489326,0.57,0.56,0.54,9846643774,14146136858930,16419213,19471658,16990430,15883663,14561249,18620984,16171784,89024961,22711,7,330335,5300377,3040,0,1409,0,0,0,32805052,31821940,31701760,948,152768
2018-05-07_17-39-23.548939409,1525707563.550547436,25096406693,2018-05-07_17-39-53.592946550,1525707593.594453220,0.62,0.57,0.54,9909167812,14241341969998,16419213,20351808,16990430,15883663,14561249,18620984,16171784,89522388,22723,7,332324,5320455,3040,0,1416,0,0,0,32805052,31820436,31699948,948,152768
2018-05-07_17-39-53.629876778,1525707593.631469176,25086754510,2018-05-07_17-40-23.669980042,1525707623.671489999,0.53,0.55,0.54,9970768586,14335729661222,16419213,21225997,16990430,15883663,14561249,18620984,16171784,90018906,22737,7,334292,5340532,3040,0,1427,0,0,0,32805052,31819676,31699276,948,152776
2018-05-07_17-40-23.706971166,1525707623.708575225,25092299007,2018-05-07_17-40-53.747819682,1525707653.749324182,0.71,0.59,0.55,10034978832,14430132602898,16419213,21226001,16990430,15883663,14561249,19524494,16171784,90511093,22749,7,336164,5360678,3040,0,1438,0,0,0,32805052,31820200,31699800,948,152776
2018-05-07_17-40-53.784826721,1525707653.786412110,25007902120,2018-05-07_17-41-23.826952886,1525707683.828474133,0.57,0.57,0.54,10095971670,14525011795442,16419213,21226051,16990430,15883663,14561249,20383075,16171784,91006783,22764,7,338068,5380783,3040,0,1451,0,0,0,32805052,31808064,31687668,948,152792
2018-05-07_17-41-23.863913719,1525707683.865382585,24502301907,2018-05-07_17-41-53.905728120,1525707713.907226436,0.49,0.55,0.54,10161054044,14617200395466,16419213,21226051,16990430,15883711,14561249,20383075,16171784,92311281,22776,7,339877,5401391,3040,0,1456,0,0,0,32805052,31807612,31688004,948,152796
2018-05-07_17-41-53.942627486,1525707713.944091927,24595130572,2018-05-07_17-42-23.984753877,1525707743.986258620,0.49,0.54,0.53,10225967842,14709733612178,16419213,21226051,16990430,15883720,14561249,20383075,16171784,93616387,22786,7,341693,5422024,3040,0,1457,0,0,0,32805052,31809036,31689168,948,152796
2018-05-07_17-42-24.021609429,1525707744.023065606,24484139356,2018-05-07_17-42-54.062726179,1525707774.064255332,0.55,0.55,0.54,10292901992,14802622904358,16419213,21226051,16990430,16760400,14561249,20383075,16171784,94087285,22799,7,343509,5442626,3040,0,1463,0,0,0,32805052,31809184,31688752,948,152796
2018-05-07_17-42-54.099694320,1525707774.101169539,24384609755,2018-05-07_17-43-24.142758887,1525707804.144270117,0.49,0.53,0.53,10359106798,14894366279274,16419213,21226051,16990430,17644933,14561249,20383075,16171784,94564673,22812,7,345613,5463011,3040,0,1470,0,0,0,32805052,31809692,31689732,948,152800
2018-05-07_17-43-24.179595064,1525707804.181061697,25220072693,2018-05-07_17-43-54.221768254,1525707834.223284763,0.63,0.56,0.54,10420945140,14989255370510,16419213,21226051,16990439,17644933,14561249,20383075,17044977,95055003,22824,7,347519,5483107,3040,0,1477,0,0,0,32805052,31809828,31689332,948,152800
2018-05-07_17-43-54.258672199,1525707834.260150263,25218897697,2018-05-07_17-44-24.300848123,1525707864.302349085,0.71,0.59,0.55,10486941242,15084877171734,16419213,21226051,16990474,17644933,14561249,20383075,17964890,95546171,22836,7,349477,5503179,3040,0,1484,0,0,0,32805052,31822092,31702204,948,152796
2018-05-07_17-44-24.337714297,1525707864.339183440,25071314859,2018-05-07_17-44-54.378753811,1525707894.380273779,0.64,0.58,0.55,10550307136,15179245465330,16419213,21226051,17881666,17644933,14561249,20383075,17964890,96032586,22847,7,351414,5523282,3040,0,1491,0,0,0,32805052,31821700,31701556,948,152796
2018-05-07_17-44-54.416030416,1525707894.417550484,25026488259,2018-05-07_17-45-24.456781109,1525707924.458281639,0.65,0.59,0.55,10613899974,15273405850732,16419213,21226051,18780070,17644933,14561249,20383075,17964890,96519429,22859,7,353360,5543378,3040,0,1497,0,0,0,32805052,31820704,31700580,948,152796
2018-05-07_17-45-24.494274602,1525707924.495764302,25072342369,2018-05-07_17-45-54.534930938,1525707954.536607417,0.58,0.58,0.55,10676880588,15368429301816,17306935,21226051,18780070,17644933,14561249,20383075,17964890,97006309,22869,7,355315,5563498,3040,0,1508,0,0,0,32805052,31820376,31700252,948,152796
2018-05-07_17-45-54.572407960,1525707954.573887885,25101481309,2018-05-07_17-46-24.613897979,1525707984.615403457,0.48,0.56,0.54,10742040978,15462961478206,18223534,21226051,18780070,17644933,14561249,20383075,17964890,97492851,22881,7,357248,5583606,3040,0,1518,0,0,0,32805052,31820888,31700204,948,152796
2018-05-07_17-46-24.650853485,1525707984.652325160,25107555156,2018-05-07_17-46-54.691939060,1525708014.693613698,0.47,0.55,0.54,10804308440,15557424322384,18223543,21226051,18780070,17644933,15441925,20383075,17964890,97979496,22892,7,359169,5603780,3040,0,1527,0,0,0,32805052,31820620,31700456,948,152796
2018-05-07_17-46-54.729479224,1525708014.730977366,25106724336,2018-05-07_17-47-24.769848480,1525708044.771361955,0.34,0.51,0.53,10867395678,15651883598896,18223547,21226051,18780070,17644933,16327984,20383075,17964890,98465711,22903,7,361021,5623936,3040,0,1541,0,0,0,32805052,31820788,31700364,948,152796
2018-05-07_17-47-24.806896545,1525708044.808355561,25174112765,2018-05-07_17-47-54.847754915,1525708074.849281080,0.48,0.53,0.53,10932963364,15747381517734,18223547,21226051,18780075,17644933,16327984,20383075,18879853,98951710,22915,7,362940,5644052,3040,0,1546,0,0,0,32805052,31821076,31700672,948,152796
2018-05-07_17-47-54.884698422,1525708074.886166569,25147709029,2018-05-07_17-48-24.925851855,1525708104.927353566,0.64,0.56,0.54,10996303594,15841998083386,18223547,21226051,18780106,17644933,16327984,20383075,19776077,99439057,22925,7,364894,5664160,3040,0,1550,0,0,0,32805052,31821600,31701116,948,152800
2018-05-07_17-48-24.962772783,1525708104.964232123,25220529773,2018-05-07_17-48-55.004741161,1525708135.006251096,0.71,0.58,0.55,11058734000,15936890539234,18223547,21226051,19664032,17644933,16327984,20383075,19776077,99926892,22935,7,366828,5684295,3040,0,1555,0,0,0,32805052,31820848,31700688,948,152800
2018-05-07_17-48-55.041603009,1525708135.043139217,25267610382,2018-05-07_17-49-25.082912518,1525708165.084428859,0.58,0.56,0.55,11120777654,16032749611710,18223547,21226051,20533499,17644933,16327984,20383075,19776077,100418718,22949,7,368736,5704409,3040,0,1566,0,0,0,32805052,31809480,31689080,948,152808
2018-05-07_17-49-25.119949911,1525708165.121426280,25078675966,2018-05-07_17-49-55.161843746,1525708195.163356017,0.61,0.57,0.55,11187076476,16127106343072,19155194,21226051,20533499,17644933,16327984,20383075,19776077,100908283,22963,7,370675,5724484,3040,0,1588,0,0,0,32805052,31807748,31688408,948,152812
2018-05-07_17-49-55.198791895,1525708195.200249015,25114535921,2018-05-07_17-50-25.240835534,1525708225.242346417,0.58,0.56,0.55,11249496514,16221598695170,20037457,21226051,20533499,17644933,16327984,20383075,19776077,101399746,22976,7,372600,5744587,3040,0,1608,0,0,0,32805052,31807008,31687328,948,152816
2018-05-07_17-50-25.277716451,1525708225.279212405,25086494785,2018-05-07_17-50-55.318776417,1525708255.320281198,0.73,0.61,0.56,11313613832,16316764193784,20037459,21226051,20533499,17644959,17227649,20383075,19776077,101887849,22991,7,374527,5764704,3040,0,1632,0,0,0,32805052,31808560,31688444,948,152816
2018-05-07_17-50-55.355690464,1525708255.357165962,25057636403,2018-05-07_17-51-25.395799642,1525708285.397311735,0.72,0.61,0.57,11375636046,16411041334882,20037501,21226051,20533499,17644959,18108082,20383075,19776077,102380043,23004,7,376529,5784774,3040,0,1655,0,0,0,32805052,31809312,31689436,948,152820
2018-05-07_17-51-25.432669746,1525708285.434129262,25186462679,2018-05-07_17-51-55.473834675,1525708315.475350691,0.77,0.63,0.58,11437176084,16505799024888,20037501,22097437,20533499,17644959,18108082,20383075,19776077,102870720,23015,7,378438,5804926,3040,0,1667,0,0,0,32805052,31809460,31689584,948,152820
2018-05-07_17-51-55.511471043,1525708315.512969774,25206452774,2018-05-07_17-52-25.552947798,1525708345.554478179,0.73,0.64,0.58,11499603546,16601392063358,20037501,22972740,20533499,17644959,18108082,20383075,19776077,103361371,23027,7,380330,5825078,3040,0,1673,0,0,0,32805052,31822060,31701884,948,152816
2018-05-07_17-52-25.590067956,1525708345.591557045,25130137004,2018-05-07_17-52-55.630732123,1525708375.632250830,0.71,0.64,0.58,11562219232,16695976728876,20037501,22972771,20533499,17644959,18108082,21264691,19776077,103854137,23039,7,382223,5845209,3040,0,1684,0,0,0,32805052,31821104,31701508,948,152816
2018-05-07_17-52-55.667837159,1525708375.669306846,25082645249,2018-05-07_17-53-25.708851262,1525708405.710364223,0.70,0.64,0.59,11626526630,16790344180618,20037501,22972773,20533499,17644959,18108082,22171341,19776077,104346871,23048,7,384171,5865313,3040,0,1691,0,0,0,32805052,31821096,31700716,948,152816
2018-05-07_17-53-25.746426140,1525708405.747937950,24444851311,2018-05-07_17-53-55.788817255,1525708435.790343825,0.90,0.69,0.61,11691808940,16883014803342,20037501,22972773,20533499,17644967,18108082,22171341,19776077,105648781,23060,7,386031,5885882,3040,0,1694,0,0,0,32805052,31820996,31701104,948,152816
2018-05-07_17-53-55.826468143,1525708435.827965501,24567930004,2018-05-07_17-54-25.866955447,1525708465.868460660,0.74,0.67,0.60,11757159026,16975525236250,20037501,22972773,20533499,17644998,18108082,22171341,19776077,106958897,23071,7,387863,5906491,3040,0,1697,0,0,0,32805052,31821412,31701208,948,152816
2018-05-07_17-54-25.903989839,1525708465.905469070,24566259614,2018-05-07_17-54-55.944773859,1525708495.946287351,0.80,0.69,0.61,11822109560,17067957071830,20037501,22972773,20533499,18506231,18108082,22171341,19776077,107433017,23083,7,389658,5927118,3040,0,1699,0,0,0,32805052,31821004,31700872,948,152820
2018-05-07_17-54-55.981802003,1525708495.983265121,24598146619,2018-05-07_17-55-26.022716434,1525708526.024232645,0.75,0.69,0.61,11889485694,17160498840930,20037501,22972773,20533499,19385468,18108082,22171341,19776077,107907493,23095,7,391406,5947756,3040,0,1700,0,0,0,32805052,31820464,31700592,948,152820
2018-05-07_17-55-26.059619231,1525708526.061083660,25143563238,2018-05-07_17-55-56.100821797,1525708556.102328419,0.77,0.70,0.62,11952408324,17255875358284,20037501,22972773,20533512,19385468,18108082,22171341,20660297,108398358,23106,7,393338,5967853,3040,0,1708,0,0,0,32805052,31821332,31700860,948,152820
2018-05-07_17-55-56.137822384,1525708556.139307687,25183219158,2018-05-07_17-56-26.178821393,1525708586.180323570,0.73,0.70,0.62,12018156170,17350627140520,20037501,22972773,20533514,19385468,18108082,22171341,21582841,108887749,23120,7,395252,5987951,3040,0,1712,0,0,0,32805052,31820700,31700044,948,152820
2018-05-07_17-56-26.215762655,1525708586.217238941,25292709455,2018-05-07_17-56-56.255788962,1525708616.257292447,0.77,0.71,0.62,12079798608,17445782793178,20037501,22972773,21406644,19385468,18108082,22171341,21582841,109376139,23133,7,397174,6008081,3040,0,1718,0,0,0,32805052,31820456,31700536,948,152820
2018-05-07_17-56-56.292814644,1525708616.294301114,25238592475,2018-05-07_17-57-26.335766773,1525708646.337293796,0.81,0.72,0.63,12142994262,17541531901530,20037501,22972773,22292943,19385468,18108082,22171341,21582841,109865611,23147,7,399122,6028170,3040,0,1727,0,0,0,32805052,31809388,31689188,948,152828
2018-05-07_17-57-26.372792141,1525708646.374270684,25087923935,2018-05-07_17-57-56.413789484,1525708676.415303296,0.69,0.70,0.62,12205982620,17635923434754,20928963,22972773,22292943,19385468,18108082,22171341,21582841,110351621,23161,7,401036,6048287,3040,0,1750,0,0,0,32805052,31808924,31688756,948,152832
2018-05-07_17-57-56.450722612,1525708676.452187514,24968077508,2018-05-07_17-58-26.491936415,1525708706.493617416,0.73,0.71,0.63,12270436514,17729863229314,21840143,22972773,22292943,19385468,18108082,22171341,21582841,110840234,23171,7,403058,6068309,3040,0,1761,0,0,0,32805052,31808428,31687760,948,152832
2018-05-07_17-58-26.529534650,1525708706.531020336,25175522392,2018-05-07_17-58-56.569823833,1525708736.571338837,0.65,0.69,0.63,12332755772,17825367336026,21840158,22972773,22292943,19385506,18977731,22171341,21582841,111330123,23187,7,404903,6088466,3040,0,1780,0,0,0,32805052,31808692,31688824,948,152836
2018-05-07_17-58-56.607439989,1525708736.608942182,25135657017,2018-05-07_17-59-26.648800403,1525708766.650340188,0.79,0.72,0.64,12395300546,17919936072132,21840209,22972773,22292943,19385506,19863939,22171341,21582841,111817810,23201,7,406782,6108615,3040,0,1793,0,0,0,32805052,31808524,31688116,948,152836
2018-05-07_17-59-26.686375430,1525708766.687885272,25021044667,2018-05-07_17-59-56.727838266,1525708796.729364913,0.82,0.73,0.64,12458102728,18014073842286,21840209,23862965,22292943,19385506,19863939,22171341,21582841,112305509,23213,7,408719,6128712,3040,0,1803,0,0,0,32805052,31808984,31688480,948,152836
2018-05-07_17-59-56.764845071,1525708796.766315119,25135960348,2018-05-07_18-00-26.806783824,1525708826.808312949,0.84,0.74,0.65,12520298510,18109403067284,21840209,24726227,22292943,19385506,19863939,22171341,21582841,112793239,23225,7,410568,6148861,3041,0,1816,0,0,0,32805052,31820732,31700352,948,152844
2018-05-07_18-00-26.844471292,1525708826.845970316,25052754718,2018-05-07_18-00-56.886872030,1525708856.888392486,0.85,0.75,0.66,12583734484,18203683803928,21840209,24726273,22292943,19385506,19863939,23067516,21582841,113284063,23239,7,412531,6168959,3041,0,1825,0,0,0,32805052,31820508,31700404,948,152844
2018-05-07_18-00-56.924528814,1525708856.926032588,25098159999,2018-05-07_18-01-26.964589991,1525708886.966080657,0.81,0.75,0.66,12645006554,18298112442942,21840209,24726295,22292943,19385506,19863939,23935976,21582841,113775913,23278,7,414478,6189018,3043,0,1921,0,0,0,32805052,31820040,31699676,948,152880
2018-05-07_18-01-27.001118839,1525708887.002626838,24557802799,2018-05-07_18-01-57.041622572,1525708917.043149672,0.62,0.71,0.65,12710173536,18391219880782,21840209,24726295,22292943,19385526,19863939,23935976,21582841,115078866,23385,7,416429,6209363,3043,0,2196,0,0,0,32805052,31819140,31699020,948,152880
2018-05-07_18-01-57.078756946,1525708917.080256965,24546606991,2018-05-07_18-02-27.119679255,1525708947.121204313,0.59,0.69,0.64,12775040358,18483661158362,21840209,24726295,22292943,19385564,19863939,23935976,21582841,116373884,23492,7,418359,6229700,3043,0,2473,0,0,0,32805052,31819596,31699752,948,152880
2018-05-07_18-02-27.156587976,1525708947.158054454,24532634248,2018-05-07_18-02-57.196656095,1525708977.197981392,0.69,0.70,0.65,12841776492,18575974059786,21840209,24726295,22292943,20258179,19863939,23935976,21582841,116848241,23599,7,420273,6250040,3043,0,2754,0,0,0,32805052,31817244,31696584,948,152880
2018-05-07_18-02-57.233428586,1525708977.234907307,24330259974,2018-05-07_18-03-27.273854883,1525709007.275382419,0.59,0.68,0.65,12906403762,18667516287430,21840209,24726295,22292943,21125343,19863939,23935976,21582841,117326066,23631,7,422387,6270364,3043,0,2825,0,0,0,32805052,31820988,31701160,948,152880
2018-05-07_18-03-27.310914946,1525709007.312383253,24765934557,2018-05-07_18-03-57.360747432,1525709037.362271789,0.75,0.71,0.66,12972105080,18761461553814,21840209,25636657,22292943,21125343,19863939,23935976,21582841,117840082,23643,7,424992,6290034,3043,0,2835,0,0,0,32805052,31821148,31700992,948,152880
2018-05-07_18-03-57.397780743,1525709037.399247327,25113708977,2018-05-07_18-04-27.436882707,1525709067.438401816,0.64,0.69,0.65,13034498046,18855952589100,21840209,26512207,22292943,21125343,19863939,23935976,21582841,118332761,23653,7,426841,6310153,3043,0,2840,0,0,0,32805052,31820396,31700308,948,152880
2018-05-07_18-04-27.474455682,1525709067.475965742,24934912163,2018-05-07_18-04-57.515879776,1525709097.517398750,0.65,0.69,0.65,13096436996,18949773704584,21840209,26512252,22292943,21125343,19863939,24816065,21582841,118826001,23666,7,428812,6330203,3043,0,2847,0,0,0,32805052,31819860,31699216,948,152880
2018-05-07_18-04-57.552890787,1525709097.554368664,25122711176,2018-05-07_18-05-27.592786298,1525709127.594299866,0.56,0.66,0.65,13160391626,19045075269624,21840209,26512277,22292943,21125343,19863939,25703675,21582841,119318271,23678,7,430618,6350326,3043,0,2857,0,0,0,32805052,31808480,31688136,948,152888
2018-05-07_18-05-27.629778488,1525709127.631251525,24481973647,2018-05-07_18-05-57.671803584,1525709157.673320909,0.64,0.66,0.65,13224559184,19137193891766,21840209,26512277,22292943,21125376,19863939,25703675,21582841,120616136,23692,7,432414,6370911,3043,0,2862,0,0,0,32805052,31809436,31689092,948,152892
2018-05-07_18-05-57.708623002,1525709157.710090839,24511225542,2018-05-07_18-06-27.749720268,1525709187.751257393,0.56,0.65,0.64,13289239510,19229414373602,21840209,26512277,22292943,21125387,19863939,25703675,21582841,121918902,23702,7,434167,6391542,3043,0,2863,0,0,0,32805052,31809268,31689148,948,152892
2018-05-07_18-06-27.786599918,1525709187.788059453,24269679565,2018-05-07_18-06-57.826775938,1525709217.828285501,0.48,0.62,0.63,13354373532,19321485798644,21840209,26512277,22292943,21998889,19863939,25703675,21582841,122402166,23716,7,436448,6411757,3043,0,2866,0,0,0,32805052,31809888,31690068,948,152896
2018-05-07_18-06-57.863780935,1525709217.865272547,24389632058,2018-05-07_18-07-27.911927480,1525709247.913461465,0.67,0.64,0.64,13421007906,19413253998048,21840209,26512277,22292943,22884011,19863939,25703675,21582841,122879454,23730,7,438391,6432208,3043,0,2870,0,0,0,32805052,31809688,31689336,948,152900
2018-05-07_18-07-27.949270408,1525709247.950762807,25068936243,2018-05-07_18-07-57.990766198,1525709277.992281418,0.67,0.64,0.64,13485040104,19507566252870,21840209,26512277,22292967,22884011,19863939,25703675,22482090,123368711,23744,7,440258,6452323,3043,0,2876,0,0,0,32805052,31810080,31689660,948,152900
2018-05-07_18-07-58.027572913,1525709278.029046230,24962302527,2018-05-07_18-08-28.071907425,1525709308.073427629,0.68,0.64,0.64,13547827630,19602257416642,21840209,26512277,22292993,22884011,19863939,25703675,23374655,123870001,23756,7,442390,6472276,3043,0,2881,0,0,0,32805052,31822440,31702860,948,152896
2018-05-07_18-08-28.108791122,1525709308.110249295,25371827629,2018-05-07_18-08-58.149939038,1525709338.151609270,0.67,0.65,0.64,13609840628,19697725997268,21840209,26512277,23170462,22884011,19863939,25703675,23374655,124363792,23768,7,444270,6492384,3043,0,2886,0,0,0,32805052,31821872,31701796,948,152896
2018-05-07_18-08-58.187547069,1525709338.189030085,25009437448,2018-05-07_18-09-28.231833293,1525709368.233352386,0.80,0.68,0.65,13671981178,19791822821420,21840209,26512277,24077318,22884011,19863939,25703675,23374655,124874873,23781,7,446790,6512119,3043,0,2889,0,0,0,32805052,31821640,31701300,948,152896
2018-05-07_18-09-28.268699048,1525709368.270157118,25084243803,2018-05-07_18-09-58.308831659,1525709398.310338642,0.74,0.68,0.66,13736281600,19886935090692,22744007,26512277,24077318,22884011,19863939,25703675,23374655,125367170,23794,7,448739,6532165,3043,0,2899,0,0,0,32805052,31822036,31701940,948,152896
2018-05-07_18-09-58.345605737,1525709398.347075095,25154771201,2018-05-07_18-10-28.386746939,1525709428.388259601,0.71,0.68,0.66,13798464134,19981630987182,23624102,26512277,24077318,22884011,19863939,25703675,23374655,125854839,23807,7,450548,6552323,3043,0,2912,0,0,0,32805052,31821808,31701420,948,152904
2018-05-07_18-10-28.423810427,1525709428.425280667,25178921531,2018-05-07_18-10-58.464764843,1525709458.466273322,0.58,0.65,0.65,13860432844,20076361680138,23624128,26512277,24077318,22884011,20739538,25703675,23374655,126341087,23817,7,452360,6572499,3043,0,2924,0,0,0,32805052,31821148,31700500,948,152904
2018-05-07_18-10-58.501791568,1525709458.503268882,24994641408,2018-05-07_18-11-28.541739353,1525709488.543228316,0.42,0.60,0.63,13926722962,20171084074216,23624189,26512277,24077318,22884011,21620153,25703675,23374655,126831159,23827,7,454370,6592520,3043,0,2931,0,0,0,32805052,31821324,31700616,948,152904
2018-05-07_18-11-28.578535896,1525709488.579997386,25277579126,2018-05-07_18-11-58.619792022,1525709518.621292022,0.47,0.59,0.63,13990652632,20266296795158,23624189,26512277,24972190,22884011,21620153,25703675,23374655,127322169,23839,7,456263,6612589,3043,0,2937,0,0,0,32805052,31821888,31702316,948,152904
2018-05-07_18-11-58.656621747,1525709518.658091094,24884599194,2018-05-07_18-12-28.697713760,1525709548.699194906,0.42,0.57,0.62,14036740382,20359922506854,23624189,26512277,25676922,22884011,21620153,25703675,23374655,127781558,23849,7,458060,6632973,3043,0,2940,0,0,0,32805052,31820832,31701280,948,152904
2018-05-07_18-12-28.734487501,1525709548.735955605,25102201889,2018-05-07_18-12-58.776748687,1525709578.778268501,0.45,0.56,0.61,14099353572,20454365475308,23624189,26512277,25676946,22884011,21620153,25703675,24260069,128270460,23860,7,459934,6653087,3043,0,2945,0,0,0,32805052,31820796,31701116,948,152904
2018-05-07_18-12-58.813684478,1525709578.815175541,24893473371,2018-05-07_18-13-28.855733380,1525709608.857245129,0.54,0.57,0.61,14162040298,20548807526818,23624189,26512277,25676972,22884011,21620153,25703675,25158432,128775205,23873,7,462285,6672908,3043,0,2950,0,0,0,32805052,31809508,31689420,948,152912
2018-05-07_18-13-28.892611903,1525709608.894083993,25034163936,2018-05-07_18-13-58.933779655,1525709638.935289151,0.60,0.58,0.62,14225541616,20642997498450,23624199,26512277,25676972,22884011,22517500,25703675,25158432,129261277,23888,7,464200,6692995,3043,0,2964,0,0,0,32805052,31809540,31688800,948,152916
2018-05-07_18-13-58.970543063,1525709638.972013526,24894527358,2018-05-07_18-14-29.011818653,1525709669.013304726,0.83,0.64,0.63,14288053110,20736663518956,23624212,26512277,25676972,22884011,23410300,25703675,25158432,129755018,23900,7,466376,6712927,3043,0,2973,0,0,0,32805052,31809744,31689640,948,152916
2018-05-07_18-14-29.048607319,1525709669.050076402,24901414907,2018-05-07_18-14-59.093817558,1525709699.095326723,0.84,0.66,0.64,14351831676,20831128705228,24539886,26512277,25676972,22884082,23410300,25703675,25158432,130262035,23913,7,468815,6732730,3043,0,2990,0,0,0,32805052,31808936,31689392,948,152924
2018-05-07_18-14-59.131203840,1525709699.132725936,24954585293,2018-05-07_18-15-29.173879160,1525709729.175388888,0.79,0.66,0.64,14414759322,20925020079124,25431306,26512277,25676972,22884082,23410300,25703675,25158432,130754607,23926,7,470830,6752733,3043,0,3012,0,0,0,32805052,31808892,31688812,948,152928
2018-05-07_18-15-29.210863511,1525709729.212335442,24917874367,2018-05-07_18-15-59.251763335,1525709759.253289899,0.55,0.61,0.62,14462509920,21018771343014,25431306,26530635,25676972,22884082,23410300,26402491,25158432,131226304,23936,7,472624,6773064,3043,0,3021,0,0,0,32805052,31808792,31689232,948,152928
2018-05-07_18-15-59.288599715,1525709759.290061976,24989755065,2018-05-07_18-16-29.336689899,1525709789.338194008,0.59,0.62,0.63,14525684838,21113569455442,25431306,26530659,25676972,22884082,23410300,27307917,25158432,131731862,23948,7,474886,6792942,3043,0,3032,0,0,0,32805052,31820936,31701096,948,152920
2018-05-07_18-16-29.373603870,1525709789.375079882,25121518462,2018-05-07_18-16-59.415821987,1525709819.417324970,0.68,0.64,0.63,14588014892,21208095545838,25431306,27414015,25676972,22884082,23410300,27307917,25158432,132225572,23959,7,476810,6813017,3043,0,3043,0,0,0,32805052,31821236,31701672,948,152920
2018-05-07_18-16-59.452643204,1525709819.454086968,25127060356,2018-05-07_18-17-29.493597024,1525709849.495084725,0.68,0.64,0.63,14658015858,21302628565472,25431306,28315877,25676972,22884082,23410300,27307917,25158432,132714661,23969,7,478706,6833083,3043,0,3055,0,0,0,32805052,31821424,31701600,948,152920
2018-05-07_18-17-29.530477932,1525709849.531947350,24381828353,2018-05-07_18-17-59.572815863,1525709879.574305474,0.62,0.63,0.63,14723487800,21395136564412,25431306,28315877,25676972,23759709,23410300,27307917,25158432,133199355,23982,7,480886,6853396,3043,0,3059,0,0,0,32805052,31821012,31700668,948,152920
