StartTime,StartEpoch,BW,EndTime,EndEpoch,CPULoad1m,CPULoad5m,CPULoad5m,NetDevRX,NetDevTX,IRQens2-0,IRQens2-1,IRQens2-2,IRQens2-3,IRQens2-4,IRQens2-5,IRQens2-6,IRQens2-7,user,nice,system,idle,iowait,irq,softirq,steal,guest,guest_nice,MemTotal,MemFree,MemAvailable,Buffers,Cached
2018-05-08_15-38-57.838616072,1525786737.840163833,20470243215,2018-05-08_15-39-27.879548805,1525786767.881069900,0.29,0.27,0.52,10943853286,9890381455695,31482226,32124676,40953837,54267002,2374435,7,13,72718,200710,0,708289,7361626,6229,0,203363,0,195611,0,32805052,31201628,31631680,948,738424
2018-05-08_15-39-27.917022236,1525786767.918521537,20697471616,2018-05-08_15-39-57.957624371,1525786797.959142217,0.43,0.31,0.52,11074684780,9968255579615,31482245,32124676,40953837,54267002,2374435,7,13,72718,200719,0,710037,7382129,6229,0,203394,0,195611,0,32805052,31202376,31632692,948,738428
2018-05-08_15-39-57.995364008,1525786797.996892793,21848263144,2018-05-08_15-40-28.039577447,1525786828.041126288,0.60,0.36,0.53,11211593074,10051040251065,31482261,32124676,40953837,54267002,2374435,7,13,72718,200735,0,712521,7402028,6229,0,203428,0,195611,0,32805052,31202284,31632308,948,738432
2018-05-08_15-40-28.077221059,1525786828.078732740,20715756875,2018-05-08_15-40-58.117674145,1525786858.119202632,0.50,0.36,0.53,11341263608,10129057103867,31482282,32124676,40953837,54267002,3975796,7,13,72718,200767,0,714278,7422531,6229,0,203509,0,195611,0,32805052,31199932,31629996,948,738436
2018-05-08_15-40-58.155157536,1525786858.156656391,20721707233,2018-05-08_15-41-28.196581565,1525786888.198130460,0.50,0.37,0.53,11467792766,10207020106463,33066518,32124676,40953837,54267002,3975796,7,13,72718,200779,0,715953,7443044,6229,0,203539,0,195611,0,32805052,31200764,31630824,948,738436
2018-05-08_15-41-28.234231987,1525786888.235750792,20542581864,2018-05-08_15-41-58.275600917,1525786918.277132221,0.55,0.40,0.53,11596246660,10284311186277,33066544,32124676,40953837,54267002,3975796,7,13,72718,200791,0,717674,7463576,6229,0,203569,0,195611,0,32805052,31214228,31643960,948,738428
2018-05-08_15-41-58.313176501,1525786918.314669327,20634190911,2018-05-08_15-42-28.353531500,1525786948.355033000,0.69,0.44,0.54,11723459402,10362592314459,33066547,32124676,40953837,54267002,3975796,7,13,72718,200803,0,719381,7484172,6229,0,203599,0,195611,0,32805052,31213736,31643796,948,738428
2018-05-08_15-42-28.391241379,1525786948.392761849,20601692597,2018-05-08_15-42-58.431610885,1525786978.433207017,0.60,0.45,0.54,11854925520,10440102751709,33066577,32124676,40953837,54267002,3975796,7,13,72718,200815,0,721134,7504662,6229,0,203630,0,195611,0,32805052,31213972,31644212,948,738428
2018-05-08_15-42-58.469191118,1525786978.470686516,20576768076,2018-05-08_15-43-28.510584887,1525787008.512127985,0.55,0.45,0.54,11984842710,10517519366277,33066580,32124676,40953837,54267002,3975796,7,13,72718,200827,0,722941,7525144,6229,0,203659,0,195611,0,32805052,31215444,31644944,948,738428
2018-05-08_15-43-28.548167944,1525787008.549665208,20636933787,2018-05-08_15-43-58.588529683,1525787038.590043104,0.50,0.45,0.53,12111788956,10595811379163,33066582,32124676,40953837,54267002,3975796,7,13,72718,200836,0,724573,7545743,6229,0,203688,0,195611,0,32805052,31215400,31644920,948,738428
2018-05-08_15-43-58.626071200,1525787038.627566756,20697421263,2018-05-08_15-44-28.666539328,1525787068.668063331,0.57,0.47,0.54,12244214818,10673683355245,33066584,32124676,40953837,54267002,3975796,7,13,72718,200846,0,726330,7566221,6229,0,203715,0,195611,0,32805052,31214576,31644636,948,738428
2018-05-08_15-44-28.704270007,1525787068.705765864,20630088477,2018-05-08_15-44-58.744533838,1525787098.746043962,0.75,0.53,0.55,12372288424,10751300703447,33066609,32124676,40953837,54267002,5570373,7,13,72718,200858,0,728071,7586750,6229,0,203742,0,195611,0,32805052,31215096,31645140,948,738428
2018-05-08_15-44-58.782086611,1525787098.783587815,20698543884,2018-05-08_15-45-28.822586330,1525787128.824130818,0.78,0.56,0.56,12503414894,10829821112759,34685357,32124676,40953837,54267002,5570373,7,13,72718,200869,0,729700,7607258,6229,0,203770,0,195611,0,32805052,31215056,31644820,948,738428
2018-05-08_15-45-28.860177314,1525787128.861680348,20526953364,2018-05-08_15-45-58.900538973,1525787158.902038802,0.62,0.53,0.56,12631811444,10907058212053,34685380,32124676,40953837,54267002,5570373,7,13,72718,200881,0,731437,7627784,6229,0,203797,0,195611,0,32805052,31214992,31645316,948,738432
2018-05-08_15-45-58.938073878,1525787158.939560744,20617653992,2018-05-08_15-46-28.979516575,1525787188.981036146,0.43,0.50,0.54,12757999354,10984628729135,34685382,32124676,40953837,54267002,5570373,7,13,72718,200892,0,733100,7648337,6229,0,203824,0,195611,0,32805052,31215860,31646444,948,738432
2018-05-08_15-46-29.017076489,1525787189.018562895,20521748241,2018-05-08_15-46-59.058582516,1525787219.060099470,0.48,0.50,0.54,12888530176,11062439914193,34685393,32124676,40953837,54267002,5570373,7,13,72718,200907,0,734870,7668813,6229,0,203855,0,195611,0,32805052,31203412,31633728,948,738444
2018-05-08_15-46-59.096283273,1525787219.097789397,20551022701,2018-05-08_15-47-29.136617886,1525787249.138146047,0.68,0.55,0.56,13017845958,11139810768173,34685400,32124676,40953837,54267002,5570373,7,13,72718,200921,0,736508,7689371,6229,0,203890,0,195611,0,32805052,31202192,31632492,948,738444
2018-05-08_15-47-29.174280457,1525787249.175792390,20607479403,2018-05-08_15-47-59.215612922,1525787279.217175783,0.49,0.51,0.54,13143091532,11217346702639,34685415,32124676,40953837,54267002,5570373,7,13,72718,200934,0,738198,7709947,6229,0,203921,0,195611,0,32805052,31202692,31632960,948,738444
2018-05-08_15-47-59.253194830,1525787279.254682309,20671084680,2018-05-08_15-48-29.287611644,1525787309.289156366,0.57,0.53,0.55,13270932498,11295112944599,34685417,32124676,40953837,54267002,5570373,7,13,72718,200948,0,739950,7730442,6229,0,203955,0,195611,0,32805052,31202584,31633184,948,738448
2018-05-08_15-48-29.325151969,1525787309.326650177,20545236120,2018-05-08_15-48-59.364614904,1525787339.366152416,0.60,0.54,0.55,13401290328,11373077222939,34685470,32124676,40953837,54267002,5570373,7,13,72718,200963,0,741713,7750932,6229,0,203992,0,195611,0,32805052,31201880,31631928,948,738452
2018-05-08_15-48-59.402347664,1525787339.403849064,20632012924,2018-05-08_15-49-29.443609183,1525787369.445124488,0.51,0.52,0.55,13528647134,11450705367935,34685472,32124676,40953837,54267002,5570373,7,13,72718,200976,0,743437,7771451,6229,0,204029,0,195611,0,32805052,31201344,31631404,948,738452
2018-05-08_15-49-29.481256760,1525787369.482750134,20638802586,2018-05-08_15-49-59.523588816,1525787399.525106036,0.71,0.57,0.56,13655860644,11528355404257,34685488,32124676,40953837,54267002,7153416,7,13,72718,200988,0,745196,7791958,6229,0,204067,0,195611,0,32805052,31214308,31644124,948,738444
2018-05-08_15-49-59.561083034,1525787399.562572898,20671216153,2018-05-08_15-50-29.601575377,1525787429.603090448,0.83,0.61,0.57,13783872042,11606773919571,36269401,32124676,40953837,54267002,7153416,7,13,72718,201000,0,746921,7812494,6229,0,204102,0,195611,0,32805052,31214884,31644668,948,738456
2018-05-08_15-50-29.639131381,1525787429.640626422,20649576811,2018-05-08_15-50-59.679577325,1525787459.681093289,0.69,0.60,0.57,13910872752,11684465729839,36269407,32124676,40953837,54267002,7153416,7,13,72718,201011,0,748642,7833030,6229,0,204137,0,195611,0,32805052,31215384,31645472,948,738456
2018-05-08_15-50-59.717093629,1525787459.718587999,20721496154,2018-05-08_15-51-29.758540684,1525787489.760089670,0.63,0.59,0.57,14040231094,11762424804957,36269409,32124676,40953837,54267002,7153416,7,13,72718,201024,0,750452,7853512,6229,0,204173,0,195611,0,32805052,31214948,31645280,948,738456
2018-05-08_15-51-29.796164440,1525787489.797648722,20493660454,2018-05-08_15-51-59.836647681,1525787519.838180824,0.57,0.58,0.57,14170123452,11840178222917,36269411,32124676,40953837,54267002,7153416,7,13,72718,201035,0,752210,7874011,6229,0,204204,0,195611,0,32805052,31216284,31646076,948,738456
2018-05-08_15-51-59.874317274,1525787519.875814715,20568242456,2018-05-08_15-52-29.914570008,1525787549.916094996,0.53,0.57,0.57,14299752002,11917567226671,36269413,32124676,40953837,54267002,7153416,7,13,72718,201046,0,754071,7894490,6229,0,204233,0,195611,0,32805052,31215552,31645624,948,738456
2018-05-08_15-52-29.952161890,1525787549.953630342,20530989133,2018-05-08_15-52-59.992525547,1525787579.994036813,0.65,0.60,0.58,14425937672,11994815474695,36269415,32124676,40953837,54267002,7153416,7,13,72718,201056,0,755738,7915070,6229,0,204262,0,195611,0,32805052,31214848,31645200,948,738460
2018-05-08_15-53-00.030205744,1525787580.031723716,20565359188,2018-05-08_15-53-30.074597859,1525787610.076125885,0.73,0.62,0.59,14553303694,12072811199091,36269419,32124676,40953837,54267002,7153416,7,13,72718,201068,0,757514,7935587,6229,0,204291,0,195611,0,32805052,31215136,31645232,948,738460
2018-05-08_15-53-30.112122098,1525787610.113610423,20578868207,2018-05-08_15-54-00.155551256,1525787640.157100510,0.65,0.61,0.59,14679200596,12150236578747,36269444,32124676,40953837,54267002,8727279,7,13,72718,201078,0,759202,7956118,6229,0,204321,0,195611,0,32805052,31214124,31644196,948,738460
2018-05-08_15-54-00.193239436,1525787640.194737874,21900239297,2018-05-08_15-54-30.238595747,1525787670.240138037,0.68,0.62,0.59,14816314842,12232620510173,37936530,32124676,40953837,54267002,8727279,7,13,72718,201091,0,761751,7975942,6229,0,204346,0,195611,0,32805052,31214468,31644820,948,738460
2018-05-08_15-54-30.276118880,1525787670.277604794,21988491670,2018-05-08_15-55-00.326612960,1525787700.328254925,0.82,0.65,0.60,14955059360,12316037298619,37936607,32124676,40953837,54267002,8727279,7,13,72718,201104,0,764325,7995745,6229,0,204376,0,195611,0,32805052,31202220,31632560,948,738468
2018-05-08_15-55-00.364297679,1525787700.365811924,21978661875,2018-05-08_15-55-30.413728764,1525787730.415239391,0.91,0.69,0.61,15098029798,12398754886949,37936649,32124676,40953837,54267002,8727279,7,13,72718,201148,0,766930,8015443,6229,0,204428,0,195611,0,32805052,31200320,31630340,948,738472
2018-05-08_15-55-30.451045998,1525787730.452536183,21922313516,2018-05-08_15-56-00.491754035,1525787760.493278839,0.95,0.72,0.63,15239849836,12481240786021,37936727,32124676,40953837,54267002,8727279,7,13,72718,201225,0,769605,8035034,6229,0,204509,0,195611,0,32805052,31199552,31630176,948,738472
2018-05-08_15-56-00.529249841,1525787760.530755718,21930843195,2018-05-08_15-56-30.572780227,1525787790.574314318,0.98,0.75,0.64,15378166770,12564399606337,37936834,32124676,40953837,54267002,8727279,7,13,72718,201239,0,772147,8054855,6229,0,204546,0,195611,0,32805052,31202084,31632188,948,738476
2018-05-08_15-56-30.610444298,1525787790.611953661,21872080264,2018-05-08_15-57-00.655669507,1525787820.657207579,0.94,0.76,0.64,15519511096,12646759610837,37936928,32124676,40953837,54267002,8727279,7,13,72718,201254,0,774680,8074670,6229,0,204584,0,195611,0,32805052,31202088,31632172,948,738476
2018-05-08_15-57-00.693273403,1525787820.694773997,21784438006,2018-05-08_15-57-30.735543066,1525787850.737077208,0.98,0.78,0.66,15658596862,12728721423643,37937003,32124676,40953837,54267002,8727279,7,13,72718,201266,0,777188,8094523,6229,0,204617,0,195611,0,32805052,31202448,31632508,948,738476
2018-05-08_15-57-30.773191864,1525787850.774687033,21957860181,2018-05-08_15-58-00.819642244,1525787880.821187765,1.06,0.82,0.67,15797027140,12811343587483,39506772,32124676,40953837,54267002,8727279,7,13,72718,201279,0,779754,8114348,6229,0,204647,0,195611,0,32805052,31215112,31644904,948,738472
2018-05-08_15-58-00.857189350,1525787880.858704520,21874975097,2018-05-08_15-58-30.898596042,1525787910.900156947,1.19,0.87,0.69,15938323850,12894363606035,39506848,32124676,40953837,54267002,10420711,7,13,72718,201290,0,782310,8134150,6229,0,204676,0,195611,0,32805052,31215488,31645316,948,738472
2018-05-08_15-58-30.936180200,1525787910.937695503,21961601443,2018-05-08_15-59-00.978613523,1525787940.980146700,1.12,0.88,0.70,16080617680,12976989043653,39506986,32124676,40953837,54267002,10420711,7,13,72718,201301,0,784860,8153947,6229,0,204706,0,195611,0,32805052,31215748,31646108,948,738472
2018-05-08_15-59-01.016079351,1525787941.017563325,21970933834,2018-05-08_15-59-31.061527781,1525787971.063042790,1.07,0.89,0.71,16223222614,13059652974889,39507044,32124676,40953837,54267002,10420711,7,13,72718,201313,0,787429,8173722,6229,0,204733,0,195611,0,32805052,31214912,31645016,948,738472
2018-05-08_15-59-31.099054207,1525787971.100548956,21876513811,2018-05-08_16-00-01.148556956,1525788001.150086034,0.93,0.87,0.71,16361046620,13142669334471,39507117,32124676,40953837,54267002,10420711,7,13,72718,201324,0,789949,8193573,6229,0,204762,0,195611,0,32805052,31214344,31644696,948,738476
2018-05-08_16-00-01.185995480,1525788001.187498257,21887582309,2018-05-08_16-00-31.229603777,1525788031.231130791,0.98,0.88,0.72,16498770402,13225013445007,39507179,32124676,40953837,54267002,10420711,7,13,72718,201338,0,792492,8213418,6229,0,204791,0,195611,0,32805052,31213676,31642944,948,738484
2018-05-08_16-00-31.267215768,1525788031.268727763,21841365555,2018-05-08_16-01-01.313534129,1525788061.315022368,0.99,0.90,0.73,16636706088,13307178309839,39507243,32124676,40953837,54267002,10420711,7,13,72718,201349,0,795052,8233225,6229,0,204820,0,195611,0,32805052,31215060,31644912,948,738484
2018-05-08_16-01-01.350999044,1525788061.352483534,21946448318,2018-05-08_16-01-31.400593395,1525788091.402119283,0.94,0.89,0.73,16776677934,13390464779383,39507311,32124676,40953837,54267002,10420711,7,13,72718,201362,0,797605,8253034,6229,0,204847,0,195611,0,32805052,31214072,31643644,948,738484
2018-05-08_16-01-31.438325218,1525788091.439825141,21868643106,2018-05-08_16-02-01.480571651,1525788121.482099638,0.93,0.89,0.73,16918550772,13472747703531,41217180,32124676,40953837,54267002,10420711,7,13,72718,201374,0,800100,8272873,6229,0,204878,0,195611,0,32805052,31213668,31644028,948,738484
2018-05-08_16-02-01.518208795,1525788121.519705406,21841840359,2018-05-08_16-02-31.559535767,1525788151.561046242,0.90,0.88,0.74,17058352698,13554915474167,41217263,32124676,40953837,54267002,12110366,7,13,72718,201385,0,802634,8292692,6229,0,204905,0,195611,0,32805052,31213220,31643024,948,738484
2018-05-08_16-02-31.597271610,1525788151.598802659,21950268123,2018-05-08_16-03-01.644659365,1525788181.646199839,1.00,0.91,0.75,17197265920,13638206436299,41217346,32124676,40953837,54267002,12110366,7,13,72718,201399,0,805133,8312548,6229,0,204933,0,195611,0,32805052,31201388,31631752,948,738492
2018-05-08_16-03-01.682499421,1525788181.684002997,21957873084,2018-05-08_16-03-31.724580890,1525788211.726115007,1.00,0.92,0.76,17335217158,13720831458295,41217448,32124676,40953837,54267002,12110366,7,13,72718,201412,0,807664,8332372,6229,0,204970,0,195611,0,32805052,31201036,31631144,948,738496
2018-05-08_16-03-31.762316969,1525788211.763817850,21901020556,2018-05-08_16-04-01.812585742,1525788241.814113867,1.06,0.94,0.77,17472459532,13803240027237,41217543,32124676,40953837,54267002,12110366,7,13,72718,201423,0,810206,8352211,6229,0,205000,0,195611,0,32805052,31201816,31631564,948,738496
2018-05-08_16-04-01.850002015,1525788241.851500855,21925036783,2018-05-08_16-04-31.892568269,1525788271.894147908,0.98,0.93,0.78,17613851090,13886393849483,41217596,32124676,40953837,54267002,12110366,7,13,72718,201437,0,812759,8372019,6229,0,205035,0,195611,0,32805052,31202352,31632744,948,738500
2018-05-08_16-04-31.930226202,1525788271.931728519,21882001023,2018-05-08_16-05-01.974614288,1525788301.976133438,0.99,0.94,0.78,17749904472,13968771974305,41217639,32124676,40953837,54267002,12110366,7,13,72718,201450,0,815292,8391862,6229,0,205066,0,195611,0,32805052,31202828,31633156,948,738500
