StartTime,StartEpoch,BW,EndTime,EndEpoch,CPULoad1m,CPULoad5m,CPULoad5m,NetDevRX,NetDevTX,IRQens2-0,IRQens2-1,IRQens2-2,IRQens2-3,IRQens2-4,IRQens2-5,IRQens2-6,IRQens2-7,user,nice,system,idle,iowait,irq,softirq,steal,guest,guest_nice,MemTotal,MemFree,MemAvailable,Buffers,Cached
2018-05-08_17-20-22.241573326,1525792822.243096745,16126831240,2018-05-08_17-20-52.271770987,1525792852.273280549,0.23,0.20,0.23,26730994020,20371778932319,67713250,47911797,41491998,54681490,26289174,14963826,1102367,1559249,206506,0,974630,11711318,6256,0,230626,0,195611,0,32805052,31203124,31634696,948,748040
2018-05-08_17-20-52.309333658,1525792852.310840346,16096617664,2018-05-08_17-21-22.341796656,1525792882.343347535,0.32,0.23,0.23,26756362346,20432866027185,67989283,47911797,41491998,54681490,26289174,14963826,1102367,1559249,206514,0,975734,11733246,6256,0,230872,0,195611,0,32805052,31202548,31634136,948,748040
2018-05-08_17-21-22.379796016,1525792882.381320010,16067720160,2018-05-08_17-21-52.409859975,1525792912.411422642,0.39,0.25,0.24,26781461040,20493337982649,68264844,47911797,41491998,54681490,26289174,14963826,1102367,1559249,206524,0,976731,11755241,6256,0,231091,0,195611,0,32805052,31202872,31634740,948,748040
2018-05-08_17-21-52.447474162,1525792912.448962051,15993790946,2018-05-08_17-22-22.480309103,1525792942.481862986,0.37,0.26,0.24,26806354806,20553537342995,68541453,47911797,41491998,54681490,26289174,14963826,1102367,1559249,206552,0,977749,11777193,6256,0,231333,0,195611,0,32805052,31200856,31632708,948,748040
2018-05-08_17-22-22.517887144,1525792942.519411025,15830329181,2018-05-08_17-22-52.557009728,1525792972.558534973,0.22,0.23,0.23,26832734908,20613113906007,68823975,47911797,41491998,54681490,26289174,14963826,1102367,1559249,206563,0,978677,11799217,6256,0,231542,0,195611,0,32805052,31190884,31621940,948,748052
2018-05-08_17-22-52.594617047,1525792972.596089414,15985985659,2018-05-08_17-23-22.624995146,1525793002.626513117,0.34,0.26,0.24,26857812354,20673762426989,69450937,47911797,41491998,54681490,26289174,14963826,1102367,1559249,206571,0,979682,11821213,6256,0,231791,0,195611,0,32805052,31191188,31622804,948,748052
2018-05-08_17-23-22.662659295,1525793002.664150424,15734943330,2018-05-08_17-23-52.701701570,1525793032.703240515,0.29,0.25,0.24,26885627144,20732986624091,69772068,47911797,41491998,54681490,26695316,14963826,1102367,1559249,206584,0,980553,11843239,6256,0,232034,0,195611,0,32805052,31191144,31623000,948,748052
2018-05-08_17-23-52.739392615,1525793032.740884067,15769981746,2018-05-08_17-24-22.778188964,1525793062.779740658,0.38,0.28,0.25,26912914126,20792323149687,70082215,47911797,41491998,54681490,26695316,14963826,1102367,1559249,206595,0,981500,11865258,6256,0,232271,0,195611,0,32805052,31192064,31623684,948,748056
2018-05-08_17-24-22.815813711,1525793062.817304024,15749866021,2018-05-08_17-24-52.854158954,1525793092.855723508,0.36,0.28,0.25,26941110612,20852080609685,70408916,47911797,41491998,54681490,26695316,14963826,1102367,1559249,206604,0,982438,11887271,6256,0,232527,0,195611,0,32805052,31192200,31623456,948,748056
2018-05-08_17-24-52.892014275,1525793092.893513769,15908938919,2018-05-08_17-25-22.929990327,1525793122.931534839,0.39,0.30,0.25,26966684378,20911941818401,70700588,47911797,41491998,54681490,26695316,14963826,1102367,1559249,206614,0,983387,11909314,6256,0,232736,0,195611,0,32805052,31193136,31625260,948,748060
2018-05-08_17-25-22.967594510,1525793122.969088051,15866373311,2018-05-08_17-25-53.005823721,1525793153.007360027,0.30,0.29,0.25,26993347168,20971646471045,70997298,47911797,41491998,54681490,26695316,14963826,1102367,1559249,206625,0,984356,11931340,6256,0,232972,0,195611,0,32805052,31204836,31635820,948,748052
2018-05-08_17-25-53.043469727,1525793153.044961199,15791739534,2018-05-08_17-26-23.081276060,1525793183.082818121,0.24,0.28,0.25,27020704486,21031537569437,71306424,47911797,41491998,54681490,26695316,14963826,1102367,1559249,206632,0,985348,11953350,6256,0,233221,0,195611,0,32805052,31204308,31635644,948,748052
2018-05-08_17-26-23.119373025,1525793183.120867110,15744194717,2018-05-08_17-26-53.158539923,1525793213.160076366,0.35,0.30,0.25,27048539948,21090802305869,71636341,47911797,41491998,54681490,26695316,14963826,1102367,1559249,206640,0,986270,11975377,6256,0,233465,0,195611,0,32805052,31203804,31635304,948,748052
2018-05-08_17-26-53.196225311,1525793213.197723474,15929889382,2018-05-08_17-27-23.234662526,1525793243.236169480,0.35,0.30,0.26,27074284210,21150739120443,71931521,47911797,41491998,54681490,27071044,14963826,1102367,1559249,206649,0,987193,11997414,6256,0,233711,0,195611,0,32805052,31204776,31636052,948,748056
2018-05-08_17-27-23.272209546,1525793243.273715221,15734515767,2018-05-08_17-27-53.309943304,1525793273.311476874,0.33,0.30,0.26,27102278456,21210376692783,72643292,47911797,41491998,54681490,27071044,14963826,1102367,1559249,206659,0,988066,12019430,6256,0,233967,0,195611,0,32805052,31204244,31636128,948,748056
2018-05-08_17-27-53.347525079,1525793273.349008359,16009359536,2018-05-08_17-28-23.384475621,1525793303.385979358,0.33,0.31,0.26,27127138558,21270684533039,72926828,47911797,41491998,54681490,27071044,14963826,1102367,1559249,206666,0,988940,12041487,6256,0,234170,0,195611,0,32805052,31204560,31636144,948,748056
2018-05-08_17-28-23.422092398,1525793303.423611467,15988623115,2018-05-08_17-28-53.460598464,1525793333.462146525,0.34,0.31,0.26,27152599428,21330846862523,73216090,47911797,41491998,54681490,27071044,14963826,1102367,1559249,206675,0,989829,12063528,6256,0,234379,0,195611,0,32805052,31204532,31636160,948,748056
2018-05-08_17-28-53.498226277,1525793333.499763486,15945541347,2018-05-08_17-29-23.535979080,1525793363.537515615,0.48,0.34,0.28,27177745802,21390846055715,73502647,47911797,41491998,54681490,27071044,14963826,1102367,1559249,206683,0,990764,12085548,6256,0,234598,0,195611,0,32805052,31204076,31635964,948,748056
2018-05-08_17-29-23.573508856,1525793363.574999174,15996578388,2018-05-08_17-29-53.610790388,1525793393.612337394,0.43,0.34,0.28,27202794256,21451540320041,73783774,47911797,41491998,54681490,27071044,14963826,1102367,1559249,206695,0,991700,12107582,6256,0,234809,0,195611,0,32805052,31203960,31635844,948,748056
2018-05-08_17-29-53.648481222,1525793393.649982222,16015101579,2018-05-08_17-30-23.686997079,1525793423.688536036,0.34,0.33,0.27,27227622934,21511803540535,74066986,47911797,41491998,54681490,27071044,14963826,1102367,1559249,206705,0,992619,12129614,6257,0,235029,0,195611,0,32805052,31204428,31635704,948,748068
2018-05-08_17-30-23.724643835,1525793423.726141268,15732726115,2018-05-08_17-30-53.762360074,1525793453.763880582,0.28,0.31,0.27,27255521244,21571005190433,74392587,47911797,41491998,54681490,27071044,14963826,1102367,1559249,206717,0,993546,12151609,6257,0,235280,0,195611,0,32805052,31191612,31623512,948,748076
2018-05-08_17-30-53.800072559,1525793453.801575811,15967682507,2018-05-08_17-31-23.838253612,1525793483.839777539,0.38,0.33,0.28,27280741986,21631571810089,74671463,47911797,41491998,54681490,27435795,14963826,1102367,1559249,206727,0,994497,12173640,6257,0,235487,0,195611,0,32805052,31192520,31623600,948,748080
2018-05-08_17-31-23.875839001,1525793483.877328217,15941735607,2018-05-08_17-31-53.914680470,1525793513.916198493,0.43,0.35,0.29,27305838632,21691570168785,75297337,47911797,41491998,54681490,27435795,14963826,1102367,1559249,206736,0,995466,12195710,6257,0,235683,0,195611,0,32805052,31192088,31623452,948,748080
2018-05-08_17-31-53.952356029,1525793513.953852607,15861698876,2018-05-08_17-32-23.990463714,1525793543.992014431,0.34,0.33,0.28,27332050414,21751252341545,75582624,47911797,41491998,54681490,27435795,14963826,1102367,1559249,206747,0,996454,12217750,6257,0,235911,0,195611,0,32805052,31192576,31623860,948,748084
2018-05-08_17-32-24.028051533,1525793544.029539239,16003716803,2018-05-08_17-32-54.067928257,1525793574.069464252,0.40,0.35,0.29,27357045748,21811915516347,75849486,47911797,41491998,54681490,27435795,14963826,1102367,1559249,206759,0,997443,12239802,6257,0,236119,0,195611,0,32805052,31192632,31623408,948,748084
2018-05-08_17-32-54.105760345,1525793574.107261887,16064584131,2018-05-08_17-33-24.144735297,1525793604.146363280,0.36,0.34,0.29,27382039930,21872414540681,76123074,47911797,41491998,54681490,27435795,14963826,1102367,1559249,206767,0,998404,12261857,6257,0,236328,0,195611,0,32805052,31192000,31623368,948,748084
2018-05-08_17-33-24.182416803,1525793604.183905287,15797842527,2018-05-08_17-33-54.221829643,1525793634.223381355,0.36,0.34,0.29,27408862144,21931858655949,76432336,47911797,41491998,54681490,27435795,14963826,1102367,1559249,206777,0,999327,12283895,6257,0,236582,0,195611,0,32805052,31202976,31634884,948,748084
2018-05-08_17-33-54.259616827,1525793634.261120439,15895206734,2018-05-08_17-34-24.297193974,1525793664.298726766,0.38,0.35,0.30,27435068038,21991663892229,76729115,47911797,41491998,54681490,27435795,14963826,1102367,1559249,206786,0,1000325,12305901,6257,0,236831,0,195611,0,32805052,31203696,31635064,948,748084
2018-05-08_17-34-24.334774462,1525793664.336258251,15969752497,2018-05-08_17-34-54.373112358,1525793694.374630909,0.31,0.33,0.30,27460783116,22052256566535,77011102,47911797,41491998,54681490,27435795,14963826,1102367,1559249,206796,0,1001353,12327959,6257,0,237062,0,195611,0,32805052,31203808,31635388,948,748084
2018-05-08_17-34-54.410663048,1525793694.412147601,15951777363,2018-05-08_17-35-24.448361019,1525793724.449877008,0.46,0.37,0.31,27486645202,22112277588871,77294527,47911797,41491998,54681490,27435795,14963826,1102367,1559249,206805,0,1002317,12350009,6257,0,237274,0,195611,0,32805052,31204480,31636048,948,748084
2018-05-08_17-35-24.485852257,1525793724.487343343,16018238125,2018-05-08_17-35-54.524607511,1525793754.526167702,0.56,0.40,0.32,27511550040,22172552175149,77575485,47911797,41491998,54681490,27435795,14963826,1102367,1559249,206815,0,1003292,12372031,6257,0,237497,0,195611,0,32805052,31203836,31634648,948,748084
2018-05-08_17-35-54.562267732,1525793754.563778118,15941884515,2018-05-08_17-36-24.592490916,1525793784.594019964,0.46,0.39,0.32,27537873950,22233038351049,77870325,47911797,41491998,54681490,27435795,14963826,1102367,1559249,206823,0,1004290,12394022,6257,0,237735,0,195611,0,32805052,31203372,31635008,948,748084
