StartTime,StartEpoch,EndTime,EndEpoch,CPULoad1m,CPULoad5m,CPULoad5m,NetDevRX,NetDevTX,IRQens2-0,IRQens2-1,IRQens2-2,IRQens2-3,IRQens2-4,IRQens2-5,IRQens2-6,IRQens2-7,user,nice,system,idle,iowait,irq,softirq,steal,guest,guest_nice,MemTotal,MemFree,MemAvailable,Buffers,Cached
2018-05-09_13-06-24.210428019,1525863984.211816341,2018-05-09_13-06-24.214816795,1525863984.216150550,0.29,1.16,1.47,843246514,691272708500,1519221,2238186,1578406,1985652,1536066,1994987,1394097,879035,755769,13,2854459,40783032,30870,0,6265,0,676182,0,32805052,13494200,13803120,912,634164
2018-05-09_13-06-54.250057798,1525864014.251490617,2018-05-09_13-06-54.254579142,1525864014.255942615,0.86,1.21,1.48,843246514,691272708500,1519221,2238186,1578406,1985652,1536066,1994987,1394097,879035,759148,13,2856175,40801906,30872,0,6266,0,679555,0,32805052,13494936,13803860,912,634168
2018-05-09_13-07-24.290161788,1525864044.291594133,2018-05-09_13-07-24.294684734,1525864044.296051441,1.16,1.25,1.49,843246514,691272708500,1519221,2238186,1578406,1985652,1536066,1994987,1394097,879035,762449,13,2857929,40820794,30874,0,6267,0,682847,0,32805052,13496736,13805660,912,634168
2018-05-09_13-07-54.330318072,1525864074.331740726,2018-05-09_13-07-54.334812386,1525864074.336166887,1.28,1.28,1.49,843246514,691272708500,1519221,2238186,1578406,1985652,1536066,1994987,1394097,879035,765609,13,2859924,40839559,30874,0,6267,0,685999,0,32805052,13496300,13805224,912,634168
2018-05-09_13-08-24.370356020,1525864104.371764323,2018-05-09_13-08-24.374836488,1525864104.376185019,1.49,1.33,1.50,843246514,691272708500,1519221,2238186,1578406,1985652,1536066,1994987,1394097,879035,768893,13,2861826,40858269,30875,0,6268,0,689273,0,32805052,13497228,13806152,912,634168
2018-05-09_13-08-54.410286276,1525864134.411711759,2018-05-09_13-08-54.414778846,1525864134.416132443,1.62,1.38,1.51,843246514,691272708500,1519221,2238186,1578406,1985652,1536066,1994987,1394097,879035,772158,13,2863807,40876968,30875,0,6269,0,692529,0,32805052,13497144,13806068,912,634168
2018-05-09_13-09-24.450774439,1525864164.452204982,2018-05-09_13-09-24.455315284,1525864164.456676146,1.62,1.40,1.51,843246514,691272708500,1519221,2238186,1578406,1985652,1536066,1994987,1394097,879035,775503,13,2865700,40895686,30875,0,6271,0,695866,0,32805052,13485120,13794048,912,634176
2018-05-09_13-09-54.490992358,1525864194.492441176,2018-05-09_13-09-54.495562438,1525864194.496914366,1.78,1.46,1.53,843246514,691272708500,1519221,2238186,1578406,1985652,1536066,1994987,1394097,879035,778744,13,2867695,40914380,30883,0,6272,0,699096,0,32805052,13483180,13792112,912,634180
2018-05-09_13-10-24.531417398,1525864224.532834626,2018-05-09_13-10-24.535930317,1525864224.537291026,1.71,1.48,1.53,843246514,691272708500,1519221,2238186,1578406,1985652,1536066,1994987,1394097,879035,782066,13,2869454,40933227,30886,0,6273,0,702408,0,32805052,13483596,13792804,912,634196
2018-05-09_13-10-54.571583237,1525864254.572995675,2018-05-09_13-10-54.576066028,1525864254.577431324,1.75,1.51,1.54,843246514,691272708500,1519221,2238186,1578406,1985652,1536066,1994987,1394097,879035,785492,13,2871306,40951904,30893,0,6274,0,705823,0,32805052,13483504,13792452,912,634196
2018-05-09_13-11-24.611650083,1525864284.613084421,2018-05-09_13-11-24.616218402,1525864284.617580732,1.64,1.51,1.54,843246514,691272708500,1519221,2238186,1578406,1985652,1536066,1994987,1394097,879035,788799,13,2872837,40971016,30894,0,6275,0,709118,0,32805052,13482420,13791372,912,634200
2018-05-09_13-11-54.651842229,1525864314.653256842,2018-05-09_13-11-54.656327294,1525864314.657689268,1.78,1.56,1.56,843246514,691272708500,1519221,2238186,1578406,1985652,1536066,1994987,1394097,879035,792225,13,2874603,40989873,30899,0,6277,0,712533,0,32805052,13483548,13792500,912,634204
2018-05-09_13-12-24.692013195,1525864344.693446436,2018-05-09_13-12-24.696560075,1525864344.697930340,1.87,1.60,1.57,843246514,691272708500,1519221,2238186,1578406,1985652,1536066,1994987,1394097,879035,795558,13,2876157,41008942,30901,0,6278,0,715859,0,32805052,13496376,13805324,912,634196
2018-05-09_13-12-54.732317263,1525864374.733954384,2018-05-09_13-12-54.737501212,1525864374.738947050,1.71,1.59,1.57,843246514,691272708500,1519221,2238186,1578406,1985652,1536066,1994987,1394097,879035,798923,13,2877829,41027889,30903,0,6279,0,719217,0,32805052,13495204,13804412,912,634196
2018-05-09_13-13-24.773448951,1525864404.774854265,2018-05-09_13-13-24.777926076,1525864404.779268309,1.63,1.58,1.57,843246514,691272708500,1519221,2238186,1578406,1985652,1536066,1994987,1394097,879035,802286,13,2879368,41046956,30907,0,6280,0,722571,0,32805052,13496504,13805716,912,634200
2018-05-09_13-13-54.813380869,1525864434.814789254,2018-05-09_13-13-54.817854413,1525864434.819198025,1.59,1.57,1.57,843246514,691272708500,1519221,2238186,1578406,1985652,1536066,1994987,1394097,879035,805576,13,2880962,41066054,30912,0,6280,0,725854,0,32805052,13496908,13805860,912,634200
2018-05-09_13-14-24.853365170,1525864464.854771687,2018-05-09_13-14-24.857837388,1525864464.859188893,1.73,1.61,1.58,843246514,691272708500,1519221,2238186,1578406,1985652,1536066,1994987,1394097,879035,808872,13,2882645,41085082,30914,0,6281,0,729141,0,32805052,13496708,13805660,912,634200
2018-05-09_13-14-54.893707359,1525864494.895136933,2018-05-09_13-14-54.898220258,1525864494.899580290,1.65,1.61,1.58,843246514,691272708500,1519221,2238186,1578406,1985652,1536066,1994987,1394097,879035,812282,13,2884257,41104057,30915,0,6282,0,732544,0,32805052,13497184,13806136,912,634200
2018-05-09_13-15-24.934087161,1525864524.935508485,2018-05-09_13-15-24.938586352,1525864524.939936893,1.67,1.61,1.58,843246514,691272708500,1519221,2238186,1578406,1985652,1536066,1994987,1394097,879035,815728,13,2885934,41122925,30916,0,6284,0,735982,0,32805052,13497164,13805852,912,634200
2018-05-09_13-15-54.974351344,1525864554.976075938,2018-05-09_13-15-54.979318843,1525864554.980766058,1.72,1.63,1.59,843246514,691272708500,1519221,2238186,1578406,1985652,1536066,1994987,1394097,879035,819139,13,2887572,41141889,30917,0,6285,0,739384,0,32805052,13496036,13805248,912,634200
2018-05-09_13-16-25.016079684,1525864585.017491160,2018-05-09_13-16-25.020558222,1525864585.021908413,1.83,1.67,1.60,843246514,691272708500,1519221,2238186,1578406,1985652,1536066,1994987,1394097,879035,822602,13,2889007,41160993,30919,0,6286,0,742839,0,32805052,13497072,13806024,912,634200
2018-05-09_13-16-55.056061356,1525864615.057560861,2018-05-09_13-16-55.060640943,1525864615.061979078,1.82,1.68,1.61,843246514,691272708500,1519221,2238186,1578406,1985652,1536066,1994987,1394097,879035,825988,13,2891138,41179500,30921,0,6286,0,746215,0,32805052,13497396,13806608,912,634200
2018-05-09_13-17-25.096111841,1525864645.097534299,2018-05-09_13-17-25.100626405,1525864645.101975381,1.81,1.70,1.62,843246514,691272708500,1519221,2238186,1578406,1985652,1536066,1994987,1394097,879035,829489,13,2892934,41198349,30925,0,6287,0,749706,0,32805052,13485024,13793984,912,634212
2018-05-09_13-17-55.136222184,1525864675.137642317,2018-05-09_13-17-55.140744745,1525864675.142093203,1.68,1.68,1.61,843246514,691272708500,1519221,2238186,1578406,1985652,1536066,1994987,1394097,879035,832912,13,2894824,41217055,30927,0,6288,0,753119,0,32805052,13483656,13792616,912,634212
2018-05-09_13-18-25.176376038,1525864705.177885047,2018-05-09_13-18-25.180976489,1525864705.182332282,1.67,1.68,1.61,843246514,691272708500,1519221,2238186,1578406,1985652,1536066,1994987,1394097,879035,836293,13,2896721,41235806,30929,0,6289,0,756491,0,32805052,13484300,13793260,912,634212
2018-05-09_13-18-55.216458947,1525864735.217861364,2018-05-09_13-18-55.220939323,1525864735.222284030,1.73,1.69,1.62,843246514,691272708500,1519221,2238186,1578406,1985652,1536066,1994987,1394097,879035,839634,13,2898667,41254569,30934,0,6291,0,759821,0,32805052,13484796,13793760,912,634216
2018-05-09_13-19-25.256657981,1525864765.258250229,2018-05-09_13-19-25.261640502,1525864765.262998767,1.77,1.71,1.63,843246514,691272708500,1519221,2238186,1578406,1985652,1536066,1994987,1394097,879035,842959,13,2900599,41273401,30936,0,6292,0,763137,0,32805052,13475812,13784780,912,642412
2018-05-09_13-19-55.297686806,1525864795.299177642,2018-05-09_13-19-55.302366938,1525864795.303858586,1.86,1.73,1.64,843246514,691272708500,1519221,2238186,1578406,1985652,1536066,1994987,1394097,879035,846539,13,2902124,41292586,30938,0,6293,0,766710,0,32805052,13475512,13784480,912,642412
2018-05-09_13-20-25.338562039,1525864825.340099668,2018-05-09_13-20-25.343217512,1525864825.344590058,1.70,1.71,1.63,843246514,691272708500,1519221,2238186,1578406,1985652,1536066,1994987,1394097,879035,849912,13,2904212,41311180,30940,0,6294,0,770072,0,32805052,13475424,13784396,912,642412
2018-05-09_13-20-55.382122628,1525864855.383792601,2018-05-09_13-20-55.387098226,1525864855.388530398,1.75,1.72,1.64,843246514,691272708500,1519221,2238186,1578406,1985652,1536066,1994987,1394097,879035,853339,13,2905912,41330172,30944,0,6295,0,773490,0,32805052,13441976,13750408,912,642416
2018-05-09_13-21-25.424236492,1525864885.425779162,2018-05-09_13-21-25.428892416,1525864885.430256492,1.65,1.70,1.64,843246514,691272708500,1519221,2238186,1578406,1985652,1536066,1994987,1394097,879035,856721,13,2907627,41349216,30949,0,6295,0,776863,0,32805052,13410032,13718744,912,642416
2018-05-09_13-21-55.464281201,1525864915.465699539,2018-05-09_13-21-55.468755523,1525864915.470092430,1.64,1.70,1.64,843246514,691272708500,1519221,2238186,1578406,1985652,1536066,1994987,1394097,879035,860220,13,2909239,41368198,30950,0,6296,0,780355,0,32805052,13410920,13719524,912,642416
2018-05-09_13-22-25.504312692,1525864945.505816594,2018-05-09_13-22-25.508887151,1525864945.510229997,1.72,1.71,1.64,843246514,691272708500,1519221,2238186,1578406,1985652,1536066,1994987,1394097,879035,863669,13,2910894,41387206,30953,0,6298,0,783796,0,32805052,13410888,13719864,912,642416
2018-05-09_13-22-55.544144830,1525864975.545562782,2018-05-09_13-22-55.548599555,1525864975.549935720,1.71,1.71,1.64,843246514,691272708500,1519221,2238186,1578406,1985652,1536066,1994987,1394097,879035,867026,13,2912805,41406021,30953,0,6298,0,787144,0,32805052,13411492,13720728,912,642416
2018-05-09_13-23-25.584190802,1525865005.585776508,2018-05-09_13-23-25.588842955,1525865005.590191050,1.77,1.72,1.65,843246514,691272708500,1519221,2238186,1578406,1985652,1536066,1994987,1394097,879035,870441,13,2914453,41425024,30954,0,6300,0,790552,0,32805052,13411216,13720192,912,642416
2018-05-09_13-23-55.624287373,1525865035.625786826,2018-05-09_13-23-55.628856578,1525865035.630192683,1.66,1.70,1.65,843246514,691272708500,1519221,2238186,1578406,1985652,1536066,1994987,1394097,879035,873872,13,2915936,41444168,30954,0,6300,0,793973,0,32805052,13411544,13720520,912,642416
2018-05-09_13-24-25.664328625,1525865065.665923989,2018-05-09_13-24-25.668982966,1525865065.670318632,1.61,1.68,1.64,843246514,691272708500,1519221,2238186,1578406,1985652,1536066,1994987,1394097,879035,877168,13,2917613,41463238,30955,0,6301,0,797262,0,32805052,13411052,13720028,912,642416
2018-05-09_13-24-55.704860121,1525865095.706573790,2018-05-09_13-24-55.709820771,1525865095.711259139,1.70,1.69,1.65,843246514,691272708500,1519221,2238186,1578406,1985652,1536066,1994987,1394097,879035,880506,13,2919514,41482001,30956,0,6303,0,800592,0,32805052,13410108,13718988,912,642416
2018-05-09_13-25-25.746779229,1525865125.748193991,2018-05-09_13-25-25.751284803,1525865125.752630190,1.68,1.69,1.65,843246514,691272708500,1519221,2238186,1578406,1985652,1536066,1994987,1394097,879035,883799,13,2921346,41500887,30959,0,6304,0,803876,0,32805052,13397612,13706592,912,642424
2018-05-09_13-25-55.787424235,1525865155.788843349,2018-05-09_13-25-55.791935745,1525865155.793283992,1.73,1.70,1.66,843246514,691272708500,1519221,2238186,1578406,1985652,1536066,1994987,1394097,879035,887107,13,2923206,41519682,30961,0,6304,0,807171,0,32805052,13397164,13706148,912,642428
2018-05-09_13-26-25.827393803,1525865185.828803536,2018-05-09_13-26-25.831853519,1525865185.833188505,1.64,1.68,1.65,843246514,691272708500,1519221,2238186,1578406,1985652,1536066,1994987,1394097,879035,890404,13,2924984,41538605,30963,0,6305,0,810460,0,32805052,13398392,13707376,912,642428
2018-05-09_13-26-55.867166185,1525865215.868582499,2018-05-09_13-26-55.871633976,1525865215.872962095,1.79,1.72,1.66,843246514,691272708500,1519221,2238186,1578406,1985652,1536066,1994987,1394097,879035,893699,13,2926709,41557557,30970,0,6306,0,813743,0,32805052,13397512,13706500,912,642432
2018-05-09_13-27-25.907393275,1525865245.908937190,2018-05-09_13-27-25.912055565,1525865245.913409691,1.67,1.69,1.66,843246514,691272708500,1519221,2238186,1578406,1985652,1536066,1994987,1394097,879035,897005,13,2928533,41576394,30971,0,6307,0,817040,0,32805052,13397944,13706936,912,642436
2018-05-09_13-27-55.947673069,1525865275.949267420,2018-05-09_13-27-55.952356435,1525865275.953709299,1.66,1.69,1.66,843246514,691272708500,1519221,2238186,1578406,1985652,1536066,1994987,1394097,879035,900274,13,2930403,41595220,30976,0,6308,0,820300,0,32805052,13398136,13707128,912,642436
2018-05-09_13-28-25.988157235,1525865305.989677028,2018-05-09_13-28-25.992765134,1525865305.994111910,1.53,1.66,1.65,843246514,691272708500,1519221,2238186,1578406,1985652,1536066,1994987,1394097,879035,903447,13,2932082,41614240,30978,0,6308,0,823465,0,32805052,13410380,13719372,912,642432
2018-05-09_13-28-56.028090740,1525865336.029503647,2018-05-09_13-28-56.032554958,1525865336.033895420,1.71,1.69,1.66,843246514,691272708500,1519221,2238186,1578406,1985652,1536066,1994987,1394097,879035,906760,13,2934013,41632956,30980,0,6309,0,826769,0,32805052,13411316,13720568,912,642432
2018-05-09_13-29-26.068272628,1525865366.069671567,2018-05-09_13-29-26.072707180,1525865366.074043701,1.70,1.69,1.66,843246514,691272708500,1519221,2238186,1578406,1985652,1536066,1994987,1394097,879035,910025,13,2935770,41651880,30984,0,6310,0,830027,0,32805052,13411156,13720408,912,642432
2018-05-09_13-29-56.108587240,1525865396.110087247,2018-05-09_13-29-56.113171643,1525865396.114513959,1.70,1.69,1.66,843246514,691272708500,1519221,2238186,1578406,1985652,1536066,1994987,1394097,879035,913277,13,2937305,41671009,30988,0,6310,0,833268,0,32805052,13411056,13720048,912,642432
2018-05-09_13-30-26.148726967,1525865426.150244600,2018-05-09_13-30-26.153341460,1525865426.154673517,1.66,1.68,1.66,843246514,691272708500,1519221,2238186,1578406,1985652,1536066,1994987,1394097,879035,916482,13,2939204,41689836,30988,0,6312,0,836464,0,32805052,13411320,13720320,912,642440
2018-05-09_13-30-56.188637888,1525865456.190043323,2018-05-09_13-30-56.193102638,1525865456.194454252,1.61,1.67,1.66,843246514,691272708500,1519221,2238186,1578406,1985652,1536066,1994987,1394097,879035,919681,13,2940793,41708919,30992,0,6312,0,839652,0,32805052,13411564,13720568,912,642444
2018-05-09_13-31-26.228399727,1525865486.229792293,2018-05-09_13-31-26.232837031,1525865486.234175922,1.42,1.62,1.64,843246514,691272708500,1519221,2238186,1578406,1985652,1536066,1994987,1394097,879035,922969,13,2942539,41727809,30996,0,6312,0,842932,0,32805052,13411592,13720592,912,642444
2018-05-09_13-31-56.268527211,1525865516.270113022,2018-05-09_13-31-56.273193198,1525865516.274543813,1.36,1.59,1.63,843246514,691272708500,1519221,2238186,1578406,1985652,1536066,1994987,1394097,879035,926258,13,2944323,41746678,30998,0,6313,0,846212,0,32805052,13411892,13720896,912,642444
2018-05-09_13-32-26.308558188,1525865546.309955463,2018-05-09_13-32-26.313004306,1525865546.314359240,1.27,1.55,1.62,843246514,691272708500,1519221,2238186,1578406,1985652,1536066,1994987,1394097,879035,929487,13,2945868,41765791,30998,0,6314,0,849432,0,32805052,13411580,13720584,912,642444
2018-05-09_13-32-56.348340445,1525865576.349743861,2018-05-09_13-32-56.352797740,1525865576.354145262,1.29,1.53,1.61,843246514,691272708500,1519221,2238186,1578406,1985652,1536066,1994987,1394097,879035,932535,13,2947655,41784762,31000,0,6314,0,852471,0,32805052,13411296,13720300,912,642444
2018-05-09_13-33-26.388759674,1525865606.390181656,2018-05-09_13-33-26.393263361,1525865606.394610695,1.50,1.56,1.62,843246514,691272708500,1519221,2238186,1578406,1985652,1536066,1994987,1394097,879035,935720,13,2949273,41803801,31001,0,6315,0,855647,0,32805052,13398868,13707876,912,642452
2018-05-09_13-33-56.428681597,1525865636.430104152,2018-05-09_13-33-56.433227199,1525865636.434577616,1.68,1.60,1.63,843246514,691272708500,1519221,2238186,1578406,1985652,1536066,1994987,1394097,879035,938898,13,2951555,41822261,31006,0,6316,0,858813,0,32805052,13397880,13706892,912,642456
2018-05-09_13-34-26.468636690,1525865666.470036133,2018-05-09_13-34-26.473105503,1525865666.474452116,1.65,1.60,1.63,843246514,691272708500,1519221,2238186,1578406,1985652,1536066,1994987,1394097,879035,942233,13,2953495,41840914,31009,0,6317,0,862140,0,32805052,13399236,13708252,912,642460
2018-05-09_13-34-56.508679095,1525865696.510263978,2018-05-09_13-34-56.513348151,1525865696.514686145,1.65,1.61,1.63,843246514,691272708500,1519221,2238186,1578406,1985652,1536066,1994987,1394097,879035,945474,13,2955402,41859665,31014,0,6317,0,865371,0,32805052,13398832,13708108,912,642460
2018-05-09_13-35-26.549027981,1525865726.550647078,2018-05-09_13-35-26.553760100,1525865726.555102556,1.71,1.63,1.64,843246514,691272708500,1519221,2238186,1578406,1985652,1536066,1994987,1394097,879035,948484,13,2957517,41878337,31018,0,6318,0,868369,0,32805052,13398752,13707772,912,642464
2018-05-09_13-35-56.589671564,1525865756.591179467,2018-05-09_13-35-56.594272331,1525865756.595622174,1.82,1.67,1.65,843246514,691272708500,1519221,2238186,1578406,1985652,1536066,1994987,1394097,879035,951862,13,2959297,41897095,31019,0,6318,0,871739,0,32805052,13398668,13707948,912,642464
2018-05-09_13-36-26.629850822,1525865786.631473235,2018-05-09_13-36-26.634583069,1525865786.635923318,1.74,1.66,1.65,843246514,691272708500,1519221,2238186,1578406,1985652,1536066,1994987,1394097,879035,955213,13,2961073,41915861,31022,0,6319,0,875080,0,32805052,13411620,13720896,912,642456
2018-05-09_13-36-56.670328247,1525865816.671837607,2018-05-09_13-36-56.674931824,1525865816.676268913,1.62,1.65,1.64,843246514,691272708500,1519221,2238186,1578406,1985652,1536066,1994987,1394097,879035,958426,13,2962871,41934706,31024,0,6319,0,878285,0,32805052,13411836,13720852,912,642456
2018-05-09_13-37-26.710669508,1525865846.712159680,2018-05-09_13-37-26.715227158,1525865846.716573089,1.55,1.63,1.64,843246514,691272708500,1519221,2238186,1578406,1985652,1536066,1994987,1394097,879035,961570,13,2965080,41953226,31029,0,6320,0,881421,0,32805052,13411568,13720584,912,642456
2018-05-09_13-37-56.750589353,1525865876.751983974,2018-05-09_13-37-56.755024343,1525865876.756363433,1.58,1.63,1.64,843246514,691272708500,1519221,2238186,1578406,1985652,1536066,1994987,1394097,879035,964655,13,2967073,41971931,31032,0,6320,0,884498,0,32805052,13411684,13720344,912,642456
2018-05-09_13-38-26.790507671,1525865906.792098376,2018-05-09_13-38-26.795170169,1525865906.796517712,1.67,1.65,1.65,843246514,691272708500,1519221,2238186,1578406,1985652,1536066,1994987,1394097,879035,967872,13,2969017,41990600,31035,0,6321,0,887706,0,32805052,13411528,13720544,912,642456
2018-05-09_13-38-56.830620572,1525865936.832214230,2018-05-09_13-38-56.835293263,1525865936.836644275,1.47,1.61,1.63,843246514,691272708500,1519221,2238186,1578406,1985652,1536066,1994987,1394097,879035,970735,13,2970529,42009748,31037,0,6321,0,890559,0,32805052,13410552,13719828,912,642456
2018-05-09_13-39-26.870769274,1525865966.872280692,2018-05-09_13-39-26.875357369,1525865966.876710528,1.68,1.64,1.64,843246514,691272708500,1519221,2238186,1578406,1985652,1536066,1994987,1394097,879035,973999,13,2972393,42028448,31039,0,6322,0,893814,0,32805052,13411388,13720404,912,642456
2018-05-09_13-39-56.910642188,1525865996.912047261,2018-05-09_13-39-56.915099852,1525865996.916436463,1.72,1.66,1.65,843246514,691272708500,1519221,2238186,1578406,1985652,1536066,1994987,1394097,879035,977180,13,2974278,42047168,31039,0,6322,0,896986,0,32805052,13411288,13720304,912,642456
2018-05-09_13-40-26.950863329,1525866026.952470935,2018-05-09_13-40-26.955585141,1525866026.956934857,1.76,1.68,1.66,843246514,691272708500,1519221,2238186,1578406,1985652,1536066,1994987,1394097,879035,980272,13,2976216,42065884,31040,0,6323,0,900067,0,32805052,13411244,13720528,912,642464
2018-05-09_13-40-56.991503771,1525866056.993007123,2018-05-09_13-40-56.996083013,1525866056.997423436,1.84,1.71,1.67,843246514,691272708500,1519221,2238186,1578406,1985652,1536066,1994987,1394097,879035,983547,13,2977923,42084676,31046,0,6323,0,903333,0,32805052,13411128,13720152,912,642464
2018-05-09_13-41-27.032946748,1525866087.034376164,2018-05-09_13-41-27.037462691,1525866087.038806018,1.68,1.69,1.66,843246514,691272708500,1519221,2238186,1578406,1985652,1536066,1994987,1394097,879035,986823,13,2979953,42103204,31054,0,6324,0,906600,0,32805052,13398180,13707216,912,642480
2018-05-09_13-41-57.073569551,1525866117.075282400,2018-05-09_13-41-57.078563127,1525866117.080003914,1.73,1.70,1.67,843246514,691272708500,1519221,2238186,1578406,1985652,1536066,1994987,1394097,879035,990000,13,2982109,42121701,31056,0,6324,0,909765,0,32805052,13397940,13706976,912,642480
2018-05-09_13-42-27.115763366,1525866147.117355611,2018-05-09_13-42-27.120450451,1525866147.121791856,1.84,1.73,1.68,843246514,691272708500,1519221,2238186,1578406,1985652,1536066,1994987,1394097,879035,993108,13,2984206,42140285,31061,0,6325,0,912865,0,32805052,13398352,13707388,912,642480
2018-05-09_13-42-57.156025586,1525866177.157626238,2018-05-09_13-42-57.160713186,1525866177.162048768,1.90,1.75,1.69,843246514,691272708500,1519221,2238186,1578406,1985652,1536066,1994987,1394097,879035,996349,13,2986356,42158769,31066,0,6325,0,916094,0,32805052,13398916,13708224,912,642484
2018-05-09_13-43-27.196760041,1525866207.198184532,2018-05-09_13-43-27.201276689,1525866207.202633057,1.94,1.78,1.70,843246514,691272708500,1519221,2238186,1578406,1985652,1536066,1994987,1394097,879035,999405,13,2988228,42177594,31069,0,6326,0,919139,0,32805052,13397804,13706848,912,642488
2018-05-09_13-43-57.237771006,1525866237.239178417,2018-05-09_13-43-57.242245763,1525866237.243590659,1.96,1.80,1.71,843246514,691272708500,1519221,2238186,1578406,1985652,1536066,1994987,1394097,879035,1002582,13,2990364,42196116,31070,0,6326,0,922308,0,32805052,13398628,13707672,912,642488
2018-05-09_13-44-27.277865733,1525866267.279480871,2018-05-09_13-44-27.282589310,1525866267.283932686,1.90,1.80,1.71,843246514,691272708500,1519221,2238186,1578406,1985652,1536066,1994987,1394097,879035,1005783,13,2992738,42214442,31077,0,6326,0,925498,0,32805052,13411860,13720900,912,642480
2018-05-09_13-44-57.318424307,1525866297.319833893,2018-05-09_13-44-57.322901939,1525866297.324238623,1.80,1.79,1.71,843246514,691272708500,1519221,2238186,1578406,1985652,1536066,1994987,1394097,879035,1008769,13,2994843,42233171,31079,0,6327,0,928476,0,32805052,13412488,13721528,912,642480
2018-05-09_13-45-27.358492670,1525866327.360092059,2018-05-09_13-45-27.363181962,1525866327.364532545,1.88,1.81,1.72,843246514,691272708500,1519221,2238186,1578406,1985652,1536066,1994987,1394097,879035,1011933,13,2996949,42251849,31080,0,6327,0,931632,0,32805052,13411988,13721028,912,642480
2018-05-09_13-45-57.398758529,1525866357.400357836,2018-05-09_13-45-57.403440120,1525866357.404792754,1.85,1.81,1.72,843246514,691272708500,1519221,2238186,1578406,1985652,1536066,1994987,1394097,879035,1015179,13,2998843,42270596,31081,0,6327,0,934869,0,32805052,13411784,13720452,912,642480
2018-05-09_13-46-27.440067985,1525866387.441777188,2018-05-09_13-46-27.445043304,1525866387.446488238,1.76,1.80,1.72,843246514,691272708500,1519221,2238186,1578406,1985652,1536066,1994987,1394097,879035,1018541,13,3000689,42289328,31082,0,6328,0,938221,0,32805052,13411228,13720272,912,642484
2018-05-09_13-46-57.481517448,1525866417.482924686,2018-05-09_13-46-57.485976328,1525866417.487330784,1.72,1.78,1.72,843246514,691272708500,1519221,2238186,1578406,1985652,1536066,1994987,1394097,879035,1021930,13,3002444,42308106,31084,0,6328,0,941601,0,32805052,13408892,13717940,912,642488
2018-05-09_13-47-27.521667898,1525866447.523267847,2018-05-09_13-47-27.526367136,1525866447.527722309,1.76,1.79,1.72,843246514,691272708500,1519221,2238186,1578406,1985652,1536066,1994987,1394097,879035,1025349,13,3004173,42326840,31084,0,6328,0,945009,0,32805052,13411276,13720324,912,642488
2018-05-09_13-47-57.561914243,1525866477.563572478,2018-05-09_13-47-57.566937823,1525866477.568287418,1.72,1.78,1.72,843246514,691272708500,1519221,2238186,1578406,1985652,1536066,1994987,1394097,879035,1028551,13,3006075,42345601,31085,0,6328,0,948194,0,32805052,13411332,13720380,912,642488
2018-05-09_13-48-27.602577436,1525866507.604191902,2018-05-09_13-48-27.607293719,1525866507.608660209,1.69,1.76,1.72,843246514,691272708500,1519221,2238186,1578406,1985652,1536066,1994987,1394097,879035,1031833,13,3007953,42364327,31087,0,6329,0,951463,0,32805052,13411360,13720420,912,642500
2018-05-09_13-48-57.643138130,1525866537.644638597,2018-05-09_13-48-57.647704181,1525866537.649050896,1.59,1.74,1.71,843246514,691272708500,1519221,2238186,1578406,1985652,1536066,1994987,1394097,879035,1035079,13,3009441,42383410,31088,0,6329,0,954698,0,32805052,13411916,13720980,912,642504
2018-05-09_13-49-27.683048000,1525866567.684740599,2018-05-09_13-49-27.687913498,1525866567.689253123,1.69,1.75,1.71,843246514,691272708500,1519221,2238186,1578406,1985652,1536066,1994987,1394097,879035,1038241,13,3011043,42402475,31091,0,6329,0,957850,0,32805052,13398776,13707848,912,642516
2018-05-09_13-49-57.724066733,1525866597.725763145,2018-05-09_13-49-57.729027087,1525866597.730450680,1.60,1.72,1.71,843246514,691272708500,1519221,2238186,1578406,1985652,1536066,1994987,1394097,879035,1041509,13,3012497,42421603,31098,0,6330,0,961105,0,32805052,13397276,13706356,912,642528
2018-05-09_13-50-27.766176232,1525866627.767708755,2018-05-09_13-50-27.770807198,1525866627.772153925,1.52,1.69,1.69,843246514,691272708500,1519221,2238186,1578406,1985652,1536066,1994987,1394097,879035,1044937,13,3013993,42440567,31103,0,6331,0,964524,0,32805052,13398444,13707544,912,642544
2018-05-09_13-50-57.806744977,1525866657.808342672,2018-05-09_13-50-57.811429266,1525866657.812766415,1.63,1.70,1.70,843246514,691272708500,1519221,2238186,1578406,1985652,1536066,1994987,1394097,879035,1048226,13,3015997,42459144,31110,0,6331,0,967802,0,32805052,13398324,13707432,912,642552
2018-05-09_13-51-27.847272247,1525866687.848870610,2018-05-09_13-51-27.851979282,1525866687.853331312,1.51,1.67,1.68,843246514,691272708500,1519221,2238186,1578406,1985652,1536066,1994987,1394097,879035,1051434,13,3017614,42478166,31111,0,6332,0,970997,0,32805052,13397732,13706848,912,642560
2018-05-09_13-51-57.888061356,1525866717.889576235,2018-05-09_13-51-57.892662216,1525866717.893997443,1.56,1.66,1.68,843246514,691272708500,1519221,2238186,1578406,1985652,1536066,1994987,1394097,879035,1054627,13,3019288,42497149,31119,0,6332,0,974181,0,32805052,13398496,13707612,912,642560
2018-05-09_13-52-27.928239062,1525866747.929762527,2018-05-09_13-52-27.932861488,1525866747.934198465,1.51,1.65,1.68,843246514,691272708500,1519221,2238186,1578406,1985652,1536066,1994987,1394097,879035,1057959,13,3021100,42515912,31122,0,6332,0,977505,0,32805052,13411088,13720468,912,642560
2018-05-09_13-52-57.968483459,1525866777.969875721,2018-05-09_13-52-57.972912482,1525866777.974245039,1.63,1.67,1.68,843246514,691272708500,1519221,2238186,1578406,1985652,1536066,1994987,1394097,879035,1061064,13,3023504,42534337,31123,0,6333,0,980600,0,32805052,13412212,13721332,912,642560
2018-05-09_13-53-28.009033448,1525866808.010542419,2018-05-09_13-53-28.013604983,1525866808.014939974,1.65,1.67,1.68,843246514,691272708500,1519221,2238186,1578406,1985652,1536066,1994987,1394097,879035,1064126,13,3025944,42552772,31126,0,6333,0,983653,0,32805052,13411956,13721076,912,642560
2018-05-09_13-53-58.049305080,1525866838.050710724,2018-05-09_13-53-58.053749683,1525866838.055086623,1.65,1.67,1.68,843246514,691272708500,1519221,2238186,1578406,1985652,1536066,1994987,1394097,879035,1067087,13,3028032,42571623,31129,0,6334,0,986604,0,32805052,13411596,13720456,912,642564
2018-05-09_13-54-28.089122745,1525866868.090715819,2018-05-09_13-54-28.094061042,1525866868.095411344,1.57,1.65,1.68,843246514,691272708500,1519221,2238186,1578406,1985652,1536066,1994987,1394097,879035,1070083,13,3030065,42590503,31132,0,6335,0,989592,0,32805052,13411264,13720652,912,642568
2018-05-09_13-54-58.129578755,1525866898.131076960,2018-05-09_13-54-58.134145511,1525866898.135497952,1.67,1.67,1.68,843246514,691272708500,1519221,2238186,1578406,1985652,1536066,1994987,1394097,879035,1073084,13,3032107,42609357,31132,0,6335,0,992582,0,32805052,13411480,13720608,912,642568
2018-05-09_13-55-28.169821059,1525866928.171219014,2018-05-09_13-55-28.174279042,1525866928.175626409,1.66,1.67,1.68,843246514,691272708500,1519221,2238186,1578406,1985652,1536066,1994987,1394097,879035,1076256,13,3034019,42628200,31133,0,6335,0,995746,0,32805052,13411712,13720844,912,642572
2018-05-09_13-55-58.209979935,1525866958.211572220,2018-05-09_13-55-58.214654358,1525866958.215996697,1.67,1.67,1.68,843246514,691272708500,1519221,2238186,1578406,1985652,1536066,1994987,1394097,879035,1079497,13,3035714,42647256,31134,0,6335,0,998978,0,32805052,13412028,13721168,912,642580
2018-05-09_13-56-28.250271369,1525866988.251676200,2018-05-09_13-56-28.254737592,1525866988.256067740,1.72,1.68,1.68,843246514,691272708500,1519221,2238186,1578406,1985652,1536066,1994987,1394097,879035,1082649,13,3037927,42665849,31137,0,6336,0,1002121,0,32805052,13411640,13721044,912,642584
2018-05-09_13-56-58.290566130,1525867018.292061523,2018-05-09_13-56-58.295145243,1525867018.296496753,1.70,1.68,1.68,843246514,691272708500,1519221,2238186,1578406,1985652,1536066,1994987,1394097,879035,1085868,13,3039973,42684548,31138,0,6336,0,1005332,0,32805052,13411920,13720824,912,642592
2018-05-09_13-57-28.330424141,1525867048.331827989,2018-05-09_13-57-28.335470211,1525867048.336828748,1.69,1.68,1.68,843246514,691272708500,1519221,2238186,1578406,1985652,1536066,1994987,1394097,879035,1089089,13,3042022,42703257,31142,0,6337,0,1008540,0,32805052,13398368,13707528,912,642608
