StartTime,StartEpoch,EndTime,EndEpoch,CPULoad1m,CPULoad5m,CPULoad5m,NetDevRX,NetDevTX,IRQens2-0,IRQens2-1,IRQens2-2,IRQens2-3,IRQens2-4,IRQens2-5,IRQens2-6,IRQens2-7,user,nice,system,idle,iowait,irq,softirq,steal,guest,guest_nice,MemTotal,MemFree,MemAvailable,Buffers,Cached
2018-05-07_17-27-52.899520362,1525706872.902956432,2018-05-07_17-27-52.909405871,1525706872.913519671,0.10,0.08,0.07,36149764154,23002632,1038666,4979,4975,146903,1657,1657,1658,290726,949,0,2660,907049,2578,0,28,0,0,0,32805052,31793252,31676264,948,155508
2018-05-07_17-28-22.989520112,1525706902.991676102,2018-05-07_17-28-22.996162577,1525706902.997908167,0.53,0.18,0.10,129947440828,83085858,1038667,161572,4975,2789419,1657,1657,1658,1006838,982,0,5505,925866,2578,0,60,0,0,0,32805052,31807296,31690096,948,155512
2018-05-07_17-28-53.048153357,1525706933.053173695,2018-05-07_17-28-53.065243503,1525706933.069365092,0.66,0.25,0.13,224123046514,141230664,1038667,3105245,164559,2789419,1657,1657,1658,1765321,1013,0,8379,944645,2578,0,74,0,0,0,32805052,31806228,31689756,948,155512
2018-05-07_17-29-23.194112144,1525706963.196154424,2018-05-07_17-29-23.202309918,1525706963.204149174,0.80,0.32,0.16,318486153544,199904070,1039997,3105245,3117787,2789419,157607,1657,1658,2524379,1048,0,11247,963389,2578,0,95,0,0,0,32805052,31807636,31690620,948,155512
2018-05-07_17-29-53.247173071,1525706993.251356233,2018-05-07_17-29-53.258062998,1525706993.262609336,0.88,0.38,0.18,410874016006,261190836,1065077,3105245,3117787,2790464,2947463,1657,1658,3413732,1081,0,14081,982206,2578,0,170,0,0,0,32805052,31806904,31690144,948,155512
2018-05-07_17-30-23.339884489,1525707023.341913827,2018-05-07_17-30-23.346419430,1525707023.348692996,0.85,0.43,0.20,502634205436,323491662,1065077,3106554,3117787,2811332,2947463,160997,1658,6582901,1117,0,16882,1001091,2578,0,190,0,0,0,32805052,31807536,31690776,948,155520
2018-05-07_17-30-53.404196656,1525707053.407040869,2018-05-07_17-30-53.418245192,1525707053.422916931,0.91,0.48,0.23,594743960396,384260148,1065077,3131517,3119111,2811332,2947463,3031420,164002,7337234,1148,0,19723,1019930,2578,0,203,0,0,0,32805052,31806912,31690464,948,155520
2018-05-07_17-31-23.514454487,1525707083.520970319,2018-05-07_17-31-23.535884663,1525707083.541197046,0.95,0.53,0.25,687093636456,445245654,1065077,3131517,3144429,2812111,2947463,3031420,3035612,8239449,1178,0,22565,1038789,2578,0,226,0,0,0,32805052,31806456,31689816,948,155520
2018-05-07_17-31-53.675734624,1525707113.679216468,2018-05-07_17-31-53.683602979,1525707113.687587290,1.02,0.59,0.28,781673505132,505447200,1066005,3131517,3144429,2826222,3119615,3031420,3035612,11499074,1210,0,25419,1057625,2578,0,242,0,0,0,32805052,31806404,31689400,948,155520
2018-05-07_17-32-23.772347217,1525707143.775756159,2018-05-07_17-32-23.780567997,1525707143.782522846,1.07,0.65,0.31,875683259906,564028626,1084377,3131517,3145472,2826222,5959371,3031420,3213522,12254409,1241,0,28276,1076391,2578,0,296,0,0,0,32805052,31806116,31689416,948,155520
2018-05-07_17-32-53.849446082,1525707173.853379176,2018-05-07_17-32-53.859944897,1525707173.861718763,1.12,0.70,0.34,970118597460,622634952,1084377,3132526,3162827,2826222,5959371,3207748,6170567,13013466,1273,0,31139,1095143,2578,0,317,0,0,0,32805052,31805852,31689152,948,155520
2018-05-07_17-33-23.908648864,1525707203.912785577,2018-05-07_17-33-23.921496567,1525707203.925919623,1.06,0.72,0.36,1063682954226,680607738,1084377,3150547,3162827,2979022,5959371,6145520,6170567,13764656,1312,0,33987,1113918,2578,0,337,0,0,0,32805052,31793324,31677148,948,155528
2018-05-07_17-33-54.013062110,1525707234.017379815,2018-05-07_17-33-54.026896322,1525707234.030544330,1.04,0.75,0.38,1156318977522,743914884,1251783,3150547,3162827,5567276,5959371,6145520,6170567,14474158,1343,0,36810,1132798,2578,0,364,0,0,0,32805052,31793796,31677596,948,155528
2018-05-07_17-34-24.113429855,1525707264.119214508,2018-05-07_17-34-24.131812931,1525707264.136612088,1.02,0.77,0.40,1248619485654,805350390,4050278,3150547,3337927,5567276,5959371,6145520,6170567,15229451,1380,0,39641,1151625,2578,0,429,0,0,0,32805052,31793512,31677532,948,155532
2018-05-07_17-34-54.216579239,1525707294.219810463,2018-05-07_17-34-54.224895779,1525707294.227984821,0.96,0.78,0.41,1340841128130,866779776,4050278,3325097,6188203,5567276,5959371,6145520,6170567,15985810,1414,0,42464,1170422,2578,0,448,0,0,0,32805052,31793696,31676884,948,155536
2018-05-07_17-35-24.277903409,1525707324.281002360,2018-05-07_17-35-24.285250972,1525707324.287354237,0.98,0.80,0.43,1433468508692,927247146,4050278,6159515,6188203,5567276,5959371,6321318,6170567,16740989,1450,0,45288,1189194,2578,0,460,0,0,0,32805052,31794136,31677256,948,155536
2018-05-07_17-35-54.338274279,1525707354.344165696,2018-05-07_17-35-54.355394572,1525707354.360140007,0.99,0.82,0.45,1528775994338,985916052,4050278,6173558,6189101,5567276,5959371,9212822,6356594,17505201,1484,0,48175,1207910,2578,0,487,0,0,0,32805052,31795020,31678328,948,155540
2018-05-07_17-36-24.464901080,1525707384.469285451,2018-05-07_17-36-24.477159865,1525707384.480257491,0.99,0.84,0.47,1623001024886,1045426878,4051373,6173558,6206315,5567276,6138454,9212822,9309846,18265781,1520,0,51026,1226661,2578,0,511,0,0,0,32805052,31807040,31690280,948,155532
2018-05-07_17-36-54.570882322,1525707414.577768154,2018-05-07_17-36-54.593138131,1525707414.599421220,1.12,0.89,0.50,1717339509402,1104805044,4069923,6173558,6206315,5568087,8982603,9212822,9309846,19188041,1551,0,53875,1245445,2578,0,562,0,0,0,32805052,31806204,31689348,948,155532
2018-05-07_17-37-24.673864571,1525707444.675842572,2018-05-07_17-37-24.679758407,1525707444.681696663,1.07,0.90,0.51,1811831086616,1165295070,4069923,6360870,6206315,5581131,8982603,9212822,9309846,22482398,1583,0,56727,1264272,2578,0,581,0,0,0,32805052,31806716,31689824,948,155532
2018-05-07_17-37-54.806607841,1525707474.812358650,2018-05-07_17-37-54.825038232,1525707474.830056769,1.04,0.91,0.53,1907237577534,1223869656,4069923,9302847,6400825,5581131,8982603,9212822,9309846,23246926,1615,0,59622,1282999,2578,0,598,0,0,0,32805052,31806860,31690032,948,155532
2018-05-07_17-38-24.924285998,1525707504.928379160,2018-05-07_17-38-24.937371259,1525707504.941244323,1.09,0.93,0.55,2002265813056,1283709942,4263461,9302847,9306583,5581131,8982603,9212822,9309846,24011835,1649,0,62499,1301741,2578,0,624,0,0,0,32805052,31805928,31689120,948,155532
2018-05-07_17-38-55.031525529,1525707535.035507859,2018-05-07_17-38-55.045883269,1525707535.049956104,1.05,0.94,0.56,2096773472716,1342186968,7126204,9302847,9306583,5762661,8982603,9212822,9309846,24767515,1680,0,65361,1320511,2578,0,673,0,0,0,32805052,31805644,31688848,948,155532
2018-05-07_17-39-25.157166780,1525707565.160119876,2018-05-07_17-39-25.165818046,1525707565.170131789,1.08,0.96,0.58,2191535814628,1403403534,7126204,9302847,9514601,8380450,8982603,9212822,9309846,25486700,1711,0,68222,1339332,2578,0,702,0,0,0,32805052,31804592,31687932,948,155532
2018-05-07_17-39-55.277352962,1525707595.281319413,2018-05-07_17-39-55.288254052,1525707595.292065612,1.05,0.96,0.60,2286321932184,1461745680,7126204,9512585,12445040,8380450,8982603,9212822,9309846,26247834,1742,0,71083,1358087,2578,0,726,0,0,0,32805052,31803588,31687096,948,155532
2018-05-07_17-40-25.367543013,1525707625.371275040,2018-05-07_17-40-25.381879816,1525707625.385414065,1.04,0.97,0.61,2380928166700,1519871586,7126204,12394411,12445040,8572163,8982603,9212822,9309846,27002236,1775,0,73941,1376834,2578,0,743,0,0,0,32805052,31804596,31688012,948,155540
2018-05-07_17-40-55.464658403,1525707655.469264338,2018-05-07_17-40-55.475597720,1525707655.479893589,1.11,0.98,0.62,2475594944436,1579983672,7340151,12394411,12445040,11196268,8982603,9212822,9309846,27719534,1811,0,76793,1395635,2579,0,777,0,0,0,32805052,31806000,31689832,948,155940
2018-05-07_17-41-25.568560458,1525707685.571021527,2018-05-07_17-41-25.575871004,1525707685.577926196,1.06,0.99,0.64,2569811232188,1637176698,10247529,12394411,12446759,11196268,8982603,9212822,9519281,28473959,1845,0,79655,1414383,2579,0,838,0,0,0,32805052,31793708,31677280,948,155952
2018-05-07_17-41-55.660589623,1525707715.664608811,2018-05-07_17-41-55.670650050,1525707715.673696535,0.96,0.97,0.64,2662262873472,1698374184,10247529,12396158,12470983,11196268,8982603,9420722,12317423,29229765,1876,0,82483,1433195,2579,0,858,0,0,0,32805052,31793288,31677112,948,155952
2018-05-07_17-42-25.730898660,1525707745.736141321,2018-05-07_17-42-25.742852462,1525707745.747903927,0.97,0.97,0.65,2754974285012,1759541190,10247529,12419548,12470983,11197582,8982603,12197477,12317423,30170621,1910,0,85323,1451981,2579,0,876,0,0,0,32805052,31792580,31676236,948,155956
2018-05-07_17-42-55.822152489,1525707775.826122834,2018-05-07_17-42-55.834457618,1525707775.837831588,0.98,0.97,0.67,2847319731220,1821877836,10249354,12419548,12470983,11216089,9190006,12197477,12317423,33349029,1943,0,88158,1470842,2579,0,913,0,0,0,32805052,31793132,31676768,948,155960
2018-05-07_17-43-25.907179655,1525707805.911209420,2018-05-07_17-43-25.918465686,1525707805.922542049,1.14,1.01,0.69,2939459391228,1883857182,10492848,12419548,12470983,11216089,11926348,12197477,12317423,34103607,1974,0,90980,1489666,2579,0,970,0,0,0,32805052,31792420,31675976,948,155960
2018-05-07_17-43-55.999074592,1525707836.004626535,2018-05-07_17-43-56.013043765,1525707836.015815269,1.16,1.03,0.70,3034634876554,1942243428,13408665,12419548,12470983,11415399,11926348,12197477,12317423,34863820,2010,0,93877,1508378,2579,0,1038,0,0,0,32805052,31792476,31676368,948,155964
2018-05-07_17-44-26.094144912,1525707866.097598934,2018-05-07_17-44-26.103517580,1525707866.106593240,1.10,1.02,0.71,3129729646664,2003646654,13408665,12638965,12470983,14038846,11926348,12197477,12317423,35584504,2044,0,96752,1527139,2579,0,1050,0,0,0,32805052,31804636,31688384,948,155956
2018-05-07_17-44-56.163026221,1525707896.166456980,2018-05-07_17-44-56.176569990,1525707896.181619961,1.06,1.02,0.72,3224254237720,2063216280,13408665,15502235,12689939,14038846,11926348,12197477,12317423,36346821,2076,0,99625,1545886,2579,0,1063,0,0,0,32805052,31802464,31685996,948,155956
2018-05-07_17-45-26.280665288,1525707926.284373464,2018-05-07_17-45-26.291941251,1525707926.295393946,1.17,1.05,0.74,3318705679304,2122982346,13409891,15502235,15533287,14038846,12148700,12197477,12317423,37108407,2108,0,102488,1564652,2579,0,1088,0,0,0,32805052,31803848,31687936,948,155956
2018-05-07_17-45-56.384475945,1525707956.388312702,2018-05-07_17-45-56.395435079,1525707956.400003742,1.10,1.04,0.75,3413351181728,2181947172,13426687,15502235,15533287,14039774,14998983,12197477,12317423,38065132,2142,0,105365,1583380,2579,0,1137,0,0,0,32805052,31802544,31686632,948,155956
2018-05-07_17-46-26.450317867,1525707986.454543803,2018-05-07_17-46-26.466210388,1525707986.470315589,1.20,1.07,0.77,3507963937410,2242946898,13426687,15503450,15533287,14052960,14998983,12424256,12317423,41303553,2175,0,108232,1602175,2579,0,1156,0,0,0,32805052,31803016,31686332,948,155956
2018-05-07_17-46-56.549273280,1525708016.555269245,2018-05-07_17-46-56.564610664,1525708016.568139834,1.00,1.03,0.77,3602711377608,2301553104,13426687,15519693,15534556,14052960,14998983,15274003,12543549,42064377,2209,0,111115,1620895,2579,0,1166,0,0,0,32805052,31803176,31687388,948,155956
2018-05-07_17-47-26.631012179,1525708046.636051901,2018-05-07_17-47-26.645974091,1525708046.649701894,1.13,1.06,0.78,3697404736548,2360974230,13426687,15519693,15551803,14053909,14998983,15274003,15379127,43027424,2243,0,113992,1639642,2579,0,1186,0,0,0,32805052,31803292,31687600,948,155956
2018-05-07_17-47-56.733636359,1525708076.739794897,2018-05-07_17-47-56.746527413,1525708076.750301934,1.13,1.07,0.79,3792385888972,2422078296,13427967,15519693,15551803,14066337,15226724,15274003,15379127,46275977,2279,0,116856,1658433,2579,0,1201,0,0,0,32805052,31804500,31688248,948,155956
2018-05-07_17-48-26.841198237,1525708106.843655469,2018-05-07_17-48-26.847982457,1525708106.850774803,1.08,1.07,0.80,3887308054290,2481570822,13444507,15519693,15552957,14066337,18042710,15274003,15613768,47039178,2308,0,119737,1677148,2579,0,1268,0,0,0,32805052,31804208,31688036,948,155956
2018-05-07_17-48-56.897694266,1525708136.901862180,2018-05-07_17-48-56.909195360,1525708136.910860651,1.05,1.06,0.81,3982328033814,2540218968,13444507,15520839,15568691,14066337,18042710,15501725,18501945,47801510,2337,0,122624,1695841,2579,0,1287,0,0,0,32805052,31804864,31688536,948,155956
2018-05-07_17-49-26.968509419,1525708166.973058432,2018-05-07_17-49-26.978958600,1525708166.983128744,1.03,1.05,0.81,4077565287790,2598317754,13444507,15535584,15568691,14273948,18042710,18368706,18501945,48560785,2374,0,125514,1714560,2579,0,1313,0,0,0,32805052,31789808,31673392,948,155968
2018-05-07_17-49-57.109511430,1525708197.113084187,2018-05-07_17-49-57.121095475,1525708197.124433578,1.07,1.06,0.82,4172342607856,2660499960,13676630,15535584,15568691,16844423,18042710,18368706,18501945,49283791,2409,0,128375,1733379,2579,0,1334,0,0,0,32805052,31791052,31674768,948,155968
2018-05-07_17-50-27.219263326,1525708227.222513500,2018-05-07_17-50-27.231260971,1525708227.234520207,1.04,1.06,0.83,4267103105798,2719320186,16513921,15535584,15809287,16844423,18042710,18368706,18501945,50045967,2447,0,131261,1752136,2579,0,1402,0,0,0,32805052,31792176,31676120,948,155980
2018-05-07_17-50-57.349139006,1525708257.352844828,2018-05-07_17-50-57.365620656,1525708257.369762343,1.03,1.05,0.84,4361866863182,2779091832,16513921,15780691,18670534,16844423,18042710,18368706,18501945,50807880,2485,0,134133,1770875,2579,0,1420,0,0,0,32805052,31792416,31675916,948,155980
2018-05-07_17-51-27.421095937,1525708287.424253546,2018-05-07_17-51-27.428597476,1525708287.430487834,1.15,1.08,0.85,4456336850890,2837302638,16513921,18649948,18670534,16844423,18042710,18610817,18501945,51566278,2518,0,137017,1789584,2579,0,1437,0,0,0,32805052,31792684,31676408,948,155980
2018-05-07_17-51-57.490749150,1525708317.493835753,2018-05-07_17-51-57.506173470,1525708317.508729181,1.17,1.09,0.86,4551323159478,2895175884,16513921,18665576,18671832,16844423,18042710,21456401,18748873,52328253,2558,0,139901,1808301,2579,0,1462,0,0,0,32805052,31792728,31676340,948,155984
2018-05-07_17-52-27.602643077,1525708347.605602614,2018-05-07_17-52-27.610144927,1525708347.612201073,1.18,1.10,0.87,4646419950074,2953477350,16515310,18665576,18687732,16844423,18284431,21456401,21592423,53090318,2593,0,142784,1827013,2579,0,1491,0,0,0,32805052,31805232,31689160,948,155976
2018-05-07_17-52-57.697126480,1525708377.702047800,2018-05-07_17-52-57.710553985,1525708377.715262500,1.03,1.07,0.87,4741271681622,3012514236,16532280,18665576,18687732,16845521,21075134,21456401,21592423,54064260,2627,0,145652,1845754,2579,0,1544,0,0,0,32805052,31804332,31688188,948,155976
2018-05-07_17-53-27.771047004,1525708407.775860867,2018-05-07_17-53-27.783208617,1525708407.785546726,1.02,1.06,0.87,4835628890188,3072981522,16532280,18907100,18687732,16858854,21075134,21456401,21592423,57262825,2661,0,148497,1864560,2579,0,1570,0,0,0,32805052,31804956,31688876,948,155976
2018-05-07_17-53-57.840570906,1525708437.845767668,2018-05-07_17-53-57.857442256,1525708437.861998075,1.07,1.07,0.88,4927814521560,3133936608,16532280,21700245,18935452,16858854,21075134,21456401,21592423,58018292,2694,0,151334,1883395,2579,0,1585,0,0,0,32805052,31805548,31689356,948,155976
2018-05-07_17-54-27.980714967,1525708467.984140393,2018-05-07_17-54-27.994469205,1525708467.998051257,1.15,1.10,0.89,5020634329804,3195374394,16779214,21700245,21772738,16858854,21075134,21456401,21592423,58776832,2727,0,154180,1902217,2579,0,1614,0,0,0,32805052,31805592,31689884,948,155976
2018-05-07_17-54-58.079431727,1525708498.085544844,2018-05-07_17-54-58.099604903,1525708498.105563534,1.09,1.09,0.90,5113339415656,3256716060,19566964,21700245,21772738,17084491,21075134,21456401,21592423,59531417,2758,0,157020,1921024,2579,0,1680,0,0,0,32805052,31804524,31689124,948,155976
2018-05-07_17-55-28.179133186,1525708528.183937826,2018-05-07_17-55-28.191654124,1525708528.195509524,1.06,1.08,0.90,5206347974374,3319615506,19826296,21700245,21772738,19601273,21075134,21456401,21592423,60247867,2794,0,159851,1939867,2579,0,1700,0,0,0,32805052,31806324,31689508,948,155976
2018-05-07_17-55-58.283427699,1525708558.285538078,2018-05-07_17-55-58.292870395,1525708558.297598870,1.03,1.07,0.90,5301225698522,3378517272,22684503,21700245,21772738,19838096,21075134,21456401,21592423,61006957,2828,0,162731,1958597,2579,0,1773,0,0,0,32805052,31804436,31688420,948,155976
2018-05-07_17-56-28.374589293,1525708588.376881251,2018-05-07_17-56-28.381352131,1525708588.383289751,1.02,1.07,0.91,5396233117146,3440060478,22684503,21961459,21772738,22393674,21075134,21456401,21592423,61730135,2866,0,165593,1977360,2579,0,1793,0,0,0,32805052,31806208,31690132,948,155980
2018-05-07_17-56-58.432705306,1525708618.437658437,2018-05-07_17-56-58.449388266,1525708618.454481954,1.01,1.06,0.91,5491585743492,3498084624,22684503,24811205,22039049,22393674,21075134,21456401,21592423,62493449,2898,0,168488,1996083,2579,0,1810,0,0,0,32805052,31806120,31689444,948,155980
2018-05-07_17-57-28.562563865,1525708648.566495573,2018-05-07_17-57-28.576497491,1525708648.580222548,1.01,1.05,0.91,5586812968388,3557097390,22686048,24811205,24924378,22393674,21339335,21456401,21592423,63256882,2934,0,171372,2014816,2579,0,1843,0,0,0,32805052,31793640,31677828,948,155992
2018-05-07_17-57-58.668605831,1525708678.673041744,2018-05-07_17-57-58.683748615,1525708678.687837161,1.06,1.07,0.92,5681540573732,3616534956,22702288,24811205,24924378,22394851,24148504,21456401,21592423,64255832,2965,0,174245,2033586,2579,0,1920,0,0,0,32805052,31793004,31676872,948,155992
2018-05-07_17-58-28.787801602,1525708708.792528069,2018-05-07_17-58-28.799512978,1525708708.801678007,1.04,1.06,0.92,5775775101892,3676937562,22702288,24812773,24924378,22408832,24148504,21727502,21592423,67462777,3003,0,177083,2052383,2579,0,1947,0,0,0,32805052,31793008,31675988,948,155992
2018-05-07_17-58-58.859849586,1525708738.866207582,2018-05-07_17-58-58.875476146,1525708738.878211500,1.08,1.07,0.93,5870728291882,3735030852,22702288,24827992,24925835,22408832,24148504,24555347,21863823,68224174,3043,0,179956,2071088,2579,0,1973,0,0,0,32805052,31793432,31678060,948,155996
2018-05-07_17-59-28.948575263,1525708768.951216648,2018-05-07_17-59-28.955873576,1525708768.958070390,1.05,1.06,0.93,5965478394488,3793882698,22702288,24827992,25214096,22408832,24148504,24555347,24649377,68985343,3076,0,182839,2089832,2579,0,1996,0,0,0,32805052,31792820,31676556,948,155996
2018-05-07_17-59-59.066299546,1525708799.070191622,2018-05-07_17-59-59.074884955,1525708799.077005206,1.09,1.07,0.94,6059957723588,3852864684,22702288,25102644,28027720,22408832,24148504,24555347,24649377,69744486,3113,0,185719,2108571,2579,0,2030,0,0,0,32805052,31792220,31676028,948,156000
2018-05-07_18-00-29.123634117,1525708829.127545263,2018-05-07_18-00-29.134763552,1525708829.138082628,1.06,1.07,0.95,6154664091988,3911009970,22702288,27937060,28027720,22655679,24148504,24555347,24649377,70500635,3188,0,188668,2127175,2580,0,2259,0,0,0,32805052,31801128,31685420,948,156024
2018-05-07_18-00-59.209517206,1525708859.213082086,2018-05-07_18-00-59.222234879,1525708859.225865124,1.09,1.08,0.95,6249180219166,3970452096,22975664,27937060,28027720,25198615,24148504,24555347,24649377,71221125,3316,0,191691,2145690,2580,0,2804,0,0,0,32805052,31800756,31684108,948,156024
2018-05-07_18-01-29.312648356,1525708889.317123484,2018-05-07_18-01-29.322923979,1525708889.327186405,1.34,1.13,0.98,6343697070030,4028348022,25782222,27937060,28029908,25198615,24148504,24555347,24920542,71979701,3446,0,194743,2164152,2583,0,3362,0,0,0,32805052,31800452,31684048,948,156040
2018-05-07_18-01-59.413903061,1525708919.416555830,2018-05-07_18-01-59.421154757,1525708919.422881498,1.41,1.17,0.99,6436350864272,4089201708,25782222,27939314,28052647,25198615,24148504,24823609,27626111,72735235,3568,0,197757,2182666,2583,0,3887,0,0,0,32805052,31801000,31685132,948,156040
2018-05-07_18-02-29.494739851,1525708949.498826223,2018-05-07_18-02-29.507119163,1525708949.510768951,1.25,1.15,0.99,6528922462960,4150351734,25782222,27961966,28052647,25200311,24148504,27504782,27626111,73728298,3697,0,200769,2201198,2583,0,4391,0,0,0,32805052,31801520,31685428,948,156040
2018-05-07_18-02-59.597982675,1525708979.601301845,2018-05-07_18-02-59.610474272,1525708979.614094708,1.21,1.15,1.00,6621519009094,4212937260,25784465,27961966,28052647,25217419,24420897,27504782,27626111,76822635,3821,0,203765,2219777,2583,0,4915,0,0,0,32805052,31800888,31685328,948,156040
2018-05-07_18-03-29.688783025,1525709009.690965778,2018-05-07_18-03-29.694853943,1525709009.696854220,1.31,1.19,1.01,6713488792266,4273624206,25809479,27963533,28052647,25217419,27101051,27786614,27626111,77572626,3950,0,206770,2238298,2583,0,5430,0,0,0,32805052,31800884,31684716,948,156044
2018-05-07_18-03-59.742865248,1525709039.746883127,2018-05-07_18-03-59.755529284,1525709039.759405258,1.20,1.17,1.01,6806838439134,4334681292,25809479,27984434,28054169,25217419,27101051,30557716,27907255,78313343,4074,0,209805,2256767,2583,0,5939,0,0,0,32805052,31799640,31683856,948,156044
2018-05-07_18-04-29.842212388,1525709069.845937776,2018-05-07_18-04-29.855194858,1525709069.859070658,1.19,1.17,1.02,6901575878878,4393361358,25811126,27984434,28070527,25217419,27377881,30557716,30684612,79073106,4197,0,212858,2275232,2583,0,6460,0,0,0,32805052,31799844,31684112,948,156044
2018-05-07_18-04-59.934607620,1525709099.938770023,2018-05-07_18-04-59.946965678,1525709099.951621220,1.17,1.17,1.02,6995637451102,4451685444,25829053,27984434,28070527,25218701,30099614,30557716,30684612,80072978,4326,0,215888,2293725,2583,0,6986,0,0,0,32805052,31800084,31684284,948,156044
2018-05-07_18-05-30.016834930,1525709130.020084230,2018-05-07_18-05-30.028216871,1525709130.030467861,1.08,1.15,1.02,7090179417276,4511402670,25829053,28257071,28070527,25231748,30099614,30557716,30684612,83236221,4457,0,218917,2312214,2583,0,7522,0,0,0,32805052,31786796,31671428,948,156052
2018-05-07_18-06-00.076531163,1525709160.079564926,2018-05-07_18-06-00.086817794,1525709160.090796416,1.05,1.14,1.02,7182439717860,4571770416,25829053,30958366,28341992,25231748,30099614,30557716,30684612,83986960,4585,0,221921,2330755,2583,0,8021,0,0,0,32805052,31787116,31671172,948,156052
2018-05-07_18-06-30.165040710,1525709190.167980556,2018-05-07_18-06-30.175254945,1525709190.178093553,1.15,1.16,1.04,7274877460044,4632566982,26101892,30958366,31021666,25231748,30099614,30557716,30684612,84740283,4719,0,224925,2349276,2583,0,8548,0,0,0,32805052,31786724,31670928,948,156056
2018-05-07_18-07-00.251806955,1525709220.253961003,2018-05-07_18-07-00.257849643,1525709220.259442489,1.01,1.12,1.03,7366385484512,4693453908,28794346,30958366,31021666,25482673,30099614,30557716,30684612,85485323,4853,0,227907,2367832,2583,0,9070,0,0,0,32805052,31788980,31672696,948,156056
2018-05-07_18-07-30.335546353,1525709250.339557037,2018-05-07_18-07-30.348994767,1525709250.351125053,1.07,1.13,1.04,7458586129910,4755903414,28794346,30958366,31021666,27971795,30099614,30557716,30684612,86449810,4983,0,230900,2386452,2583,0,9607,0,0,0,32805052,31787260,31671736,948,156060
2018-05-07_18-08-00.456415272,1525709280.460183828,2018-05-07_18-08-00.471274218,1525709280.475934505,1.25,1.18,1.05,7553279536198,4815938220,28796013,30958366,31021666,27984067,30383711,30557716,30684612,89608019,5116,0,233932,2404978,2583,0,10158,0,0,0,32805052,31788724,31672748,948,156060
2018-05-07_18-08-30.588030224,1525709310.591304693,2018-05-07_18-08-30.597013939,1525709310.599024960,1.15,1.16,1.05,7647662047962,4874480346,28813260,30958366,31022983,27984067,33086385,30557716,30977756,90365102,5242,0,236970,2423439,2583,0,10691,0,0,0,32805052,31800048,31683792,948,156052
2018-05-07_18-09-00.649466684,1525709340.651085425,2018-05-07_18-09-00.656800206,1525709340.658800384,1.28,1.19,1.06,7743250434250,4932730152,28813260,30959588,31036427,27984067,33086385,30846290,33776173,91129136,5370,0,240043,2441833,2583,0,11238,0,0,0,32805052,31799752,31683524,948,156052
2018-05-07_18-09-30.707840793,1525709370.712059266,2018-05-07_18-09-30.719343873,1525709370.722199421,1.23,1.19,1.07,7837429264748,4991416218,28813260,30975575,31036427,28246715,33086385,33609414,33776173,91883937,5495,0,243093,2460277,2583,0,11771,0,0,0,32805052,31800200,31683924,948,156052
2018-05-07_18-10-00.831387109,1525709400.833655106,2018-05-07_18-10-00.842000023,1525709400.845223033,1.21,1.19,1.07,7932160099040,5051308524,29101664,30975575,31036427,30804258,33086385,33609414,33776173,92606325,5616,0,246133,2478799,2583,0,12334,0,0,0,32805052,31801784,31685524,948,156052
2018-05-07_18-10-30.926775375,1525709430.928761491,2018-05-07_18-10-30.932515700,1525709430.934297686,1.33,1.22,1.08,8027056576872,5109699390,31853079,30975575,31334373,30804258,33086385,33609414,33776173,93366575,5745,0,249186,2497227,2584,0,12888,0,0,0,32805052,31799464,31683404,948,156068
2018-05-07_18-11-01.007820347,1525709461.011200996,2018-05-07_18-11-01.015426100,1525709461.018262037,1.13,1.18,1.07,8121999374882,5168289336,31853079,31269088,34150083,30804258,33086385,33609414,33776173,94128032,5875,0,252245,2515661,2584,0,13428,0,0,0,32805052,31800200,31683860,948,156068
2018-05-07_18-11-31.076974729,1525709491.080393527,2018-05-07_18-11-31.089187513,1525709491.093452678,1.22,1.20,1.08,8216292748216,5230046862,31853079,34024982,34150083,31075756,33086385,33609414,33776173,94869943,6009,0,255287,2534125,2584,0,13973,0,0,0,32805052,31800656,31685208,948,156068
2018-05-07_18-12-01.160989995,1525709521.164649744,2018-05-07_18-12-01.171967990,1525709521.174388215,1.39,1.24,1.10,8311626750736,5289424908,32151139,34024982,34150083,33645515,33086385,33609414,33776173,95592080,6131,0,258338,2552597,2584,0,14559,0,0,0,32805052,31784760,31668508,948,156068
2018-05-07_18-12-31.236517471,1525709551.239314106,2018-05-07_18-12-31.243112064,1525709551.245053825,1.37,1.25,1.11,8405376364558,5333213634,34948070,34024982,34448438,33645515,33086385,33609414,33776173,96300446,6251,0,261484,2571002,2584,0,15508,0,0,0,32805052,31799740,31683608,948,156068
2018-05-07_18-13-01.291302900,1525709581.294166571,2018-05-07_18-13-01.300881078,1525709581.304149107,1.36,1.26,1.12,8499982056964,5391996600,34948070,34318945,37262531,33645515,33086385,33609414,33776173,97061353,6382,0,264529,2589458,2584,0,16033,0,0,0,32805052,31799760,31683684,948,156068
2018-05-07_18-13-31.387984342,1525709611.390720529,2018-05-07_18-13-31.398990973,1525709611.402615260,1.27,1.25,1.12,8593873104608,5450660466,34948070,37111468,37262531,33646770,33086385,33609414,33776173,98073649,6515,0,267569,2607947,2584,0,16562,0,0,0,32805052,31787832,31671252,948,156076
2018-05-07_18-14-01.478301051,1525709641.481775230,2018-05-07_18-14-01.489519911,1525709641.492357067,1.22,1.24,1.12,8688313583090,5510287032,34949720,37111468,37262531,33659616,33375929,33609414,33776173,101227867,6642,0,270593,2626447,2584,0,17113,0,0,0,32805052,31786704,31670636,948,156076
2018-05-07_18-14-31.540337660,1525709671.544208576,2018-05-07_18-14-31.551421546,1525709671.555579228,1.13,1.22,1.12,8782152730998,5569032018,34967050,37111468,37264237,33659616,36079570,33609414,34065426,101983787,6774,0,273628,2644913,2584,0,17656,0,0,0,32805052,31787388,31670672,948,156076
2018-05-07_18-15-01.638929172,1525709701.643076068,2018-05-07_18-15-01.650185078,1525709701.652247449,1.20,1.23,1.13,8876121686324,5628452904,34967050,37113069,37281604,33659616,36079570,33899065,36785566,102741680,6903,0,276652,2663384,2584,0,18169,0,0,0,32805052,31789840,31673480,948,156080
2018-05-07_18-15-31.705342250,1525709731.707435147,2018-05-07_18-15-31.712258700,1525709731.713869410,1.12,1.21,1.12,8970140009692,5687530854,34967050,37425654,37281604,33659616,36079570,36608538,36785566,103499575,6934,0,279510,2682122,2584,0,18181,0,0,0,32805052,31790688,31674312,948,156080
2018-05-07_18-16-01.769587563,1525709761.773660085,2018-05-07_18-16-01.782233553,1525709761.785401039,1.07,1.19,1.12,9064085838984,5732384160,34967050,40258555,37577491,33659616,36079570,36608538,36785566,104213308,6965,0,282477,2700829,2584,0,18197,0,0,0,32805052,31790576,31674808,948,156084
2018-05-07_18-16-31.862937541,1525709791.865136730,2018-05-07_18-16-31.869760734,1525709791.871605644,1.12,1.18,1.12,9158357998344,5791357086,35263691,40258555,40394272,33659616,36079570,36608538,36785566,104973028,7000,0,285348,2719564,2584,0,18224,0,0,0,32805052,31801688,31684800,948,156076
2018-05-07_18-17-01.964761913,1525709821.969408436,2018-05-07_18-17-01.979626838,1525709821.984031214,1.10,1.17,1.12,9253180411010,5850659412,38073887,40258555,40394272,33934859,36079570,36608538,36785566,105729907,7030,0,288232,2738304,2584,0,18268,0,0,0,32805052,31802848,31686428,948,156076
2018-05-07_18-17-32.064373958,1525709852.066634766,2018-05-07_18-17-32.071159456,1525709852.073410347,1.05,1.15,1.12,9347734704712,5916103038,38073887,40260961,40394272,36472944,36079570,36897363,36785566,106439605,7063,0,291098,2757068,2584,0,18286,0,0,0,32805052,31803100,31687012,948,156080
