StartTime,StartEpoch,BW,EndTime,EndEpoch,CPULoad1m,CPULoad5m,CPULoad5m,NetDevRX,NetDevTX,IRQens2-0,IRQens2-1,IRQens2-2,IRQens2-3,IRQens2-4,IRQens2-5,IRQens2-6,IRQens2-7,user,nice,system,idle,iowait,irq,softirq,steal,guest,guest_nice,MemTotal,MemFree,MemAvailable,Buffers,Cached
2018-05-07_19-15-41.997658054,1525713341.999175134,12667872572,2018-05-07_19-16-12.091558979,1525713372.093069277,0.25,0.12,0.09,47602280,49101771922,612381,0,0,1,736897,0,0,0,911,0,3452,511032,3036,0,343,0,0,0,32805052,31871684,31754308,948,158868
2018-05-07_19-16-12.128664579,1525713372.130154637,8777518581,2018-05-07_19-16-42.169604019,1525713402.171114642,0.21,0.12,0.10,63358382,83614059416,674746,0,168363,1,736897,0,238672,0,920,0,4274,533795,3036,0,400,0,0,0,32805052,31868296,31750920,948,158868
2018-05-07_19-16-42.206995896,1525713402.208517339,12470367144,2018-05-07_19-17-12.248597603,1525713432.250114009,0.26,0.14,0.10,110404522,132110348038,959332,1079701,168363,1,736897,0,238672,0,930,0,5603,555784,3036,0,540,0,0,0,32805052,31882180,31764804,948,158864
2018-05-07_19-17-12.285863695,1525713432.287355263,8822891131,2018-05-07_19-17-42.328666727,1525713462.330196209,0.48,0.21,0.13,125898228,166460852846,1020982,1079701,168363,404608,736897,0,238672,0,967,0,6496,578456,3036,0,613,0,0,0,32805052,31879664,31762308,948,158864
2018-05-07_19-17-42.365656542,1525713462.367151573,12395246599,2018-05-07_19-18-12.410658764,1525713492.412202397,0.50,0.23,0.14,172723192,214994284500,2318018,1079701,168363,404608,736897,0,238672,0,1083,0,7968,600148,3036,0,967,0,0,0,32805052,31879400,31762564,948,158864
2018-05-07_19-18-12.447627952,1525713492.449105632,12381597816,2018-05-07_19-18-42.487662073,1525713522.489157829,0.38,0.23,0.14,219276088,263148148512,2600969,1079701,1225874,404608,736897,0,238672,0,1193,0,9469,621863,3036,0,1251,0,0,0,32805052,31879796,31762960,948,158864
2018-05-07_19-18-42.524710308,1525713522.526200321,12351379596,2018-05-07_19-19-12.571571697,1525713552.573108100,0.36,0.24,0.15,265706420,311183544580,3213718,1079701,1225874,404608,1451622,0,238672,0,1200,0,10758,643852,3036,0,1599,0,0,0,32805052,31881504,31764144,948,158864
2018-05-07_19-19-12.608673427,1525713552.610148499,12216725911,2018-05-07_19-19-42.655612931,1525713582.657111432,0.55,0.30,0.17,312099454,359089402772,3491859,1079701,1583404,404608,1451622,0,951963,0,1208,0,12056,665894,3036,0,1735,0,0,0,32805052,31881760,31764140,948,158864
2018-05-07_19-19-42.692744528,1525713582.694217595,8658507791,2018-05-07_19-20-12.738616767,1525713612.740146951,0.41,0.28,0.17,327268100,392764798742,3554214,1248353,1583404,404608,1451622,233660,951963,0,1216,0,12890,688656,3036,0,1795,0,0,0,32805052,31880940,31763852,948,158872
2018-05-07_19-20-12.775640035,1525713612.777109460,12351138532,2018-05-07_19-20-42.821570579,1525713642.823062240,0.38,0.29,0.17,373615970,440763420984,3835486,1248353,1583404,756906,1451622,233660,951963,717274,1226,0,14212,710660,3036,0,1939,0,0,0,32805052,31881960,31764068,948,158872
2018-05-07_19-20-42.858512923,1525713642.859977515,8708423325,2018-05-07_19-21-12.900662008,1525713672.902173200,0.46,0.31,0.18,389208552,474982900890,3895871,1248353,1583404,1158732,1451622,233660,951963,717274,1234,0,15047,733436,3036,0,1989,0,0,0,32805052,31881972,31764676,948,158872
2018-05-07_19-21-12.937673529,1525713672.939147031,12455812607,2018-05-07_19-21-42.983633717,1525713702.985139767,0.38,0.31,0.19,436072736,523439416360,4176195,2306484,1583404,1158732,1451622,233660,951963,717274,1242,0,16358,755437,3036,0,2133,0,0,0,32805052,31882284,31764988,948,158872
2018-05-07_19-21-43.020575273,1525713703.022059928,12461965650,2018-05-07_19-22-13.065644293,1525713733.067172772,0.23,0.28,0.18,482955686,571904385472,4462229,2306484,2638570,1158732,1451622,233660,951963,717274,1252,0,17696,777412,3036,0,2281,0,0,0,32805052,31869452,31752436,948,158880
2018-05-07_19-22-13.102691615,1525713733.104167748,12281716013,2018-05-07_19-22-43.144542499,1525713763.146037005,0.53,0.35,0.21,529503342,620048637070,5748285,2306484,2638570,1158732,1451622,233660,951963,717274,1261,0,19018,799397,3036,0,2600,0,0,0,32805052,31869408,31751852,948,158880
2018-05-07_19-22-43.181493500,1525713763.182972014,12434108272,2018-05-07_19-23-13.222602170,1525713793.224166276,0.46,0.35,0.21,576289108,668431646484,6030773,2306484,2638570,1509472,1451622,233660,951963,1439644,1273,0,20345,821376,3036,0,2744,0,0,0,32805052,31869660,31752336,948,158888
2018-05-07_19-23-13.259735457,1525713793.261223738,12502390757,2018-05-07_19-23-43.302638800,1525713823.304174809,0.49,0.36,0.22,623274050,717053346704,6317950,2653321,2638570,1509472,1451622,960010,951963,1439644,1285,0,21704,843337,3036,0,2889,0,0,0,32805052,31870284,31752716,948,158892
2018-05-07_19-23-43.339732899,1525713823.341214799,8655339981,2018-05-07_19-24-13.379575045,1525713853.381081319,0.44,0.36,0.23,638899404,751033071980,6378446,2653321,2810622,1509472,1451622,960010,1187080,1439644,1291,0,22528,866115,3036,0,2937,0,0,0,32805052,31869816,31752524,948,158892
2018-05-07_19-24-13.416524436,1525713853.418008489,12400969334,2018-05-07_19-24-43.462659245,1525713883.464182972,0.59,0.40,0.24,685556006,799313262642,6985488,2653321,2810622,1509472,2166333,960010,1187080,1439644,1301,0,23848,888076,3036,0,3282,0,0,0,32805052,31871036,31754024,948,158892
2018-05-07_19-24-43.499800546,1525713883.501284350,12402033163,2018-05-07_19-25-13.541590273,1525713913.543123118,0.43,0.38,0.24,732171030,847543576662,7266566,3713228,2810622,1509472,2166333,960010,1187080,1439644,1310,0,25187,910058,3036,0,3423,0,0,0,32805052,31883616,31766604,948,158888
2018-05-07_19-25-13.578742445,1525713913.580216340,12473953124,2018-05-07_19-25-43.619533519,1525713943.621035389,0.53,0.41,0.25,779084690,896058529260,7554012,3713228,2810622,2567008,2166333,960010,1187080,1439644,1318,0,26538,932031,3036,0,3567,0,0,0,32805052,31883604,31766056,948,158888
2018-05-07_19-25-43.656563095,1525713943.658055173,12438276054,2018-05-07_19-26-13.696627109,1525713973.698136533,0.61,0.43,0.27,826215344,944833230624,8848372,3713228,2810622,2567008,2166333,960010,1187080,1439644,1328,0,27843,953998,3036,0,3918,0,0,0,32805052,31883284,31766236,948,158888
2018-05-07_19-26-13.733620004,1525713973.735100597,8749977525,2018-05-07_19-26-43.777564187,1525714003.779078867,0.70,0.47,0.28,841575990,978875362668,8909348,3713228,3213811,2567008,2166333,960010,1187080,1439644,1332,0,28677,976772,3036,0,3969,0,0,0,32805052,31883372,31765820,948,158888
2018-05-07_19-26-43.814673758,1525714003.816151189,12425775686,2018-05-07_19-27-13.858611254,1525714033.860141210,0.51,0.44,0.28,888215692,1027148107610,9194174,4062018,3213811,2567008,2166333,1681215,1187080,1439644,1339,0,30003,998754,3036,0,4126,0,0,0,32805052,31883624,31766092,948,158888
2018-05-07_19-27-13.895674674,1525714033.897161766,8807797170,2018-05-07_19-27-43.936597992,1525714063.938091076,0.51,0.45,0.29,902251740,1061777918816,9253648,4062018,3213811,2726486,2166333,1681215,1187080,1651330,1345,0,30837,1021523,3036,0,4183,0,0,0,32805052,31883656,31766580,948,158888
2018-05-07_19-27-43.973611133,1525714063.975094680,12321645927,2018-05-07_19-28-14.017658613,1525714094.019202949,0.45,0.44,0.29,948566518,1109689923898,9858599,4062018,3213811,2726486,2876373,1681215,1187080,1651330,1353,0,32131,1043504,3036,0,4528,0,0,0,32805052,31883920,31766368,948,158888
2018-05-07_19-28-14.054817838,1525714094.056294071,12473651359,2018-05-07_19-28-44.098556006,1525714124.100077658,0.27,0.40,0.28,995478736,1158198052036,10145239,4062018,3562248,2726486,2876373,1681215,1912633,1651330,1362,0,33472,1065480,3036,0,4674,0,0,0,32805052,31882336,31764784,948,158888
2018-05-07_19-28-44.135673165,1525714124.137210082,12503820746,2018-05-07_19-29-14.180631033,1525714154.182178791,0.58,0.46,0.31,1042865070,1207232770244,10433890,4062018,3910920,2726486,2876373,1681215,2639584,1651330,1371,0,34825,1087453,3036,0,4803,0,0,0,32805052,31880736,31763448,948,158888
2018-05-07_19-29-14.217751530,1525714154.219270171,8824922538,2018-05-07_19-29-44.258599973,1525714184.260149934,0.50,0.45,0.31,1058286900,1241558191126,10664887,4062018,3910920,2726486,3112344,1681215,2639584,1651330,1377,0,35631,1110225,3036,0,4909,0,0,0,32805052,31881160,31763592,948,158888
2018-05-07_19-29-44.295742688,1525714184.297206389,12375959394,2018-05-07_19-30-14.337663612,1525714214.339221180,0.50,0.45,0.31,1104651184,1289648583102,10944464,4062018,3910920,3076894,3112344,1681215,2639584,2366306,1389,0,36950,1132217,3036,0,5061,0,0,0,32805052,31868780,31751520,948,158908
2018-05-07_19-30-14.374828932,1525714214.376314926,12421020056,2018-05-07_19-30-44.420595711,1525714244.422138267,0.59,0.47,0.33,1151768862,1338357653346,11225070,4414983,3910920,3076894,3112344,2401692,2639584,2366306,1400,0,38283,1154212,3036,0,5207,0,0,0,32805052,31868856,31750780,948,158908
2018-05-07_19-30-44.457772985,1525714244.459247205,12382657802,2018-05-07_19-31-14.499598690,1525714274.501121815,0.63,0.49,0.34,1198285818,1386513709556,11508337,4414983,4966594,3076894,3112344,2401692,2639584,2366306,1411,0,39616,1176201,3036,0,5343,0,0,0,32805052,31869296,31751752,948,158912
2018-05-07_19-31-14.536804581,1525714274.538393567,12444429624,2018-05-07_19-31-44.581740229,1525714304.583287261,0.67,0.52,0.35,1245060560,1434910333536,12801583,4414983,4966594,3076894,3112344,2401692,2639584,2366306,1422,0,40934,1198173,3036,0,5680,0,0,0,32805052,31869940,31753208,948,158916
2018-05-07_19-31-44.618822438,1525714304.620290207,12452934989,2018-05-07_19-32-14.658616614,1525714334.660182022,0.69,0.54,0.36,1292287402,1483741951332,13083499,4414983,4966594,4120476,3112344,2401692,2639584,2366306,1430,0,42272,1220161,3036,0,5820,0,0,0,32805052,31869780,31752232,948,158916
2018-05-07_19-32-14.695802327,1525714334.697299281,8749241745,2018-05-07_19-32-44.738656449,1525714364.740181276,0.61,0.53,0.37,1305462768,1517767782502,13141638,4768640,4966594,4120476,3112344,2401692,2639584,2366306,1439,0,43099,1242941,3036,0,5876,0,0,0,32805052,31870444,31752608,948,158916
2018-05-07_19-32-44.775771617,1525714364.777243687,12367309470,2018-05-07_19-33-14.819606144,1525714394.821149043,0.44,0.50,0.36,1351854716,1565831707414,13743983,4768640,4966594,4120476,3819835,2401692,2639584,2366306,1448,0,44436,1264911,3036,0,6194,0,0,0,32805052,31882180,31764672,948,158912
2018-05-07_19-33-14.856893259,1525714394.858367589,12379639697,2018-05-07_19-33-44.900586901,1525714424.902110222,0.56,0.53,0.37,1398694766,1614364332972,14024897,4768640,5318416,4120476,3819835,2401692,3355327,2366306,1457,0,45768,1286906,3036,0,6321,0,0,0,32805052,31882396,31764592,948,158912
2018-05-07_19-33-44.937721694,1525714424.939195772,8837118951,2018-05-07_19-34-14.979573134,1525714454.981069164,0.57,0.53,0.38,1413717236,1648742705292,14088959,4939373,5318416,4120476,3819835,2633380,3355327,2366306,1464,0,46609,1309650,3036,0,6382,0,0,0,32805052,31882188,31764580,948,158912
2018-05-07_19-34-15.016529937,1525714455.017992078,12535080748,2018-05-07_19-34-45.060562646,1525714485.062069525,0.53,0.53,0.38,1460771394,1697463260606,14375982,4939373,5318416,4465716,3819835,2633380,3355327,3092249,1472,0,47965,1331613,3036,0,6526,0,0,0,32805052,31881964,31764456,948,158912
2018-05-07_19-34-45.097609562,1525714485.099110385,8829354785,2018-05-07_19-35-15.142617518,1525714515.144153450,0.52,0.52,0.39,1476449544,1732137845708,14839760,4939373,5318416,4465716,3819835,2633380,3355327,3092249,1479,0,48777,1354380,3036,0,6635,0,0,0,32805052,31880876,31763592,948,158912
2018-05-07_19-35-15.179754857,1525714515.181279736,12350583464,2018-05-07_19-35-45.220606688,1525714545.222176524,0.50,0.52,0.39,1522854406,1780198436360,15120922,4939373,6367811,4465716,3819835,2633380,3355327,3092249,1488,0,50108,1376376,3036,0,6769,0,0,0,32805052,31881788,31764264,948,158912
2018-05-07_19-35-45.257748801,1525714545.259221459,12433737485,2018-05-07_19-36-15.301591048,1525714575.303094807,0.48,0.52,0.40,1569633396,1828554092604,15404775,5996749,6367811,4465716,3819835,2633380,3355327,3092249,1496,0,51443,1398349,3036,0,6920,0,0,0,32805052,31883224,31765700,948,158912
2018-05-07_19-36-15.338771984,1525714575.340275402,12578531339,2018-05-07_19-36-45.379573492,1525714605.381100592,0.64,0.55,0.41,1617278646,1877827253928,15695787,5996749,6367811,5522940,3819835,2633380,3355327,3092249,1506,0,52803,1420299,3036,0,7076,0,0,0,32805052,31883072,31765548,948,158912
2018-05-07_19-36-45.416715873,1525714605.418196983,12382163943,2018-05-07_19-37-15.461634833,1525714635.463129306,0.44,0.51,0.40,1663837808,1926033385866,15974237,6345620,6367811,5522940,3819835,3351487,3355327,3092249,1514,0,54130,1442286,3036,0,7223,0,0,0,32805052,31881412,31763888,948,158916
2018-05-07_19-37-15.498668564,1525714635.500147268,12405475435,2018-05-07_19-37-45.543587757,1525714665.545121210,0.78,0.59,0.43,1710500164,1974279001194,16255435,6345620,6367811,5873197,3819835,3351487,3355327,3813813,1524,0,55455,1464272,3036,0,7373,0,0,0,32805052,31882528,31764988,948,158916
2018-05-07_19-37-45.580658851,1525714665.582136902,12475042356,2018-05-07_19-38-15.620665167,1525714695.622188860,0.87,0.63,0.45,1757377332,2022794316204,16856867,6345620,6367811,5873197,4539547,3351487,3355327,3813813,1534,0,56800,1486212,3036,0,7720,0,0,0,32805052,31869696,31752716,948,158924
2018-05-07_19-38-15.657840077,1525714695.659309091,8701000414,2018-05-07_19-38-45.701029531,1525714725.702538031,0.84,0.65,0.46,1772947844,2057014921054,16916092,6345620,6539160,5873197,4539547,3351487,3588564,3813813,1540,0,57626,1508990,3036,0,7771,0,0,0,32805052,31869896,31752636,948,158924
2018-05-07_19-38-45.738085430,1525714725.739586234,12366985792,2018-05-07_19-39-15.777606663,1525714755.779135462,0.83,0.66,0.47,1819394100,2105097541296,17195903,7395251,6539160,5873197,4539547,3351487,3588564,3813813,1552,0,58964,1530968,3036,0,7916,0,0,0,32805052,31869704,31752152,948,158928
2018-05-07_19-39-15.814794050,1525714755.816271870,8797040788,2018-05-07_19-39-45.860654758,1525714785.862176267,0.62,0.63,0.47,1834985402,2139360473002,17259520,7395251,6539160,6279639,4539547,3351487,3588564,3813813,1560,0,59800,1553729,3036,0,7972,0,0,0,32805052,31870612,31752800,948,158928
2018-05-07_19-39-45.898104425,1525714785.899594937,12524953394,2018-05-07_19-40-15.939669916,1525714815.941194687,0.49,0.60,0.47,1882268820,2188384851606,18555886,7395251,6539160,6279639,4539547,3351487,3588564,3813813,1573,0,61149,1575670,3036,0,8309,0,0,0,32805052,31869692,31752188,948,158940
2018-05-07_19-40-15.976790765,1525714815.978267035,12382314802,2018-05-07_19-40-46.017560648,1525714846.019066577,0.73,0.64,0.48,1928780780,2236540261534,18838493,7395251,7596161,6279639,4539547,3351487,3588564,3813813,1584,0,62452,1597665,3036,0,8465,0,0,0,32805052,31869552,31751800,948,158940
2018-05-07_19-40-46.054790243,1525714846.056324794,8764000794,2018-05-07_19-41-16.097656545,1525714876.099211424,0.51,0.60,0.47,1944227644,2270668303286,18900625,7395251,7596161,6451571,4539547,3351487,3588564,4048858,1591,0,63286,1620429,3036,0,8523,0,0,0,32805052,31882068,31765364,948,158936
2018-05-07_19-41-16.134822282,1525714876.136310799,12401574565,2018-05-07_19-41-46.175583073,1525714906.177111883,0.50,0.59,0.48,1991133150,2319217819324,19184146,7747063,7596161,6451571,4539547,4070679,3588564,4048858,1600,0,64590,1642412,3036,0,8692,0,0,0,32805052,31882336,31764568,948,158936
2018-05-07_19-41-46.212815276,1525714906.214288919,12511943461,2018-05-07_19-42-16.253635499,1525714936.255185831,0.55,0.59,0.48,2038306182,2367877046102,19470558,7747063,7946689,6451571,4539547,4070679,4315416,4048858,1608,0,65923,1664374,3036,0,8850,0,0,0,32805052,31882476,31765232,948,158936
2018-05-07_19-42-16.290732830,1525714936.292236663,12513218232,2018-05-07_19-42-46.337574512,1525714966.339080023,0.79,0.65,0.51,2085534028,2416541315468,20081419,7747063,7946689,6451571,5260507,4070679,4315416,4048858,1617,0,67232,1686342,3036,0,9200,0,0,0,32805052,31882516,31765012,948,158936
2018-05-07_19-42-46.374599240,1525714966.376091185,12785771824,2018-05-07_19-43-16.414594214,1525714996.416108151,0.62,0.62,0.50,2134132004,2466675212370,20378067,7747063,7946689,7514070,5260507,4070679,4315416,4048858,1626,0,68616,1708269,3036,0,9354,0,0,0,32805052,31883336,31766092,948,158936
2018-05-07_19-43-16.451597957,1525714996.453081892,12699096563,2018-05-07_19-43-46.497608878,1525715026.499141996,0.64,0.62,0.50,2182030886,2516062439408,20674302,8807906,7946689,7514070,5260507,4070679,4315416,4048858,1635,0,70005,1730200,3036,0,9504,0,0,0,32805052,31883556,31765788,948,158936
2018-05-07_19-43-46.534810892,1525715026.536289742,8705770809,2018-05-07_19-44-16.576600036,1525715056.578111093,0.52,0.60,0.50,2197482476,2549960750620,20735675,8807906,8337542,7514070,5260507,4070679,4315416,4048858,1642,0,70835,1752964,3036,0,9562,0,0,0,32805052,31882740,31766040,948,158940
2018-05-07_19-44-16.613753833,1525715056.615227565,12518795669,2018-05-07_19-44-46.656550336,1525715086.658055470,0.70,0.63,0.51,2244886866,2598967866182,22035351,8807906,8337542,7514070,5260507,4070679,4315416,4048858,1651,0,72143,1774932,3036,0,9906,0,0,0,32805052,31882832,31765328,948,158940
2018-05-07_19-44-46.693256385,1525715086.694752308,12456937324,2018-05-07_19-45-16.735667646,1525715116.737172365,0.68,0.64,0.52,2291823372,2647422974646,23343140,8807906,8337542,7514070,5260507,4070679,4315416,4048858,1660,0,73430,1796914,3036,0,10260,0,0,0,32805052,31883496,31766208,948,158940
2018-05-07_19-45-16.772659483,1525715116.774142411,12350435225,2018-05-07_19-45-46.814581863,1525715146.816104958,0.69,0.64,0.52,2338479986,2695455701208,23623343,8807906,9387291,7514070,5260507,4070679,4315416,4048858,1669,0,74753,1818901,3036,0,10398,0,0,0,32805052,31883052,31766352,948,158940
2018-05-07_19-45-46.851754734,1525715146.853240466,8905617970,2018-05-07_19-46-16.893692784,1525715176.895232998,0.70,0.64,0.53,2353134392,2730427298438,23686680,9191885,9387291,7514070,5260507,4070679,4315416,4048858,1677,0,75604,1841639,3036,0,10459,0,0,0,32805052,31871868,31754332,948,158948
2018-05-07_19-46-16.930919542,1525715176.932392215,12468821185,2018-05-07_19-46-46.977595537,1525715206.979141077,0.57,0.61,0.52,2400171218,2778948702510,23971678,9191885,9387291,8567320,5260507,4070679,4315416,4048858,1688,0,76942,1863613,3036,0,10605,0,0,0,32805052,31870580,31753092,948,158948
2018-05-07_19-46-47.014759940,1525715207.016229761,8719290699,2018-05-07_19-47-17.056558495,1525715237.058089867,0.54,0.60,0.52,2415580632,2812884880600,24200201,9191885,9387291,8567320,5496008,4070679,4315416,4048858,1695,0,77745,1886371,3036,0,10712,0,0,0,32805052,31871032,31753256,948,158952
2018-05-07_19-47-17.093637366,1525715237.095109244,12529595532,2018-05-07_19-47-47.136649058,1525715267.138157892,0.48,0.58,0.51,2463026948,2861911439344,24486198,9191885,9737127,8567320,5496008,4070679,5043940,4048858,1706,0,79102,1908324,3036,0,10858,0,0,0,32805052,31871548,31754052,948,158952
2018-05-07_19-47-47.173839717,1525715267.175318146,12508343259,2018-05-07_19-48-17.216677997,1525715297.218237548,0.29,0.52,0.49,2510287884,2910598023010,24771076,9541660,9737127,8567320,5496008,4797253,5043940,4048858,1717,0,80435,1930280,3036,0,11017,0,0,0,32805052,31870592,31753356,948,158952
2018-05-07_19-48-17.253846905,1525715297.255334958,12572977417,2018-05-07_19-48-47.297567966,1525715327.299081905,0.33,0.51,0.49,2557704510,2959494354380,25061621,9541660,9737127,8915095,5496008,4797253,5043940,4778335,1725,0,81792,1952237,3036,0,11166,0,0,0,32805052,31869616,31752884,948,158956
2018-05-07_19-48-47.334642156,1525715327.336101894,12574069575,2018-05-07_19-49-17.374637934,1525715357.376190151,0.58,0.55,0.51,2605133842,3008395992376,25348980,9541660,10787639,8915095,5496008,4797253,5043940,4778335,1734,0,83138,1974189,3036,0,11322,0,0,0,32805052,31881996,31764744,948,158948
2018-05-07_19-49-17.411642188,1525715357.413117315,8794881986,2018-05-07_19-49-47.451568713,1525715387.453069609,0.47,0.53,0.50,2620946722,3042987806930,25799591,9541660,10787639,8915095,5496008,4797253,5043940,4778335,1741,0,83944,1996951,3036,0,11438,0,0,0,32805052,31881896,31764936,948,158948
2018-05-07_19-49-47.488484121,1525715387.489954610,12638286996,2018-05-07_19-50-17.530629872,1525715417.532175628,0.42,0.51,0.50,2668554750,3092123641558,26093909,9541660,10787639,9975217,5496008,4797253,5043940,4778335,1750,0,85315,2018890,3036,0,11595,0,0,0,32805052,31882512,31765284,948,158956
2018-05-07_19-50-17.567687144,1525715417.569184063,12581579279,2018-05-07_19-50-47.609580987,1525715447.611077861,0.45,0.51,0.50,2716001124,3141055811172,26383456,10605123,10787639,9975217,5496008,4797253,5043940,4778335,1760,0,86676,2040840,3036,0,11742,0,0,0,32805052,31882652,31765448,948,158956
2018-05-07_19-50-47.646562812,1525715447.648019286,12462828047,2018-05-07_19-51-17.689588038,1525715477.691094419,0.61,0.54,0.51,2763378224,3189931353086,26668019,10605123,11137225,9975217,5496008,4797253,5768836,4778335,1768,0,88036,2062808,3036,0,11875,0,0,0,32805052,31881776,31764568,948,158960
2018-05-07_19-51-17.726840846,1525715477.728339531,12472759381,2018-05-07_19-51-47.768632488,1525715507.770150745,0.70,0.57,0.52,2810399970,3238437755818,27277345,10605123,11137225,9975217,6216649,4797253,5768836,4778335,1778,0,89379,2084753,3036,0,12203,0,0,0,32805052,31883800,31767372,948,158960
2018-05-07_19-51-47.805640387,1525715507.807118177,12508342338,2018-05-07_19-52-17.849626110,1525715537.851142641,0.60,0.56,0.52,2857544874,3287082806654,27563251,10605123,11137225,10325194,6216649,4797253,5768836,5506798,1786,0,90732,2106716,3036,0,12352,0,0,0,32805052,31883460,31766252,948,158960
2018-05-07_19-52-17.886805055,1525715537.888292251,8821786893,2018-05-07_19-52-47.926575247,1525715567.928094498,0.62,0.57,0.52,2873388592,3321763443386,27625513,10778166,11137225,10325194,6216649,5035222,5768836,5506798,1792,0,91569,2129469,3036,0,12409,0,0,0,32805052,31883724,31766216,948,158960
2018-05-07_19-52-47.963742653,1525715567.965230011,8825533077,2018-05-07_19-53-18.009592652,1525715598.011137882,0.61,0.58,0.52,2888889270,3356088990218,27852111,10778166,11137225,10325194,6455068,5035222,5768836,5506798,1799,0,92380,2152227,3036,0,12518,0,0,0,32805052,31882764,31765532,948,158960
2018-05-07_19-53-18.046664628,1525715598.048125911,12616641786,2018-05-07_19-53-48.091578551,1525715628.093080750,0.55,0.57,0.52,2936369388,3405112019592,28144237,10778166,11483057,10325194,6455068,5035222,6502234,5506798,1807,0,93757,2174170,3036,0,12665,0,0,0,32805052,31882712,31766024,948,158960
2018-05-07_19-53-48.128644456,1525715628.130127310,12593868551,2018-05-07_19-54-18.170610104,1525715658.172146833,0.58,0.58,0.53,2984247718,3454499742308,28433097,11129612,11483057,10325194,6455068,5766723,6502234,5506798,1817,0,95103,2196121,3036,0,12817,0,0,0,32805052,31870644,31753156,948,158972
2018-05-07_19-54-18.207777085,1525715658.209246704,12678496586,2018-05-07_19-54-48.248570526,1525715688.250076260,0.35,0.52,0.51,3032083356,3503809489282,28727622,11129612,11483057,10672066,6455068,5766723,6502234,6245341,1829,0,96474,2218052,3036,0,12967,0,0,0,32805052,31869740,31752272,948,158972
2018-05-07_19-54-48.285607467,1525715688.287097377,12452677230,2018-05-07_19-55-18.326581921,1525715718.328079986,0.51,0.54,0.51,3079021284,3552238459656,30033410,11129612,11483057,10672066,6455068,5766723,6502234,6245341,1838,0,97777,2240030,3036,0,13311,0,0,0,32805052,31869588,31752104,948,158972
2018-05-07_19-55-18.363547133,1525715718.365021311,12431599941,2018-05-07_19-55-48.404584549,1525715748.406105525,0.45,0.53,0.51,3126273292,3600977741756,30321396,11129612,12542674,10672066,6455068,5766723,6502234,6245341,1850,0,99108,2262003,3036,0,13461,0,0,0,32805052,31869752,31752548,948,158976
2018-05-07_19-55-48.441676861,1525715748.443151136,8741533886,2018-05-07_19-56-18.481646844,1525715778.483171588,0.57,0.54,0.51,3141542034,3634978239120,30382795,11531087,12542674,10672066,6455068,5766723,6502234,6245341,1859,0,99936,2284766,3036,0,13520,0,0,0,32805052,31868992,31752032,948,158980
2018-05-07_19-56-18.518739291,1525715778.520200855,12434877915,2018-05-07_19-56-48.562572012,1525715808.564071050,0.56,0.54,0.51,3188350118,3683309073994,30666807,11531087,12542674,11729636,6455068,5766723,6502234,6245341,1868,0,101273,2306753,3036,0,13663,0,0,0,32805052,31869192,31752184,948,158980
2018-05-07_19-56-48.599699895,1525715808.601173058,12343160263,2018-05-07_19-57-18.642623154,1525715838.644172612,0.45,0.52,0.50,3235293208,3731683646790,30948937,11531087,12896365,11729636,6455068,5766723,7220315,6245341,1875,0,102609,2328748,3036,0,13803,0,0,0,32805052,31882532,31765000,948,158972
2018-05-07_19-57-18.679831454,1525715838.681308818,12417976050,2018-05-07_19-57-48.726572915,1525715868.728094417,0.59,0.55,0.51,3282129738,3780009154538,31557673,11531087,12896365,11729636,7170253,5766723,7220315,6245341,1884,0,103950,2350702,3036,0,14139,0,0,0,32805052,31881612,31764588,948,158976
2018-05-07_19-57-48.763622359,1525715868.765097186,12440276551,2018-05-07_19-58-18.809544970,1525715898.811044509,0.63,0.56,0.52,3329036522,3828389203096,31841575,11531087,12896365,12082724,7170253,5766723,7220315,6970125,1893,0,105278,2372685,3036,0,14289,0,0,0,32805052,31881820,31764860,948,158976
2018-05-07_19-58-18.846578131,1525715898.848050745,8810068108,2018-05-07_19-58-48.888595688,1525715928.890130835,0.46,0.52,0.50,3343339572,3862982113864,31902363,11693397,12896365,12082724,7170253,5983219,7220315,6970125,1899,0,106112,2395446,3036,0,14350,0,0,0,32805052,31883448,31766244,948,158976
2018-05-07_19-58-48.925680294,1525715928.927145439,12557545935,2018-05-07_19-59-18.977585627,1525715958.979134780,0.58,0.54,0.51,3390720388,3911857495570,32193348,11693397,13953734,12082724,7170253,5983219,7220315,6970125,1910,0,107462,2417413,3036,0,14498,0,0,0,32805052,31882588,31765644,948,158976
2018-05-07_19-59-19.014701137,1525715959.016200825,8776340154,2018-05-07_19-59-49.061596379,1525715989.063106079,0.41,0.50,0.50,3406139018,3946009135204,32655584,11693397,13953734,12082724,7170253,5983219,7220315,6970125,1917,0,108265,2440198,3036,0,14598,0,0,0,32805052,31882052,31764852,948,158976
2018-05-07_19-59-49.098558847,1525715989.100037373,12567737051,2018-05-07_20-00-19.141648945,1525716019.143199240,0.58,0.54,0.51,3453743536,3995189473226,32942705,11693397,13953734,13139243,7170253,5983219,7220315,6970125,1927,0,109626,2462158,3036,0,14747,0,0,0,32805052,31883504,31765796,948,158984
2018-05-07_20-00-19.178657116,1525716019.180148933,12629098393,2018-05-07_20-00-49.222592220,1525716049.224120892,0.46,0.52,0.50,3501423886,4044338362100,33233458,12752483,13953734,13139243,7170253,5983219,7220315,6970125,1935,0,110984,2484101,3036,0,14910,0,0,0,32805052,31882764,31765288,948,158984
2018-05-07_20-00-49.259575722,1525716049.261063506,12499544891,2018-05-07_20-01-19.305576006,1525716079.307093934,0.49,0.51,0.50,3548546958,4092951002178,33519286,13813039,13953734,13139243,7170253,5983219,7220315,6970125,1947,0,112328,2506066,3039,0,15062,0,0,0,32805052,31882504,31765000,948,158996
2018-05-07_20-01-19.342653230,1525716079.344125639,8704753170,2018-05-07_20-01-49.382550111,1525716109.384077505,0.42,0.50,0.50,3564327764,4127124156616,33582075,13813039,13953734,13546381,7170253,5983219,7220315,6970125,1963,0,113160,2528825,3039,0,15118,0,0,0,32805052,31882188,31765456,948,158996
2018-05-07_20-01-49.419647011,1525716109.421121015,12342364998,2018-05-07_20-02-19.467686674,1525716139.469226686,0.37,0.48,0.49,3610943528,4175171492092,34874210,13813039,13953734,13546381,7170253,5983219,7220315,6970125,1976,0,114483,2550798,3039,0,15451,0,0,0,32805052,31870696,31754032,948,159008
2018-05-07_20-02-19.504911547,1525716139.506405439,12434962015,2018-05-07_20-02-49.546359050,1525716169.547888324,0.50,0.50,0.50,3657796386,4223530486512,35161251,13813039,15011131,13546381,7170253,5983219,7220315,6970125,1989,0,115822,2572768,3039,0,15604,0,0,0,32805052,31869652,31752464,948,159008
2018-05-07_20-02-49.583562949,1525716169.585031475,12417019233,2018-05-07_20-03-19.627553696,1525716199.629070023,0.70,0.55,0.51,3704584896,4271824653334,35444670,14166032,15011131,13546381,7170253,6704978,7220315,6970125,1997,0,117151,2594744,3039,0,15750,0,0,0,32805052,31869392,31752208,948,159008
2018-05-07_20-03-19.664600805,1525716199.666090024,12583093037,2018-05-07_20-03-49.706643748,1525716229.708166223,0.48,0.51,0.50,3752428816,4321166651956,35734812,14166032,15011131,13893403,7170253,6704978,7220315,7700886,2009,0,118516,2616686,3039,0,15909,0,0,0,32805052,31870240,31752796,948,159012
2018-05-07_20-03-49.743793461,1525716229.745267133,12488606470,2018-05-07_20-04-19.784660293,1525716259.786167350,0.51,0.51,0.50,3799595130,4369735972922,36345329,14166032,15011131,13893403,7891190,6704978,7220315,7700886,2018,0,119842,2638638,3039,0,16242,0,0,0,32805052,31869320,31751880,948,159016
2018-05-07_20-04-19.821827621,1525716259.823304577,8744217622,2018-05-07_20-04-49.867603700,1525716289.869125828,0.37,0.48,0.49,3815154816,4403799021998,36407515,14166032,15183868,13893403,7891190,6704978,7456651,7700886,2024,0,120678,2661405,3039,0,16295,0,0,0,32805052,31869388,31752192,948,159020
2018-05-07_20-04-49.904646521,1525716289.906121757,12592383634,2018-05-07_20-05-19.948608416,1525716319.950148253,0.28,0.45,0.48,3862813722,4453081552832,36698161,14166032,15183868,14955455,7891190,6704978,7456651,7700886,2034,0,122040,2683357,3039,0,16449,0,0,0,32805052,31882088,31765436,948,159012
2018-05-07_20-05-19.985679225,1525716319.987142983,12380508177,2018-05-07_20-05-50.026592606,1525716350.028119271,0.57,0.50,0.50,3909454358,4501230149586,36977765,15223249,15183868,14955455,7891190,6704978,7456651,7700886,2041,0,123382,2705343,3039,0,16593,0,0,0,32805052,31882852,31764804,948,159012
2018-05-07_20-05-50.063680106,1525716350.065152703,8715439660,2018-05-07_20-06-20.108736214,1525716380.110259087,0.56,0.50,0.50,3924969820,4535175146048,37038877,15223249,15589227,14955455,7891190,6704978,7456651,7700886,2048,0,124209,2728122,3039,0,16641,0,0,0,32805052,31882372,31764916,948,159012
