StartTime,StartEpoch,EndTime,EndEpoch,CPULoad1m,CPULoad5m,CPULoad5m,NetDevRX,NetDevTX,IRQens2-0,IRQens2-1,IRQens2-2,IRQens2-3,IRQens2-4,IRQens2-5,IRQens2-6,IRQens2-7,user,nice,system,idle,iowait,irq,softirq,steal,guest,guest_nice,MemTotal,MemFree,MemAvailable,Buffers,Cached
2018-05-09_12-06-16.178234904,1525860376.179629584,2018-05-09_12-06-16.182678037,1525860376.184016854,0.09,0.92,1.14,843246514,691272708500,1519221,2238186,1578406,1985652,1536066,1994987,1394097,879035,419323,13,2611154,38484500,30562,0,6163,0,340813,0,32805052,13484088,13792872,912,633968
2018-05-09_12-06-46.218071677,1525860406.219606994,2018-05-09_12-06-46.222697202,1525860406.224049571,0.64,0.98,1.15,843246514,691272708500,1519221,2238186,1578406,1985652,1536066,1994987,1394097,879035,422476,13,2613143,38503249,30563,0,6164,0,343955,0,32805052,13484444,13793236,912,633976
2018-05-09_12-07-16.258345661,1525860436.259786574,2018-05-09_12-07-16.262893103,1525860436.264248009,0.91,1.01,1.16,843246514,691272708500,1519221,2238186,1578406,1985652,1536066,1994987,1394097,879035,424572,13,2615529,38523088,30567,0,6165,0,346040,0,32805052,13484428,13793224,912,633980
2018-05-09_12-07-46.298435284,1525860466.299844892,2018-05-09_12-07-46.302900555,1525860466.304246242,1.20,1.07,1.17,843246514,691272708500,1519221,2238186,1578406,1985652,1536066,1994987,1394097,879035,427716,13,2617402,38541929,30573,0,6166,0,349176,0,32805052,13484464,13793520,912,633980
2018-05-09_12-08-16.338649905,1525860496.340198122,2018-05-09_12-08-16.343308887,1525860496.344669054,1.37,1.13,1.19,843246514,691272708500,1519221,2238186,1578406,1985652,1536066,1994987,1394097,879035,430998,13,2619256,38560688,30576,0,6167,0,352448,0,32805052,13496808,13805304,912,633972
2018-05-09_12-08-46.379031284,1525860526.380724896,2018-05-09_12-08-46.383945860,1525860526.385368416,1.62,1.21,1.22,843246514,691272708500,1519221,2238186,1578406,1985652,1536066,1994987,1394097,879035,434131,13,2621296,38579402,30577,0,6168,0,355573,0,32805052,13495980,13804772,912,633972
2018-05-09_12-09-16.420388645,1525860556.421782515,2018-05-09_12-09-16.424817242,1525860556.426153259,1.55,1.24,1.23,843246514,691272708500,1519221,2238186,1578406,1985652,1536066,1994987,1394097,879035,436181,13,2623687,38599258,30579,0,6169,0,357615,0,32805052,13496952,13805480,912,633972
2018-05-09_12-09-46.460226625,1525860586.461617164,2018-05-09_12-09-46.464627994,1525860586.465954093,1.65,1.30,1.24,843246514,691272708500,1519221,2238186,1578406,1985652,1536066,1994987,1394097,879035,439381,13,2625743,38617911,30580,0,6170,0,360807,0,32805052,13497896,13806688,912,633972
2018-05-09_12-10-16.500101658,1525860616.501693519,2018-05-09_12-10-16.504780970,1525860616.506119012,1.64,1.33,1.26,843246514,691272708500,1519221,2238186,1578406,1985652,1536066,1994987,1394097,879035,442670,13,2627687,38636606,30583,0,6171,0,364087,0,32805052,13498080,13807140,912,633980
2018-05-09_12-10-46.540142926,1525860646.541543663,2018-05-09_12-10-46.544582728,1525860646.545909322,1.52,1.33,1.26,843246514,691272708500,1519221,2238186,1578406,1985652,1536066,1994987,1394097,879035,444712,13,2630075,38656439,30586,0,6171,0,366121,0,32805052,13498136,13806940,912,633984
2018-05-09_12-11-16.579740010,1525860676.581138705,2018-05-09_12-11-16.584179348,1525860676.585529368,1.71,1.40,1.28,843246514,691272708500,1519221,2238186,1578406,1985652,1536066,1994987,1394097,879035,448022,13,2632115,38675045,30587,0,6172,0,369422,0,32805052,13498352,13807156,912,633984
2018-05-09_12-11-46.619313672,1525860706.620713061,2018-05-09_12-11-46.623732850,1525860706.625076629,1.61,1.41,1.29,843246514,691272708500,1519221,2238186,1578406,1985652,1536066,1994987,1394097,879035,451482,13,2633779,38694125,30590,0,6174,0,372874,0,32805052,13497596,13806404,912,633988
2018-05-09_12-12-16.659237572,1525860736.660806681,2018-05-09_12-12-16.663876041,1525860736.665210063,1.54,1.41,1.30,843246514,691272708500,1519221,2238186,1578406,1985652,1536066,1994987,1394097,879035,454763,13,2635846,38712754,30593,0,6175,0,376145,0,32805052,13497264,13806072,912,633988
2018-05-09_12-12-46.699546333,1525860766.700949868,2018-05-09_12-12-46.703983921,1525860766.705322680,1.46,1.41,1.30,843246514,691272708500,1519221,2238186,1578406,1985652,1536066,1994987,1394097,879035,456769,13,2638181,38732619,30597,0,6176,0,378141,0,32805052,13496704,13805512,912,633988
2018-05-09_12-13-16.739591907,1525860796.741141532,2018-05-09_12-13-16.744246011,1525860796.745595675,1.60,1.45,1.32,843246514,691272708500,1519221,2238186,1578406,1985652,1536066,1994987,1394097,879035,460124,13,2640321,38751105,30597,0,6176,0,381487,0,32805052,13484780,13793600,912,634000
2018-05-09_12-13-46.780931099,1525860826.782782126,2018-05-09_12-13-46.786370005,1525860826.787912175,1.62,1.47,1.33,843246514,691272708500,1519221,2238186,1578406,1985652,1536066,1994987,1394097,879035,463468,13,2642099,38770076,30601,0,6177,0,384818,0,32805052,13481624,13790448,912,634004
2018-05-09_12-14-16.825108599,1525860856.826600148,2018-05-09_12-14-16.829677839,1525860856.831032499,1.71,1.50,1.34,843246514,691272708500,1519221,2238186,1578406,1985652,1536066,1994987,1394097,879035,466765,13,2643855,38789019,30606,0,6178,0,388108,0,32805052,13484056,13792880,912,634004
2018-05-09_12-14-46.866095744,1525860886.867520381,2018-05-09_12-14-46.870586513,1525860886.871933231,1.78,1.53,1.36,843246514,691272708500,1519221,2238186,1578406,1985652,1536066,1994987,1394097,879035,468713,13,2646252,38808867,30609,0,6178,0,390044,0,32805052,13483640,13792468,912,634008
2018-05-09_12-15-16.906210099,1525860916.907631322,2018-05-09_12-15-16.910729562,1525860916.912076547,1.87,1.58,1.38,843246514,691272708500,1519221,2238186,1578406,1985652,1536066,1994987,1394097,879035,472037,13,2648266,38827535,30614,0,6180,0,393356,0,32805052,13483640,13792468,912,634012
2018-05-09_12-15-46.946546434,1525860946.948023926,2018-05-09_12-15-46.951091752,1525860946.952453134,1.84,1.60,1.39,843246514,691272708500,1519221,2238186,1578406,1985652,1536066,1994987,1394097,879035,475364,13,2650273,38846212,30618,0,6181,0,396673,0,32805052,13483412,13792240,912,634012
2018-05-09_12-16-16.986858858,1525860976.988505235,2018-05-09_12-16-16.991628567,1525860976.992983071,1.75,1.61,1.40,843246514,691272708500,1519221,2238186,1578406,1985652,1536066,1994987,1394097,879035,478748,13,2652254,38864915,30619,0,6182,0,400050,0,32805052,13496308,13805136,912,634008
2018-05-09_12-16-47.027412882,1525861007.029024602,2018-05-09_12-16-47.032135555,1525861007.033489384,1.58,1.58,1.40,843246514,691272708500,1519221,2238186,1578406,1985652,1536066,1994987,1394097,879035,480670,13,2654595,38884786,30622,0,6183,0,401960,0,32805052,13496988,13805816,912,634008
2018-05-09_12-17-17.067864727,1525861037.069278673,2018-05-09_12-17-17.072353481,1525861037.073709138,1.75,1.62,1.42,843246514,691272708500,1519221,2238186,1578406,1985652,1536066,1994987,1394097,879035,483994,13,2656514,38903631,30624,0,6183,0,405276,0,32805052,13497384,13806212,912,634008
2018-05-09_12-17-47.107786033,1525861067.109198865,2018-05-09_12-17-47.112257383,1525861067.113614976,1.78,1.64,1.43,843246514,691272708500,1519221,2238186,1578406,1985652,1536066,1994987,1394097,879035,487391,13,2658393,38922367,30626,0,6184,0,408665,0,32805052,13496584,13805412,912,634008
2018-05-09_12-18-17.147903705,1525861097.149606426,2018-05-09_12-18-17.152895855,1525861097.154350863,1.72,1.64,1.44,843246514,691272708500,1519221,2238186,1578406,1985652,1536066,1994987,1394097,879035,490745,13,2660341,38941124,30627,0,6185,0,412010,0,32805052,13496148,13805236,912,634008
2018-05-09_12-18-47.190181418,1525861127.191587610,2018-05-09_12-18-47.194629682,1525861127.195963140,1.83,1.68,1.46,843246514,691272708500,1519221,2238186,1578406,1985652,1536066,1994987,1394097,879035,494199,13,2662249,38959772,30629,0,6187,0,415454,0,32805052,13497108,13805580,912,634008
2018-05-09_12-19-17.230525681,1525861157.232102935,2018-05-09_12-19-17.235178647,1525861157.236527249,1.75,1.68,1.46,843246514,691272708500,1519221,2238186,1578406,1985652,1536066,1994987,1394097,879035,497618,13,2664186,38978445,30630,0,6187,0,418862,0,32805052,13497448,13806276,912,634008
2018-05-09_12-19-47.271004937,1525861187.272513077,2018-05-09_12-19-47.275576690,1525861187.276907344,1.59,1.64,1.46,843246514,691272708500,1519221,2238186,1578406,1985652,1536066,1994987,1394097,879035,499468,13,2666513,38998326,30630,0,6189,0,420703,0,32805052,13496604,13805692,912,634008
2018-05-09_12-20-17.311293798,1525861217.312815773,2018-05-09_12-20-17.315908492,1525861217.317246916,1.68,1.66,1.47,843246514,691272708500,1519221,2238186,1578406,1985652,1536066,1994987,1394097,879035,502822,13,2668742,39016810,30631,0,6189,0,424047,0,32805052,13497376,13805952,912,634020
2018-05-09_12-20-47.351345577,1525861247.353089582,2018-05-09_12-20-47.356376926,1525861247.357733308,1.66,1.66,1.48,843246514,691272708500,1519221,2238186,1578406,1985652,1536066,1994987,1394097,879035,506218,13,2670738,39035507,30637,0,6190,0,427434,0,32805052,13496036,13804880,912,634024
2018-05-09_12-21-17.392202619,1525861277.393715892,2018-05-09_12-21-17.396823184,1525861277.398159984,1.72,1.68,1.49,843246514,691272708500,1519221,2238186,1578406,1985652,1536066,1994987,1394097,879035,509584,13,2672941,39054081,30640,0,6191,0,430791,0,32805052,13484372,13793220,912,634032
2018-05-09_12-21-47.432776707,1525861307.434387134,2018-05-09_12-21-47.437494069,1525861307.438853714,1.57,1.64,1.49,843246514,691272708500,1519221,2238186,1578406,1985652,1536066,1994987,1394097,879035,511447,13,2675288,39073925,30643,0,6192,0,432642,0,32805052,13482772,13791252,912,634036
2018-05-09_12-22-17.474198878,1525861337.475699877,2018-05-09_12-22-17.478768682,1525861337.480099169,1.66,1.66,1.50,843246514,691272708500,1519221,2238186,1578406,1985652,1536066,1994987,1394097,879035,514708,13,2677580,39092458,30647,0,6192,0,435896,0,32805052,13483396,13792248,912,634036
2018-05-09_12-22-47.514194541,1525861367.515601829,2018-05-09_12-22-47.518628156,1525861367.519950182,1.79,1.69,1.51,843246514,691272708500,1519221,2238186,1578406,1985652,1536066,1994987,1394097,879035,518083,13,2679963,39110785,30648,0,6194,0,439260,0,32805052,13482868,13791720,912,634036
2018-05-09_12-23-17.554127769,1525861397.555741948,2018-05-09_12-23-17.558852473,1525861397.560198656,1.79,1.71,1.52,843246514,691272708500,1519221,2238186,1578406,1985652,1536066,1994987,1394097,879035,521473,13,2681781,39129704,30651,0,6195,0,442640,0,32805052,13483124,13791980,912,634040
2018-05-09_12-23-47.594391275,1525861427.595958818,2018-05-09_12-23-47.599014544,1525861427.600348611,1.73,1.70,1.53,843246514,691272708500,1519221,2238186,1578406,1985652,1536066,1994987,1394097,879035,523309,13,2684095,39149561,30655,0,6195,0,444466,0,32805052,13483308,13792164,912,634040
2018-05-09_12-24-17.634515549,1525861457.636035822,2018-05-09_12-24-17.639358576,1525861457.640696222,1.76,1.71,1.54,843246514,691272708500,1519221,2238186,1578406,1985652,1536066,1994987,1394097,879035,526665,13,2686093,39168296,30657,0,6196,0,447813,0,32805052,13496136,13804988,912,634032
2018-05-09_12-24-47.675274015,1525861487.676872101,2018-05-09_12-24-47.679943474,1525861487.681508636,1.65,1.69,1.54,843246514,691272708500,1519221,2238186,1578406,1985652,1536066,1994987,1394097,879035,530090,13,2688020,39187073,30659,0,6197,0,451229,0,32805052,13496756,13805608,912,634032
2018-05-09_12-25-17.716074231,1525861517.717694388,2018-05-09_12-25-17.720929954,1525861517.722354261,1.71,1.71,1.54,843246514,691272708500,1519221,2238186,1578406,1985652,1536066,1994987,1394097,879035,533497,13,2689931,39205892,30660,0,6198,0,454628,0,32805052,13496432,13805284,912,634032
2018-05-09_12-25-47.757729394,1525861547.759235377,2018-05-09_12-25-47.762299059,1525861547.763655327,1.50,1.66,1.53,843246514,691272708500,1519221,2238186,1578406,1985652,1536066,1994987,1394097,879035,535302,13,2692272,39225740,30661,0,6199,0,456423,0,32805052,13495972,13804824,912,634032
2018-05-09_12-26-17.797760864,1525861577.799577494,2018-05-09_12-26-17.802900286,1525861577.804307605,1.45,1.63,1.53,843246514,691272708500,1519221,2238186,1578406,1985652,1536066,1994987,1394097,879035,537050,13,2694661,39245600,30668,0,6200,0,458163,0,32805052,13496228,13805340,912,634032
2018-05-09_12-26-47.839879591,1525861607.841387042,2018-05-09_12-26-47.844529893,1525861607.845865664,1.59,1.64,1.54,843246514,691272708500,1519221,2238186,1578406,1985652,1536066,1994987,1394097,879035,540299,13,2696708,39264376,30669,0,6201,0,461405,0,32805052,13496700,13805552,912,634032
2018-05-09_12-27-17.880418180,1525861637.882001503,2018-05-09_12-27-17.885065829,1525861637.886399085,1.60,1.65,1.54,843246514,691272708500,1519221,2238186,1578406,1985652,1536066,1994987,1394097,879035,543626,13,2698717,39283138,30670,0,6202,0,464724,0,32805052,13497160,13806016,912,634036
2018-05-09_12-27-47.920636814,1525861667.922041759,2018-05-09_12-27-47.925066277,1525861667.926413074,1.69,1.66,1.55,843246514,691272708500,1519221,2238186,1578406,1985652,1536066,1994987,1394097,879035,546890,13,2700760,39301883,30670,0,6203,0,467978,0,32805052,13497916,13806772,912,634036
2018-05-09_12-28-17.960528538,1525861697.962022855,2018-05-09_12-28-17.965062918,1525861697.966402534,1.56,1.63,1.54,843246514,691272708500,1519221,2238186,1578406,1985652,1536066,1994987,1394097,879035,548725,13,2703082,39321723,30670,0,6203,0,469805,0,32805052,13497644,13806500,912,634036
2018-05-09_12-28-48.000461666,1525861728.002038482,2018-05-09_12-28-48.005102050,1525861728.006454474,1.73,1.67,1.56,843246514,691272708500,1519221,2238186,1578406,1985652,1536066,1994987,1394097,879035,551987,13,2705255,39340288,30671,0,6205,0,473058,0,32805052,13497720,13806576,912,634036
2018-05-09_12-29-18.041009835,1525861758.042641152,2018-05-09_12-29-18.045762636,1525861758.047107421,1.73,1.67,1.56,843246514,691272708500,1519221,2238186,1578406,1985652,1536066,1994987,1394097,879035,555266,13,2707290,39359011,30673,0,6205,0,476329,0,32805052,13484780,13793640,912,634048
2018-05-09_12-29-48.081779424,1525861788.083189887,2018-05-09_12-29-48.086262164,1525861788.087595715,1.69,1.67,1.56,843246514,691272708500,1519221,2238186,1578406,1985652,1536066,1994987,1394097,879035,558543,13,2709252,39377784,30676,0,6207,0,479595,0,32805052,13483560,13792424,912,634052
2018-05-09_12-30-18.122110310,1525861818.123703298,2018-05-09_12-30-18.126793715,1525861818.128127284,1.53,1.63,1.56,843246514,691272708500,1519221,2238186,1578406,1985652,1536066,1994987,1394097,879035,560375,13,2711557,39397624,30681,0,6208,0,481418,0,32805052,13483988,13792864,912,634060
2018-05-09_12-30-48.162613189,1525861848.164226330,2018-05-09_12-30-48.167310974,1525861848.168656301,1.51,1.62,1.56,843246514,691272708500,1519221,2238186,1578406,1985652,1536066,1994987,1394097,879035,563606,13,2713355,39416643,30685,0,6209,0,484639,0,32805052,13482992,13791872,912,634064
2018-05-09_12-31-18.202936123,1525861878.204673812,2018-05-09_12-31-18.207866119,1525861878.209225699,1.70,1.66,1.57,843246514,691272708500,1519221,2238186,1578406,1985652,1536066,1994987,1394097,879035,566831,13,2715557,39435229,30686,0,6210,0,487856,0,32805052,13483196,13792076,912,634064
2018-05-09_12-31-48.243373169,1525861908.244776298,2018-05-09_12-31-48.247823383,1525861908.249162830,1.66,1.66,1.57,843246514,691272708500,1519221,2238186,1578406,1985652,1536066,1994987,1394097,879035,570088,13,2717844,39453699,30694,0,6210,0,491103,0,32805052,13483940,13793080,912,634064
2018-05-09_12-32-18.283715147,1525861938.285222993,2018-05-09_12-32-18.288313397,1525861938.289672896,1.60,1.64,1.57,843246514,691272708500,1519221,2238186,1578406,1985652,1536066,1994987,1394097,879035,571903,13,2720146,39473535,30696,0,6211,0,492912,0,32805052,13496868,13805468,912,634060
2018-05-09_12-32-48.323977204,1525861968.325613548,2018-05-09_12-32-48.328715429,1525861968.330055885,1.64,1.64,1.58,843246514,691272708500,1519221,2238186,1578406,1985652,1536066,1994987,1394097,879035,575040,13,2722117,39492447,30697,0,6212,0,496038,0,32805052,13496168,13805048,912,634060
2018-05-09_12-33-18.364414180,1525861998.366021887,2018-05-09_12-33-18.369364781,1525861998.370950108,1.73,1.66,1.59,843246514,691272708500,1519221,2238186,1578406,1985652,1536066,1994987,1394097,879035,578344,13,2724042,39511218,30699,0,6213,0,499334,0,32805052,13496124,13805004,912,634060
2018-05-09_12-33-48.405349517,1525862028.406831871,2018-05-09_12-33-48.409895958,1525862028.411238569,1.83,1.70,1.60,843246514,691272708500,1519221,2238186,1578406,1985652,1536066,1994987,1394097,879035,581627,13,2725974,39530012,30701,0,6214,0,502609,0,32805052,13497032,13805648,912,634060
2018-05-09_12-34-18.445556298,1525862058.447029561,2018-05-09_12-34-18.450093274,1525862058.451444299,1.70,1.68,1.59,843246514,691272708500,1519221,2238186,1578406,1985652,1536066,1994987,1394097,879035,584898,13,2727858,39548845,30704,0,6215,0,505874,0,32805052,13497080,13805964,912,634064
2018-05-09_12-34-48.485738744,1525862088.487346722,2018-05-09_12-34-48.490441949,1525862088.491879077,1.67,1.68,1.60,843246514,691272708500,1519221,2238186,1578406,1985652,1536066,1994987,1394097,879035,588160,13,2729796,39567621,30709,0,6216,0,509129,0,32805052,13496376,13805260,912,634064
2018-05-09_12-35-18.526187004,1525862118.527668054,2018-05-09_12-35-18.530748400,1525862118.532086758,1.80,1.71,1.61,843246514,691272708500,1519221,2238186,1578406,1985652,1536066,1994987,1394097,879035,591492,13,2731649,39586392,30710,0,6217,0,512453,0,32805052,13496652,13805536,912,634064
2018-05-09_12-35-48.566532386,1525862148.568144482,2018-05-09_12-35-48.571234464,1525862148.572582197,1.67,1.69,1.60,843246514,691272708500,1519221,2238186,1578406,1985652,1536066,1994987,1394097,879035,593316,13,2733940,39606211,30713,0,6218,0,514268,0,32805052,13496992,13806136,912,634064
2018-05-09_12-36-18.607584328,1525862178.609067873,2018-05-09_12-36-18.612129439,1525862178.613474957,1.60,1.67,1.60,843246514,691272708500,1519221,2238186,1578406,1985652,1536066,1994987,1394097,879035,596448,13,2735987,39625005,30713,0,6218,0,517391,0,32805052,13497088,13805972,912,634064
2018-05-09_12-36-48.648130716,1525862208.649539001,2018-05-09_12-36-48.652582734,1525862208.653923452,1.68,1.68,1.60,843246514,691272708500,1519221,2238186,1578406,1985652,1536066,1994987,1394097,879035,599756,13,2738083,39643569,30718,0,6219,0,520690,0,32805052,13496248,13805132,912,634064
2018-05-09_12-37-18.688358361,1525862238.689778304,2018-05-09_12-37-18.692905330,1525862238.694251856,1.74,1.70,1.61,843246514,691272708500,1519221,2238186,1578406,1985652,1536066,1994987,1394097,879035,603003,13,2740122,39662265,30718,0,6220,0,523927,0,32805052,13484524,13793412,912,634072
2018-05-09_12-37-48.728933284,1525862268.730452410,2018-05-09_12-37-48.733558586,1525862268.734906773,1.58,1.66,1.60,843246514,691272708500,1519221,2238186,1578406,1985652,1536066,1994987,1394097,879035,604824,13,2742414,39682071,30721,0,6221,0,525738,0,32805052,13483776,13792664,912,634076
2018-05-09_12-38-18.769339724,1525862298.770825528,2018-05-09_12-38-18.773892148,1525862298.775235726,1.67,1.68,1.61,843246514,691272708500,1519221,2238186,1578406,1985652,1536066,1994987,1394097,879035,607966,13,2744599,39700702,30726,0,6222,0,528872,0,32805052,13483932,13792824,912,634076
2018-05-09_12-38-48.809331188,1525862328.811009176,2018-05-09_12-38-48.814320960,1525862328.815678041,1.80,1.71,1.62,843246514,691272708500,1519221,2238186,1578406,1985652,1536066,1994987,1394097,879035,611138,13,2746954,39719130,30728,0,6223,0,532035,0,32805052,13482960,13791512,912,634076
2018-05-09_12-39-18.850363381,1525862358.851871722,2018-05-09_12-39-18.854985209,1525862358.856344952,1.88,1.74,1.63,843246514,691272708500,1519221,2238186,1578406,1985652,1536066,1994987,1394097,879035,614346,13,2749285,39737555,30731,0,6223,0,535233,0,32805052,13482336,13791216,912,634080
2018-05-09_12-39-48.890946009,1525862388.892659192,2018-05-09_12-39-48.895902053,1525862388.897312092,1.77,1.73,1.63,843246514,691272708500,1519221,2238186,1578406,1985652,1536066,1994987,1394097,879035,616140,13,2751586,39757374,30731,0,6224,0,537019,0,32805052,13481748,13790904,912,634080
2018-05-09_12-40-18.932670887,1525862418.934197864,2018-05-09_12-40-18.937315516,1525862418.938661973,1.78,1.74,1.64,843246514,691272708500,1519221,2238186,1578406,1985652,1536066,1994987,1394097,879035,619291,13,2753556,39776200,30737,0,6225,0,540160,0,32805052,13495668,13804568,912,634080
2018-05-09_12-40-48.972863335,1525862448.974458412,2018-05-09_12-40-48.977522337,1525862448.978852236,1.67,1.72,1.63,843246514,691272708500,1519221,2238186,1578406,1985652,1536066,1994987,1394097,879035,622436,13,2755395,39795089,30740,0,6225,0,543297,0,32805052,13498080,13806984,912,634084
2018-05-09_12-41-19.013062262,1525862479.014746542,2018-05-09_12-41-19.018002671,1525862479.019425487,1.72,1.73,1.64,843246514,691272708500,1519221,2238186,1578406,1985652,1536066,1994987,1394097,879035,625647,13,2757700,39813527,30742,0,6226,0,546500,0,32805052,13498040,13806944,912,634088
2018-05-09_12-41-49.054873108,1525862509.056577996,2018-05-09_12-41-49.059879024,1525862509.061277254,1.63,1.70,1.64,843246514,691272708500,1519221,2238186,1578406,1985652,1536066,1994987,1394097,879035,627470,13,2759977,39833345,30743,0,6227,0,548316,0,32805052,13496936,13805844,912,634088
2018-05-09_12-42-19.095529669,1525862539.097131443,2018-05-09_12-42-19.100209205,1525862539.101553966,1.44,1.65,1.62,843246514,691272708500,1519221,2238186,1578406,1985652,1536066,1994987,1394097,879035,629218,13,2762298,39853193,30745,0,6228,0,550056,0,32805052,13497536,13806444,912,634088
2018-05-09_12-42-49.135733094,1525862569.137227508,2018-05-09_12-42-49.140287332,1525862569.141645756,1.51,1.65,1.62,843246514,691272708500,1519221,2238186,1578406,1985652,1536066,1994987,1394097,879035,632223,13,2764241,39872106,30745,0,6228,0,553053,0,32805052,13497648,13806556,912,634088
2018-05-09_12-43-19.175806200,1525862599.177533283,2018-05-09_12-43-19.180762726,1525862599.182199934,1.65,1.67,1.63,843246514,691272708500,1519221,2238186,1578406,1985652,1536066,1994987,1394097,879035,635379,13,2766126,39890943,30747,0,6229,0,556202,0,32805052,13494796,13803964,912,634088
2018-05-09_12-43-49.217659452,1525862629.219247980,2018-05-09_12-43-49.222319478,1525862629.223674039,1.67,1.67,1.63,843246514,691272708500,1519221,2238186,1578406,1985652,1536066,1994987,1394097,879035,638455,13,2767978,39909811,30748,0,6229,0,559270,0,32805052,13496080,13804988,912,634088
2018-05-09_12-44-19.257859567,1525862659.259363757,2018-05-09_12-44-19.262419508,1525862659.263746277,1.60,1.65,1.62,843246514,691272708500,1519221,2238186,1578406,1985652,1536066,1994987,1394097,879035,640293,13,2770265,39929618,30749,0,6230,0,561100,0,32805052,13496504,13805412,912,634088
2018-05-09_12-44-49.298234028,1525862689.299925793,2018-05-09_12-44-49.303428698,1525862689.304781372,1.69,1.67,1.63,843246514,691272708500,1519221,2238186,1578406,1985652,1536066,1994987,1394097,879035,643291,13,2772371,39948383,30749,0,6231,0,564090,0,32805052,13495760,13804668,912,634088
2018-05-09_12-45-19.339152125,1525862719.340676452,2018-05-09_12-45-19.343782256,1525862719.345133948,1.59,1.65,1.63,843246514,691272708500,1519221,2238186,1578406,1985652,1536066,1994987,1394097,879035,646384,13,2774373,39967119,30750,0,6232,0,567173,0,32805052,13483864,13792620,912,634100
2018-05-09_12-45-49.379632319,1525862749.381357721,2018-05-09_12-45-49.384604666,1525862749.385950771,1.77,1.69,1.64,843246514,691272708500,1519221,2238186,1578406,1985652,1536066,1994987,1394097,879035,649500,13,2776453,39985762,30756,0,6233,0,570278,0,32805052,13483032,13792144,912,634100
2018-05-09_12-46-19.420381420,1525862779.421953770,2018-05-09_12-46-19.425045149,1525862779.426388231,1.73,1.69,1.64,843246514,691272708500,1519221,2238186,1578406,1985652,1536066,1994987,1394097,879035,651333,13,2778733,40005556,30760,0,6233,0,572103,0,32805052,13483368,13792220,912,634100
2018-05-09_12-46-49.461106323,1525862809.462515037,2018-05-09_12-46-49.465557637,1525862809.466886861,1.78,1.70,1.65,843246514,691272708500,1519221,2238186,1578406,1985652,1536066,1994987,1394097,879035,654370,13,2781075,40024098,30763,0,6234,0,575129,0,32805052,13482296,13791152,912,634104
2018-05-09_12-47-19.501541455,1525862839.503064544,2018-05-09_12-47-19.506167071,1525862839.507510324,1.82,1.71,1.65,843246514,691272708500,1519221,2238186,1578406,1985652,1536066,1994987,1394097,879035,657557,13,2783103,40042736,30763,0,6235,0,578305,0,32805052,13482968,13792088,912,634108
2018-05-09_12-47-49.542244314,1525862869.543847122,2018-05-09_12-47-49.546919962,1525862869.548263368,1.82,1.73,1.66,843246514,691272708500,1519221,2238186,1578406,1985652,1536066,1994987,1394097,879035,660886,13,2785219,40061194,30767,0,6236,0,581625,0,32805052,13480964,13789468,912,634108
2018-05-09_12-48-19.582610498,1525862899.584201323,2018-05-09_12-48-19.587309383,1525862899.588660154,1.64,1.69,1.65,843246514,691272708500,1519221,2238186,1578406,1985652,1536066,1994987,1394097,879035,662760,13,2787498,40080979,30770,0,6237,0,583491,0,32805052,13494904,13804024,912,634104
2018-05-09_12-48-49.623181124,1525862929.624686539,2018-05-09_12-48-49.627742814,1525862929.629074002,1.56,1.67,1.65,843246514,691272708500,1519221,2238186,1578406,1985652,1536066,1994987,1394097,879035,665861,13,2789156,40100040,30771,0,6238,0,586585,0,32805052,13494868,13803728,912,634104
2018-05-09_12-49-19.663267748,1525862959.664775446,2018-05-09_12-49-19.667833298,1525862959.669160106,1.58,1.67,1.65,843246514,691272708500,1519221,2238186,1578406,1985652,1536066,1994987,1394097,879035,668923,13,2791105,40118740,30773,0,6238,0,589638,0,32805052,13496420,13805280,912,634104
2018-05-09_12-49-49.705688917,1525862989.707169944,2018-05-09_12-49-49.710267760,1525862989.711623799,1.59,1.67,1.65,843246514,691272708500,1519221,2238186,1578406,1985652,1536066,1994987,1394097,879035,672020,13,2793213,40137285,30775,0,6239,0,592726,0,32805052,13495812,13804672,912,634104
2018-05-09_12-50-19.745731201,1525863019.747160397,2018-05-09_12-50-19.750255440,1525863019.751612585,1.55,1.65,1.64,843246514,691272708500,1519221,2238186,1578406,1985652,1536066,1994987,1394097,879035,674926,13,2795054,40156078,30777,0,6239,0,595625,0,32805052,13496180,13805048,912,634112
2018-05-09_12-50-49.785951751,1525863049.787671338,2018-05-09_12-50-49.790900737,1525863049.792343847,1.65,1.67,1.65,843246514,691272708500,1519221,2238186,1578406,1985652,1536066,1994987,1394097,879035,677956,13,2796828,40174945,30781,0,6240,0,598647,0,32805052,13496168,13805036,912,634112
2018-05-09_12-51-19.827128599,1525863079.828633278,2018-05-09_12-51-19.831705503,1525863079.833057453,1.45,1.62,1.64,843246514,691272708500,1519221,2238186,1578406,1985652,1536066,1994987,1394097,879035,679888,13,2799099,40194736,30784,0,6241,0,600570,0,32805052,13496336,13805204,912,634112
2018-05-09_12-51-49.867319079,1525863109.868929301,2018-05-09_12-51-49.872046374,1525863109.873396052,1.46,1.61,1.63,843246514,691272708500,1519221,2238186,1578406,1985652,1536066,1994987,1394097,879035,682818,13,2800947,40213710,30788,0,6242,0,603492,0,32805052,13496704,13805572,912,634112
2018-05-09_12-52-19.907450935,1525863139.909236070,2018-05-09_12-52-19.912595792,1525863139.914005286,1.46,1.60,1.63,843246514,691272708500,1519221,2238186,1578406,1985652,1536066,1994987,1394097,879035,685915,13,2802838,40232471,30789,0,6243,0,606583,0,32805052,13495880,13804748,912,634112
2018-05-09_12-52-49.949367486,1525863169.950884028,2018-05-09_12-52-49.953930849,1525863169.955274641,1.65,1.63,1.64,843246514,691272708500,1519221,2238186,1578406,1985652,1536066,1994987,1394097,879035,689103,13,2804814,40251116,30792,0,6244,0,609762,0,32805052,13497108,13805976,912,634112
2018-05-09_12-53-19.989456904,1525863199.991070553,2018-05-09_12-53-19.994189462,1525863199.995547533,1.53,1.61,1.63,843246514,691272708500,1519221,2238186,1578406,1985652,1536066,1994987,1394097,879035,691129,13,2807042,40270921,30795,0,6245,0,611780,0,32805052,13484272,13793148,912,634124
2018-05-09_12-53-50.029685227,1525863230.031317000,2018-05-09_12-53-50.034417948,1525863230.035757371,1.64,1.63,1.63,843246514,691272708500,1519221,2238186,1578406,1985652,1536066,1994987,1394097,879035,693847,13,2809087,40289739,30797,0,6245,0,614487,0,32805052,13482264,13791140,912,634124
2018-05-09_12-54-20.070049729,1525863260.071683226,2018-05-09_12-54-20.074765515,1525863260.076106052,1.63,1.63,1.64,843246514,691272708500,1519221,2238186,1578406,1985652,1536066,1994987,1394097,879035,696804,13,2811036,40308464,30799,0,6246,0,617435,0,32805052,13483936,13793072,912,634124
2018-05-09_12-54-50.110314007,1525863290.111825821,2018-05-09_12-54-50.114891793,1525863290.116228172,1.68,1.65,1.64,843246514,691272708500,1519221,2238186,1578406,1985652,1536066,1994987,1394097,879035,699944,13,2812964,40327155,30801,0,6247,0,620562,0,32805052,13483660,13792540,912,634128
2018-05-09_12-55-20.150440829,1525863320.152058121,2018-05-09_12-55-20.155172433,1525863320.156526739,1.55,1.62,1.63,843246514,691272708500,1519221,2238186,1578406,1985652,1536066,1994987,1394097,879035,702013,13,2815242,40346900,30806,0,6248,0,622622,0,32805052,13483844,13792464,912,634136
2018-05-09_12-55-50.190536663,1525863350.191934920,2018-05-09_12-55-50.194960670,1525863350.196309198,1.52,1.61,1.63,843246514,691272708500,1519221,2238186,1578406,1985652,1536066,1994987,1394097,879035,705056,13,2817053,40365864,30813,0,6249,0,625657,0,32805052,13483340,13792232,912,634144
2018-05-09_12-56-20.230499519,1525863380.232124516,2018-05-09_12-56-20.235236536,1525863380.236588703,1.56,1.61,1.63,843246514,691272708500,1519221,2238186,1578406,1985652,1536066,1994987,1394097,879035,708100,13,2819000,40384581,30814,0,6250,0,628693,0,32805052,13493868,13802756,912,634136
2018-05-09_12-56-50.270967154,1525863410.272712504,2018-05-09_12-56-50.275794831,1525863410.277132275,1.72,1.65,1.64,843246514,691272708500,1519221,2238186,1578406,1985652,1536066,1994987,1394097,879035,711081,13,2821191,40403127,30819,0,6251,0,631666,0,32805052,13495884,13804400,912,634136
2018-05-09_12-57-20.311256209,1525863440.312757966,2018-05-09_12-57-20.315831701,1525863440.317181815,1.58,1.62,1.63,843246514,691272708500,1519221,2238186,1578406,1985652,1536066,1994987,1394097,879035,713045,13,2823425,40422937,30820,0,6251,0,633624,0,32805052,13496636,13805524,912,634136
2018-05-09_12-57-50.351530572,1525863470.353127924,2018-05-09_12-57-50.356223485,1525863470.357594572,1.67,1.64,1.64,843246514,691272708500,1519221,2238186,1578406,1985652,1536066,1994987,1394097,879035,715922,13,2825639,40441642,30821,0,6252,0,636491,0,32805052,13495628,13804516,912,634136
2018-05-09_12-58-20.391668681,1525863500.393087158,2018-05-09_12-58-20.396146093,1525863500.397519152,1.72,1.66,1.64,843246514,691272708500,1519221,2238186,1578406,1985652,1536066,1994987,1394097,879035,718622,13,2827713,40460589,30823,0,6253,0,639183,0,32805052,13496140,13805028,912,634136
2018-05-09_12-58-50.431790430,1525863530.433551307,2018-05-09_12-58-50.436765390,1525863530.438122342,1.71,1.66,1.64,843246514,691272708500,1519221,2238186,1578406,1985652,1536066,1994987,1394097,879035,720700,13,2830026,40480376,30825,0,6254,0,641252,0,32805052,13496520,13805144,912,634136
2018-05-09_12-59-20.472121640,1525863560.473533909,2018-05-09_12-59-20.476596733,1525863560.477944775,1.75,1.67,1.65,843246514,691272708500,1519221,2238186,1578406,1985652,1536066,1994987,1394097,879035,723781,13,2832420,40498845,30827,0,6255,0,644325,0,32805052,13496628,13805516,912,634136
2018-05-09_12-59-50.511977134,1525863590.513402856,2018-05-09_12-59-50.516462873,1525863590.517816645,1.78,1.69,1.66,843246514,691272708500,1519221,2238186,1578406,1985652,1536066,1994987,1394097,879035,726916,13,2834275,40517623,30829,0,6255,0,647451,0,32805052,13496864,13805456,912,634136
2018-05-09_13-00-20.552688259,1525863620.554224206,2018-05-09_13-00-20.557341622,1525863620.558687010,1.65,1.67,1.65,843246514,691272708500,1519221,2238186,1578406,1985652,1536066,1994987,1394097,879035,730097,13,2836152,40536369,30832,0,6256,0,650624,0,32805052,13496832,13805728,912,634144
2018-05-09_13-00-50.593227880,1525863650.594747067,2018-05-09_13-00-50.597807430,1525863650.599150275,1.72,1.69,1.66,843246514,691272708500,1519221,2238186,1578406,1985652,1536066,1994987,1394097,879035,732413,13,2838350,40556122,30835,0,6257,0,652932,0,32805052,13496436,13805332,912,634144
2018-05-09_13-01-20.633292039,1525863680.634814305,2018-05-09_13-01-20.637915439,1525863680.639248900,1.62,1.67,1.65,843246514,691272708500,1519221,2238186,1578406,1985652,1536066,1994987,1394097,879035,735375,13,2840373,40574957,30842,0,6258,0,655881,0,32805052,13483732,13792368,912,634152
2018-05-09_13-01-50.673579355,1525863710.675212064,2018-05-09_13-01-50.678329486,1525863710.679697932,1.64,1.67,1.66,843246514,691272708500,1519221,2238186,1578406,1985652,1536066,1994987,1394097,879035,738735,13,2842539,40593347,30846,0,6259,0,659224,0,32805052,13483332,13792240,912,634160
2018-05-09_13-02-20.714101769,1525863740.715514339,2018-05-09_13-02-20.718560244,1525863740.719892928,1.56,1.65,1.65,843246514,691272708500,1519221,2238186,1578406,1985652,1536066,1994987,1394097,879035,741922,13,2844448,40612098,30849,0,6260,0,662394,0,32805052,13483936,13792752,912,634164
2018-05-09_13-02-50.754473015,1525863770.756092844,2018-05-09_13-02-50.759187075,1525863770.760541369,1.34,1.59,1.63,843246514,691272708500,1519221,2238186,1578406,1985652,1536066,1994987,1394097,879035,744156,13,2846690,40631866,30855,0,6261,0,664616,0,32805052,13482604,13791524,912,634168
2018-05-09_13-03-20.795195281,1525863800.796717072,2018-05-09_13-03-20.799819526,1525863800.801157956,1.52,1.61,1.64,843246514,691272708500,1519221,2238186,1578406,1985652,1536066,1994987,1394097,879035,747361,13,2848858,40650547,30856,0,6262,0,667812,0,32805052,13482968,13791888,912,634168
2018-05-09_13-03-50.835279463,1525863830.837031570,2018-05-09_13-03-50.840363849,1525863830.841792150,1.71,1.65,1.65,843246514,691272708500,1519221,2238186,1578406,1985652,1536066,1994987,1394097,879035,750699,13,2850631,40669306,30861,0,6263,0,671141,0,32805052,13482576,13791660,912,634168
2018-05-09_13-04-20.877506384,1525863860.879109792,2018-05-09_13-04-20.882209778,1525863860.883582431,1.70,1.65,1.65,843246514,691272708500,1519221,2238186,1578406,1985652,1536066,1994987,1394097,879035,753861,13,2852705,40687931,30862,0,6264,0,674294,0,32805052,13496128,13804784,912,634164
